0.64705884
0.63137257
0.58823532
0.66274512
0.64705884
0.65882355
0.65490198
0.64313728
0.67058825
0.69803923
0.65098041
0.64705884
0.68627453
0.69803923
0.69803923
0.70588237
0.66666669
0.66274512
0.69019610
0.65882355
0.63921571
0.62745100
0.63529414
0.63529414
0.58823532
0.56470591
0.57647061
0.57647061
0.56078434
0.57254905
0.56862748
0.54509807
0.61568630
0.57254905
0.56862748
0.66666669
0.63137257
0.62745100
0.66666669
0.67843139
0.68235296
0.69803923
0.68627453
0.64705884
0.67843139
0.71764708
0.69803923
0.73725492
0.72156864
0.66274512
0.63529414
0.52941179
0.63921571
0.64313728
0.64705884
0.64313728
0.60784316
0.59607846
0.60000002
0.57254905
0.56862748
0.57647061
0.56862748
0.53725493
0.66274512
0.62352943
0.63921571
0.62745100
0.61176473
0.60784316
0.65490198
0.70980394
0.73725492
0.80392158
0.83921570
0.81568629
0.82352942
0.79607844
0.78039217
0.78823531
0.77647060
0.66274512
0.60392159
0.41176471
0.58823532
0.63921571
0.64313728
0.63921571
0.61176473
0.61176473
0.64705884
0.63529414
0.62745100
0.58039218
0.57647061
0.56470591
0.67058825
0.69411767
0.64705884
0.60784316
0.63137257
0.62745100
0.65490198
0.69411767
0.75294119
0.79607844
0.79215688
0.82352942
0.82352942
0.75686276
0.81568629
0.81568629
0.76078433
0.69019610
0.61568630
0.34901962
0.55686277
0.69803923
0.67058825
0.56470591
0.55294120
0.62745100
0.63529414
0.64705884
0.64313728
0.59215689
0.59215689
0.59215689
0.63529414
0.65490198
0.62745100
0.61960787
0.61176473
0.62352943
0.63529414
0.67058825
0.72941178
0.74117649
0.70196080
0.70588237
0.65490198
0.67450982
0.70980394
0.73333335
0.74901962
0.80000001
0.72941178
0.41960785
0.56470591
0.80000001
0.62352943
0.35686275
0.43137255
0.66274512
0.65882355
0.66274512
0.65490198
0.62745100
0.61960787
0.57647061
0.64313728
0.64705884
0.65098041
0.66274512
0.64705884
0.66274512
0.63529414
0.64313728
0.66274512
0.70196080
0.71372551
0.71764708
0.67058825
0.68627453
0.63529414
0.69019610
0.72156864
0.78823531
0.58431375
0.43921569
0.67058825
0.77254903
0.47843137
0.28627452
0.46666667
0.70980394
0.69803923
0.69019610
0.68235296
0.67058825
0.69411767
0.57647061
0.68235296
0.67058825
0.66274512
0.67058825
0.68235296
0.67450982
0.64705884
0.63921571
0.64313728
0.69803923
0.73333335
0.73333335
0.69803923
0.70980394
0.68235296
0.70196080
0.68627453
0.68235296
0.40784314
0.23921569
0.36470589
0.46274510
0.26666668
0.23921569
0.58823532
0.72549021
0.70196080
0.63921571
0.61176473
0.65882355
0.71372551
0.60000002
0.68235296
0.68235296
0.70588237
0.72156864
0.70980394
0.70588237
0.70588237
0.74117649
0.75686276
0.72156864
0.69411767
0.71764708
0.70980394
0.75294119
0.73725492
0.71764708
0.70588237
0.66666669
0.32549021
0.27058825
0.27843139
0.29411766
0.36078432
0.56470591
0.70588237
0.71372551
0.69803923
0.60784316
0.54509807
0.61568630
0.68235296
0.63137257
0.60784316
0.63137257
0.70196080
0.69411767
0.68627453
0.72156864
0.72156864
0.78039217
0.71372551
0.59607846
0.56470591
0.61176473
0.65882355
0.72156864
0.75294119
0.80000001
0.80392158
0.61960787
0.24313726
0.21176471
0.31764707
0.40000001
0.56078434
0.76078433
0.73333335
0.71372551
0.70980394
0.63921571
0.64313728
0.67843139
0.71372551
0.65882355
0.74117649
0.68627453
0.63137257
0.64313728
0.67058825
0.70980394
0.73333335
0.67843139
0.58431375
0.58823532
0.61176473
0.60784316
0.61176473
0.61960787
0.62745100
0.69019610
0.70196080
0.43137255
0.19607843
0.21960784
0.41960785
0.51764709
0.53725493
0.69019610
0.75686276
0.74509805
0.72549021
0.70588237
0.70588237
0.70196080
0.74117649
0.67450982
0.92156863
0.83137256
0.76078433
0.84313726
0.81568629
0.86666667
0.78823531
0.52156866
0.56862748
0.61960787
0.61960787
0.61568630
0.60000002
0.60000002
0.56470591
0.51372552
0.44705883
0.27843139
0.22745098
0.36078432
0.56078434
0.61568630
0.49803922
0.60392159
0.84313726
0.84705883
0.80000001
0.79607844
0.79215688
0.78039217
0.79215688
0.67058825
0.80000001
0.80784315
0.85490197
0.85490197
0.83921570
0.86666667
0.56862748
0.45098040
0.55686277
0.60000002
0.56470591
0.57254905
0.60000002
0.58431375
0.56078434
0.44313726
0.29803923
0.27450982
0.34509805
0.46274510
0.54117650
0.60000002
0.56078434
0.58823532
0.91372550
0.94117647
0.92549020
0.92156863
0.85490197
0.90980393
0.89019608
0.77647060
0.76470590
0.77647060
0.84705883
0.77254903
0.83529413
0.74509805
0.41176471
0.51764709
0.56470591
0.59607846
0.58431375
0.58039218
0.62352943
0.59607846
0.56078434
0.37254903
0.20784314
0.34117648
0.48627451
0.48235294
0.30980393
0.40392157
0.54509807
0.58039218
0.90588236
0.95686275
0.89411765
0.82352942
0.88627452
0.92156863
0.86274511
0.80000001
0.69411767
0.69019610
0.76470590
0.74117649
0.84313726
0.63921571
0.35686275
0.60000002
0.57647061
0.60000002
0.62745100
0.62745100
0.63921571
0.61960787
0.59215689
0.37254903
0.16862746
0.45490196
0.49411765
0.25882354
0.11372549
0.26666668
0.45490196
0.61960787
0.91764706
0.95686275
0.89019608
0.81568629
0.89803922
0.86274511
0.84313726
0.80000001
0.46274510
0.53725493
0.56078434
0.54117650
0.61960787
0.50196081
0.27450982
0.47843137
0.53333336
0.59215689
0.60392159
0.60392159
0.61568630
0.63921571
0.61960787
0.47058824
0.35686275
0.51372552
0.40392157
0.22745098
0.16470589
0.25490198
0.40784314
0.74901962
0.96078432
0.96470588
0.96470588
0.98039216
0.91764706
0.91372550
0.95686275
0.87843138
0.47058824
0.47843137
0.46274510
0.45490196
0.51764709
0.36078432
0.20392157
0.38431373
0.45490196
0.56470591
0.60784316
0.59607846
0.59607846
0.63137257
0.63529414
0.56862748
0.56470591
0.57647061
0.50588238
0.38039216
0.30588236
0.33333334
0.44313726
0.75294119
0.87450981
0.90588236
0.90588236
0.89411765
0.89803922
0.94117647
0.95294118
0.89411765
0.44705883
0.47843137
0.46666667
0.49019608
0.52156866
0.32156864
0.16470589
0.36470589
0.43529412
0.53725493
0.62745100
0.59215689
0.58823532
0.58039218
0.61568630
0.60392159
0.61568630
0.60000002
0.57647061
0.47058824
0.46666667
0.50980395
0.57254905
0.62352943
0.53725493
0.59607846
0.65490198
0.64705884
0.78823531
0.80000001
0.80000001
0.88627452
0.43529412
0.45882353
0.49019608
0.47450981
0.53333336
0.34901962
0.16470589
0.33333334
0.47450981
0.48235294
0.65098041
0.56470591
0.56470591
0.57254905
0.60000002
0.61176473
0.59607846
0.58431375
0.58823532
0.50588238
0.56470591
0.64313728
0.67450982
0.57254905
0.46274510
0.51372552
0.56862748
0.54901963
0.60000002
0.56470591
0.56470591
0.63137257
0.47058824
0.43921569
0.47843137
0.46274510
0.52549022
0.36078432
0.16470589
0.29803923
0.50588238
0.40784314
0.63921571
0.56470591
0.55294120
0.63137257
0.59215689
0.60784316
0.60000002
0.60000002
0.57647061
0.51372552
0.57254905
0.65882355
0.61960787
0.57254905
0.58823532
0.61960787
0.54117650
0.53725493
0.48235294
0.46666667
0.55686277
0.51764709
0.47450981
0.47843137
0.46666667
0.46274510
0.48235294
0.41176471
0.17254902
0.27450982
0.52549022
0.38431373
0.56862748
0.60392159
0.56470591
0.65098041
0.60784316
0.61176473
0.63921571
0.60784316
0.54117650
0.53333336
0.58039218
0.63921571
0.58823532
0.54509807
0.52549022
0.57647061
0.48627451
0.49411765
0.46274510
0.42352942
0.52156866
0.53333336
0.45490196
0.47450981
0.44313726
0.48235294
0.49803922
0.44705883
0.22352941
0.30196080
0.51372552
0.40000001
0.45882353
0.58039218
0.61176473
0.63921571
0.60000002
0.60392159
0.65882355
0.54509807
0.47843137
0.53333336
0.57254905
0.60000002
0.54117650
0.54901963
0.55686277
0.59215689
0.54509807
0.55294120
0.51372552
0.48627451
0.52549022
0.56470591
0.43921569
0.46666667
0.48235294
0.48235294
0.50196081
0.46274510
0.27843139
0.36862746
0.49411765
0.39607844
0.34509805
0.44705883
0.59215689
0.66274512
0.54509807
0.54509807
0.61960787
0.43921569
0.41568628
0.49019608
0.59215689
0.58431375
0.49803922
0.52941179
0.63137257
0.64705884
0.56470591
0.56078434
0.55294120
0.50196081
0.49803922
0.52549022
0.45490196
0.44313726
0.46274510
0.46274510
0.45098040
0.48235294
0.29019609
0.45490196
0.54509807
0.44313726
0.34117648
0.32156864
0.48627451
0.57647061
0.41960785
0.38431373
0.42352942
0.34509805
0.41960785
0.49019608
0.58431375
0.53333336
0.51372552
0.51764709
0.55686277
0.56862748
0.52941179
0.51372552
0.51372552
0.52549022
0.52941179
0.50980395
0.43529412
0.42352942
0.42745098
0.41960785
0.43921569
0.47058824
0.32941177
0.52941179
0.58039218
0.52156866
0.43921569
0.28235295
0.41568628
0.54117650
0.49019608
0.45098040
0.34901962
0.32941177
0.50980395
0.56470591
0.56470591
0.51764709
0.50980395
0.49019608
0.49411765
0.50196081
0.51764709
0.52941179
0.49411765
0.55294120
0.51764709
0.48235294
0.45490196
0.45490196
0.41960785
0.40392157
0.43921569
0.45490196
0.41568628
0.56470591
0.55294120
0.48235294
0.46666667
0.28627452
0.38823530
0.55294120
0.55686277
0.58431375
0.45098040
0.32941177
0.50980395
0.60784316
0.56078434
0.53333336
0.51372552
0.47843137
0.49019608
0.49019608
0.47450981
0.55294120
0.58039218
0.53333336
0.50980395
0.50196081
0.41176471
0.42745098
0.40784314
0.43529412
0.40000001
0.45098040
0.50980395
0.58039218
0.52156866
0.44313726
0.47058824
0.30980393
0.38823530
0.53333336
0.47058824
0.49803922
0.42352942
0.31764707
0.45882353
0.60784316
0.57647061
0.51764709
0.51372552
0.54117650
0.56862748
0.47843137
0.47450981
0.52549022
0.54117650
0.58039218
0.54901963
0.52941179
0.37647060
0.42352942
0.40392157
0.34901962
0.36470589
0.42745098
0.52941179
0.58039218
0.48235294
0.43137255
0.41960785
0.30980393
0.40784314
0.52549022
0.44313726
0.47843137
0.41176471
0.30980393
0.43529412
0.58431375
0.51764709
0.48235294
0.51764709
0.49803922
0.50196081
0.49019608
0.52941179
0.50588238
0.43921569
0.55294120
0.57647061
0.47843137
0.40784314
0.37647060
0.41176471
0.34901962
0.36470589
0.45490196
0.54509807
0.51764709
0.45490196
0.46666667
0.40784314
0.31764707
0.44705883
0.54117650
0.47058824
0.46666667
0.39215687
0.34509805
0.41960785
0.56470591
0.50588238
0.45490196
0.42745098
0.46274510
0.46274510
0.46274510
0.49019608
0.48235294
0.45098040
0.47843137
0.54117650
0.49019608
0.41960785
0.38823530
0.43137255
0.41960785
0.46274510
0.49411765
0.57254905
0.47450981
0.37647060
0.44705883
0.41176471
0.36078432
0.43921569
0.46274510
0.44313726
0.52549022
0.42352942
0.39607844
0.44313726
0.53725493
0.49803922
0.46274510
0.45098040
0.45098040
0.46274510
0.46274510
0.46666667
0.47843137
0.49019608
0.51372552
0.43137255
0.48627451
0.40784314
0.37647060
0.40000001
0.41568628
0.41568628
0.44313726
0.54901963
0.41176471
0.39215687
0.40784314
0.38039216
0.40784314
0.43137255
0.40392157
0.41176471
0.45882353
0.41176471
0.40392157
0.48627451
0.50980395
0.43529412
0.45882353
0.46274510
0.42745098
0.47450981
0.49411765
0.45882353
0.45098040
0.44313726
0.48627451
0.43921569
0.42745098
0.37254903
0.35686275
0.34901962
0.40000001
0.36470589
0.44313726
0.48235294
0.40000001
0.43137255
0.40392157
0.36470589
0.43137255
0.48235294
0.41568628
0.43921569
0.45882353
0.45098040
0.37647060
0.47843137
0.48627451
0.49411765
0.46274510
0.44313726
0.45882353
0.44313726
0.44313726
0.42745098
0.44705883
0.45490196
0.42352942
0.41960785
0.42352942
0.36078432
0.37647060
0.37254903
0.38823530
0.34509805
0.43529412
0.43137255
0.39215687
0.41568628
0.36470589
0.34117648
0.43529412
0.45882353
0.43137255
0.46274510
0.46274510
0.41176471
0.35686275
0.45490196
0.42352942
0.48627451
0.44705883
0.41960785
0.48235294
0.45490196
0.43529412
0.45098040
0.44313726
0.43529412
0.43529412
0.40000001
0.45098040
0.62745100
0.61568630
0.57647061
0.64705884
0.62352943
0.62745100
0.61176473
0.60392159
0.63921571
0.67450982
0.63137257
0.63529414
0.66666669
0.67843139
0.67058825
0.67450982
0.63921571
0.63921571
0.66274512
0.63529414
0.60000002
0.58823532
0.61176473
0.61568630
0.56862748
0.54117650
0.55686277
0.55686277
0.53333336
0.52941179
0.52549022
0.51372552
0.61176473
0.56078434
0.54901963
0.64313728
0.60392159
0.58823532
0.61960787
0.64313728
0.65882355
0.66666669
0.64705884
0.60392159
0.62745100
0.67450982
0.67058825
0.71372551
0.68235296
0.62745100
0.61960787
0.53333336
0.60784316
0.59607846
0.61176473
0.61960787
0.58431375
0.56862748
0.56862748
0.54509807
0.53725493
0.53725493
0.53333336
0.51372552
0.66274512
0.60784316
0.60784316
0.59215689
0.57647061
0.56078434
0.60000002
0.65098041
0.67058825
0.72549021
0.74509805
0.71372551
0.71764708
0.70196080
0.70980394
0.72941178
0.71372551
0.61960787
0.59215689
0.42745098
0.56078434
0.58431375
0.60000002
0.60784316
0.58039218
0.57254905
0.60784316
0.60000002
0.58823532
0.53725493
0.54509807
0.54117650
0.65098041
0.66666669
0.61176473
0.56862748
0.58823532
0.57647061
0.59607846
0.61568630
0.65098041
0.69019610
0.68235296
0.70588237
0.70588237
0.64705884
0.71372551
0.72156864
0.67843139
0.63529414
0.59215689
0.34901962
0.51764709
0.63921571
0.62352943
0.52156866
0.50980395
0.58823532
0.59607846
0.60784316
0.59607846
0.53725493
0.54509807
0.55294120
0.58431375
0.60784316
0.58823532
0.58039218
0.56470591
0.56470591
0.57254905
0.59607846
0.65098041
0.66666669
0.63921571
0.64705884
0.59215689
0.60392159
0.62745100
0.64313728
0.66274512
0.73725492
0.69019610
0.38823530
0.51372552
0.73725492
0.56862748
0.30980393
0.38823530
0.61960787
0.61568630
0.62352943
0.60784316
0.55686277
0.55294120
0.51764709
0.57647061
0.58823532
0.60000002
0.60000002
0.58431375
0.60392159
0.58431375
0.59215689
0.61176473
0.67058825
0.69411767
0.69411767
0.62352943
0.63529414
0.57254905
0.61568630
0.65882355
0.74117649
0.53333336
0.38039216
0.60784316
0.69019610
0.42352942
0.25882354
0.43921569
0.68235296
0.66274512
0.65490198
0.65098041
0.60000002
0.60392159
0.51372552
0.62352943
0.61176473
0.60392159
0.60000002
0.61568630
0.62745100
0.61568630
0.60784316
0.61568630
0.68235296
0.72156864
0.70588237
0.65098041
0.66666669
0.63921571
0.65098041
0.64705884
0.65882355
0.36862746
0.18823530
0.30196080
0.36078432
0.21568628
0.23137255
0.57647061
0.71372551
0.67450982
0.61960787
0.60784316
0.60784316
0.63137257
0.56470591
0.64313728
0.64705884
0.66666669
0.67843139
0.66666669
0.67058825
0.67450982
0.70196080
0.71372551
0.68235296
0.65098041
0.67450982
0.66666669
0.71372551
0.71372551
0.70588237
0.67843139
0.65490198
0.32156864
0.25490198
0.22745098
0.19215687
0.30588236
0.55294120
0.69411767
0.70588237
0.67450982
0.58823532
0.55294120
0.60000002
0.63529414
0.63137257
0.57254905
0.59607846
0.66666669
0.65098041
0.64313728
0.67843139
0.67843139
0.70588237
0.59607846
0.46274510
0.42745098
0.49019608
0.55686277
0.62352943
0.67843139
0.75686276
0.77254903
0.61568630
0.26274511
0.20784314
0.25490198
0.28235295
0.49019608
0.73333335
0.70588237
0.69411767
0.67058825
0.60784316
0.63921571
0.66666669
0.67058825
0.66666669
0.66274512
0.61176473
0.55294120
0.55686277
0.58431375
0.63529414
0.66666669
0.57254905
0.40392157
0.36470589
0.38431373
0.41176471
0.43921569
0.43137255
0.46274510
0.57647061
0.64313728
0.42745098
0.21176471
0.18823530
0.32549021
0.38039216
0.43921569
0.63137257
0.69411767
0.68235296
0.64705884
0.63529414
0.66274512
0.65490198
0.66274512
0.64313728
0.78039217
0.69019610
0.62352943
0.68235296
0.66274512
0.74901962
0.69803923
0.40784314
0.38823530
0.38039216
0.37254903
0.41568628
0.41960785
0.38431373
0.35294119
0.35294119
0.36470589
0.25490198
0.21960784
0.27058825
0.41176471
0.44313726
0.36862746
0.51372552
0.73725492
0.74117649
0.67450982
0.67450982
0.70196080
0.68235296
0.65882355
0.58823532
0.63921571
0.62745100
0.65882355
0.64313728
0.64313728
0.72549021
0.46274510
0.34509805
0.40392157
0.38823530
0.35686275
0.41176471
0.44705883
0.38823530
0.35294119
0.29411766
0.24313726
0.23921569
0.28235295
0.33333334
0.40000001
0.43529412
0.41568628
0.47843137
0.78431374
0.77647060
0.75294119
0.76470590
0.70980394
0.76078433
0.70980394
0.63137257
0.65882355
0.61568630
0.63529414
0.54901963
0.65882355
0.62745100
0.31764707
0.41176471
0.40000001
0.39607844
0.39607844
0.43137255
0.47450981
0.41960785
0.34901962
0.23921569
0.20392157
0.29803923
0.36862746
0.36078432
0.24705882
0.30196080
0.41176471
0.46666667
0.76078433
0.74901962
0.67843139
0.64705884
0.69019610
0.72156864
0.65882355
0.59607846
0.62745100
0.58039218
0.60784316
0.58039218
0.71764708
0.54901963
0.26666668
0.49803922
0.40784314
0.38823530
0.42745098
0.45490196
0.49411765
0.45490196
0.37254903
0.21568628
0.13333334
0.38823530
0.37254903
0.17254902
0.07450981
0.17254902
0.33333334
0.50588238
0.78039217
0.76862746
0.68627453
0.65098041
0.68627453
0.66666669
0.65098041
0.59607846
0.43137255
0.48627451
0.49019608
0.45882353
0.55294120
0.44313726
0.18823530
0.36470589
0.36862746
0.37254903
0.37647060
0.41176471
0.47450981
0.48235294
0.40000001
0.28235295
0.23529412
0.36862746
0.25490198
0.12941177
0.10196079
0.14509805
0.29411766
0.64705884
0.84313726
0.81568629
0.80392158
0.85882354
0.70980394
0.71764708
0.76862746
0.66666669
0.46274510
0.46666667
0.44705883
0.42745098
0.50196081
0.32549021
0.12156863
0.28235295
0.30980393
0.34117648
0.36862746
0.39215687
0.44313726
0.47058824
0.41568628
0.36470589
0.36862746
0.35686275
0.29803923
0.21960784
0.18431373
0.19607843
0.34509805
0.67843139
0.79215688
0.80392158
0.77647060
0.78431374
0.72156864
0.75294119
0.75686276
0.68235296
0.45098040
0.47843137
0.45882353
0.47843137
0.52156866
0.29803923
0.09019608
0.28235295
0.32156864
0.31372550
0.38431373
0.38823530
0.40784314
0.41176471
0.40392157
0.40784314
0.40392157
0.36862746
0.34901962
0.27058825
0.28235295
0.33725491
0.48235294
0.58431375
0.48627451
0.52156866
0.56078434
0.58823532
0.67843139
0.66274512
0.65882355
0.73333335
0.44313726
0.45098040
0.47450981
0.45882353
0.52941179
0.32549021
0.09019608
0.26666668
0.38431373
0.27058825
0.41568628
0.37254903
0.36862746
0.39215687
0.40000001
0.43137255
0.42745098
0.39607844
0.39215687
0.31372550
0.35294119
0.45098040
0.60000002
0.56470591
0.43921569
0.46274510
0.51372552
0.54117650
0.56470591
0.51372552
0.50588238
0.56470591
0.47058824
0.43529412
0.47058824
0.46274510
0.52156866
0.32941177
0.09803922
0.22745098
0.42745098
0.24313726
0.40392157
0.35294119
0.35294119
0.43529412
0.41176471
0.44313726
0.43921569
0.42745098
0.39215687
0.33725491
0.37647060
0.52156866
0.59607846
0.58823532
0.59215689
0.62352943
0.54509807
0.55686277
0.50196081
0.48627451
0.53725493
0.47450981
0.46274510
0.47058824
0.45490196
0.45882353
0.47450981
0.38039216
0.11764706
0.20392157
0.45882353
0.26274511
0.34901962
0.38823530
0.36470589
0.44705883
0.41960785
0.42745098
0.44705883
0.43137255
0.37254903
0.36078432
0.40392157
0.54509807
0.59215689
0.55686277
0.52549022
0.58823532
0.49803922
0.50588238
0.48627451
0.44705883
0.50588238
0.49019608
0.43529412
0.45490196
0.42352942
0.46666667
0.47843137
0.41568628
0.18039216
0.24705882
0.46274510
0.30980393
0.27450982
0.38431373
0.41176471
0.42745098
0.39215687
0.38823530
0.43137255
0.36470589
0.33725491
0.35294119
0.41960785
0.53725493
0.54117650
0.54509807
0.53333336
0.58039218
0.53725493
0.54509807
0.51372552
0.49411765
0.50980395
0.52549022
0.41960785
0.44705883
0.46274510
0.47058824
0.49019608
0.43529412
0.23529412
0.31764707
0.46666667
0.34901962
0.20392157
0.27450982
0.40000001
0.46666667
0.34117648
0.33333334
0.39607844
0.26666668
0.27843139
0.31372550
0.46666667
0.55294120
0.50196081
0.51372552
0.60000002
0.62352943
0.54117650
0.53725493
0.52941179
0.49019608
0.48235294
0.50196081
0.45098040
0.43921569
0.46274510
0.47450981
0.45490196
0.45490196
0.23137255
0.39215687
0.54117650
0.43529412
0.23921569
0.17647059
0.31372550
0.41176471
0.25882354
0.23529412
0.27058825
0.18823530
0.26274511
0.32941177
0.49411765
0.51764709
0.52156866
0.51372552
0.53333336
0.54509807
0.50196081
0.48627451
0.48235294
0.49803922
0.52156866
0.49803922
0.45490196
0.43921569
0.44313726
0.45098040
0.46274510
0.44313726
0.24705882
0.45490196
0.58823532
0.54509807
0.37254903
0.15294118
0.26274511
0.40784314
0.37647060
0.37254903
0.28235295
0.19607843
0.32941177
0.41568628
0.50196081
0.50980395
0.51764709
0.50196081
0.49411765
0.49019608
0.50588238
0.51764709
0.47058824
0.51372552
0.50980395
0.48235294
0.47450981
0.47058824
0.44313726
0.43137255
0.48235294
0.45098040
0.30980393
0.45882353
0.54901963
0.51764709
0.43137255
0.17254902
0.24313726
0.46274510
0.51372552
0.56078434
0.41568628
0.22745098
0.33333334
0.45490196
0.50588238
0.52156866
0.51372552
0.49411765
0.49803922
0.48235294
0.46666667
0.54509807
0.55686277
0.49411765
0.48627451
0.49803922
0.42352942
0.43529412
0.43137255
0.45490196
0.45882353
0.45882353
0.38039216
0.45882353
0.50980395
0.47450981
0.45490196
0.20000000
0.24705882
0.47450981
0.47058824
0.49411765
0.38039216
0.24313726
0.29803923
0.45098040
0.52156866
0.50588238
0.50980395
0.55686277
0.57254905
0.46666667
0.46274510
0.51764709
0.52156866
0.53725493
0.50196081
0.50588238
0.39215687
0.43137255
0.43137255
0.39215687
0.42745098
0.40784314
0.39607844
0.47058824
0.47843137
0.45490196
0.38823530
0.19215687
0.27843139
0.47058824
0.43529412
0.46274510
0.37254903
0.24313726
0.27843139
0.43137255
0.47058824
0.47843137
0.51764709
0.50980395
0.50980395
0.48627451
0.52549022
0.49803922
0.41960785
0.50980395
0.52156866
0.44313726
0.42352942
0.38431373
0.43529412
0.40784314
0.41960785
0.40392157
0.41176471
0.44313726
0.46274510
0.47450981
0.35686275
0.19215687
0.34509805
0.50588238
0.47058824
0.44705883
0.35686275
0.28235295
0.27058825
0.41960785
0.47058824
0.45882353
0.43137255
0.46666667
0.46274510
0.46274510
0.49019608
0.47843137
0.44313726
0.43921569
0.48235294
0.44705883
0.43529412
0.39607844
0.45882353
0.48235294
0.49019608
0.40784314
0.45490196
0.44705883
0.40000001
0.44313726
0.33725491
0.23137255
0.37647060
0.46274510
0.45490196
0.50980395
0.39607844
0.34117648
0.29803923
0.40000001
0.47058824
0.47450981
0.45490196
0.44705883
0.46274510
0.47058824
0.47843137
0.48627451
0.49411765
0.49803922
0.39215687
0.45098040
0.41960785
0.38431373
0.42352942
0.46666667
0.41176471
0.32941177
0.45490196
0.43137255
0.43137255
0.40000001
0.28235295
0.27058825
0.41176471
0.44313726
0.45098040
0.45882353
0.38823530
0.35686275
0.34509805
0.37647060
0.41568628
0.47450981
0.46274510
0.41176471
0.46666667
0.50588238
0.47843137
0.46274510
0.45490196
0.50196081
0.42745098
0.41176471
0.39215687
0.36862746
0.36862746
0.42745098
0.34117648
0.32549021
0.43529412
0.43529412
0.46666667
0.39607844
0.25882354
0.31372550
0.49019608
0.46666667
0.48627451
0.47058824
0.44705883
0.32941177
0.36862746
0.36862746
0.47450981
0.47450981
0.45490196
0.43921569
0.45098040
0.45882353
0.44313726
0.45882353
0.47058824
0.45098040
0.41960785
0.40784314
0.39607844
0.41176471
0.38039216
0.39215687
0.31764707
0.33725491
0.44313726
0.39215687
0.43921569
0.36862746
0.24313726
0.34901962
0.47843137
0.46666667
0.49411765
0.48627451
0.43137255
0.30588236
0.39215687
0.34509805
0.46666667
0.45882353
0.45490196
0.45490196
0.48235294
0.45098040
0.45882353
0.45490196
0.44313726
0.45098040
0.40392157
0.40784314
0.53725493
0.52941179
0.49411765
0.56862748
0.54901963
0.54117650
0.52156866
0.50588238
0.53725493
0.56470591
0.51372552
0.51764709
0.56078434
0.57647061
0.56862748
0.57254905
0.52941179
0.53333336
0.57254905
0.55294120
0.52156866
0.48627451
0.48627451
0.50196081
0.47058824
0.44313726
0.45490196
0.45490196
0.43137255
0.43137255
0.43529412
0.43137255
0.54509807
0.48235294
0.46274510
0.56078434
0.52156866
0.50196081
0.52549022
0.53725493
0.54509807
0.53725493
0.49803922
0.45098040
0.52156866
0.57254905
0.56470591
0.60392159
0.57647061
0.52941179
0.54901963
0.49411765
0.54509807
0.48627451
0.49019608
0.50980395
0.49411765
0.47843137
0.48235294
0.45882353
0.44705883
0.44705883
0.45098040
0.43529412
0.60784316
0.53725493
0.52549022
0.50980395
0.49019608
0.46666667
0.49803922
0.54901963
0.55686277
0.59215689
0.59215689
0.55294120
0.58431375
0.56862748
0.56862748
0.58823532
0.59607846
0.51372552
0.51764709
0.40784314
0.50588238
0.47058824
0.47843137
0.50980395
0.49803922
0.48627451
0.52156866
0.50980395
0.49803922
0.44705883
0.45882353
0.46274510
0.58431375
0.59215689
0.53333336
0.48235294
0.49803922
0.47843137
0.49019608
0.50980395
0.53725493
0.56078434
0.53333336
0.55686277
0.56470591
0.50196081
0.56862748
0.57647061
0.55294120
0.50588238
0.48235294
0.30980393
0.45490196
0.51764709
0.50588238
0.43529412
0.43137255
0.48235294
0.49019608
0.50588238
0.49411765
0.43529412
0.44705883
0.46274510
0.49803922
0.53333336
0.51764709
0.49411765
0.46666667
0.46274510
0.46666667
0.47843137
0.51372552
0.52941179
0.49411765
0.50588238
0.47058824
0.48627451
0.51372552
0.53333336
0.53725493
0.57647061
0.54117650
0.31372550
0.43137255
0.61568630
0.45490196
0.23529412
0.30196080
0.49803922
0.49019608
0.49803922
0.48235294
0.43921569
0.44313726
0.41568628
0.47450981
0.49803922
0.51372552
0.50980395
0.48627451
0.50588238
0.47450981
0.47450981
0.48627451
0.53333336
0.55686277
0.57254905
0.52941179
0.54509807
0.48235294
0.52156866
0.53725493
0.58039218
0.42352942
0.29803923
0.50196081
0.58039218
0.33333334
0.18823530
0.33725491
0.55294120
0.53333336
0.52549022
0.52941179
0.48627451
0.48235294
0.41568628
0.52941179
0.51764709
0.50980395
0.50588238
0.52941179
0.53725493
0.50980395
0.50588238
0.51372552
0.55294120
0.59215689
0.60000002
0.54901963
0.56862748
0.54117650
0.55294120
0.53333336
0.52941179
0.32156864
0.13725491
0.20392157
0.26666668
0.14901961
0.16862746
0.46666667
0.59607846
0.56078434
0.50588238
0.49411765
0.49019608
0.49019608
0.45882353
0.55686277
0.56078434
0.58039218
0.60000002
0.58431375
0.58039218
0.58039218
0.61960787
0.63137257
0.56862748
0.53333336
0.56862748
0.54509807
0.59607846
0.61176473
0.61568630
0.58431375
0.56078434
0.29411766
0.20784314
0.11764706
0.07843138
0.23529412
0.49019608
0.59215689
0.61176473
0.58431375
0.49411765
0.45098040
0.47450981
0.48235294
0.50980395
0.46274510
0.49019608
0.56078434
0.55294120
0.54117650
0.57254905
0.59215689
0.65098041
0.54509807
0.38039216
0.33725491
0.39607844
0.43137255
0.49411765
0.57254905
0.67843139
0.69411767
0.56078434
0.23529412
0.16078432
0.14509805
0.13725491
0.39607844
0.65882355
0.60000002
0.59607846
0.58431375
0.51764709
0.54901963
0.55686277
0.53725493
0.56862748
0.50980395
0.45490196
0.40000001
0.40784314
0.43137255
0.49019608
0.57254905
0.53333336
0.36470589
0.29803923
0.29411766
0.31764707
0.31764707
0.29803923
0.34509805
0.49019608
0.57647061
0.40000001
0.16078432
0.10588235
0.18823530
0.19607843
0.31372550
0.53333336
0.56078434
0.54901963
0.52156866
0.50196081
0.54117650
0.54901963
0.52941179
0.54509807
0.55294120
0.46666667
0.40000001
0.47058824
0.43921569
0.54901963
0.59607846
0.36862746
0.32941177
0.28627452
0.25882354
0.29411766
0.28627452
0.21960784
0.19607843
0.22745098
0.29019609
0.24705882
0.12941177
0.13725491
0.23529412
0.21176471
0.20784314
0.39215687
0.56862748
0.54901963
0.49019608
0.48627451
0.52156866
0.50980395
0.46274510
0.42745098
0.39215687
0.37254903
0.38431373
0.37647060
0.38039216
0.52156866
0.37647060
0.29803923
0.31764707
0.28627452
0.21960784
0.25490198
0.30196080
0.20784314
0.16078432
0.15686275
0.19215687
0.22352941
0.15686275
0.15686275
0.21960784
0.22352941
0.24705882
0.32941177
0.58039218
0.54901963
0.52941179
0.53333336
0.47450981
0.52156866
0.45098040
0.38431373
0.46666667
0.38039216
0.36078432
0.29019609
0.41176471
0.47450981
0.28235295
0.35686275
0.30196080
0.29411766
0.26274511
0.26666668
0.34117648
0.24705882
0.15294118
0.13725491
0.20784314
0.25882354
0.22352941
0.19607843
0.13333334
0.16078432
0.25882354
0.28627452
0.51372552
0.50196081
0.44313726
0.38039216
0.41960785
0.47450981
0.39607844
0.31372550
0.49803922
0.41176471
0.40784314
0.38823530
0.52156866
0.43137255
0.24313726
0.44313726
0.29803923
0.23529412
0.27058825
0.32549021
0.37647060
0.29411766
0.17647059
0.10196079
0.10980392
0.31764707
0.25490198
0.07843138
0.01960784
0.06274510
0.18431373
0.30980393
0.51372552
0.50980395
0.44705883
0.38039216
0.40784314
0.39607844
0.37647060
0.30980393
0.35686275
0.39607844
0.38823530
0.35686275
0.42352942
0.36078432
0.16470589
0.31764707
0.25098041
0.15686275
0.18431373
0.30588236
0.36862746
0.34117648
0.20392157
0.12156863
0.11764706
0.23921569
0.13333334
0.06274510
0.06274510
0.05098039
0.15294118
0.45098040
0.58431375
0.56862748
0.57647061
0.61176473
0.43921569
0.40784314
0.46274510
0.36862746
0.42352942
0.42352942
0.39607844
0.38823530
0.41960785
0.27058825
0.09803922
0.23529412
0.19607843
0.11372549
0.15294118
0.26666668
0.32941177
0.34509805
0.22745098
0.16862746
0.17254902
0.15686275
0.12941177
0.10980392
0.11764706
0.09019608
0.20784314
0.51372552
0.57647061
0.60000002
0.59215689
0.58039218
0.48627451
0.44705883
0.45098040
0.38431373
0.42352942
0.43921569
0.41568628
0.46274510
0.47058824
0.25882354
0.07058824
0.23529412
0.23137255
0.12549020
0.17254902
0.21568628
0.27450982
0.29411766
0.22352941
0.20000000
0.19215687
0.15294118
0.15294118
0.10980392
0.15686275
0.18823530
0.34509805
0.47058824
0.34117648
0.38431373
0.44313726
0.43921569
0.50196081
0.43529412
0.41960785
0.49019608
0.40392157
0.40784314
0.41960785
0.43921569
0.49019608
0.29411766
0.07058824
0.21960784
0.31764707
0.13333334
0.20784314
0.14901961
0.21176471
0.28235295
0.22745098
0.22745098
0.24313726
0.20392157
0.19215687
0.12549020
0.18039216
0.27058825
0.46274510
0.49019608
0.35686275
0.38039216
0.44313726
0.43529412
0.43921569
0.38823530
0.36470589
0.40392157
0.42745098
0.38823530
0.41960785
0.42352942
0.48235294
0.29019609
0.06274510
0.18431373
0.39215687
0.15294118
0.21568628
0.13333334
0.20000000
0.34117648
0.22352941
0.25098041
0.27843139
0.23137255
0.18431373
0.16862746
0.20000000
0.34901962
0.49411765
0.52156866
0.51764709
0.54509807
0.46274510
0.44705883
0.38039216
0.37647060
0.43529412
0.36862746
0.41568628
0.42352942
0.41176471
0.40784314
0.42352942
0.33333334
0.07450981
0.16862746
0.43529412
0.18823530
0.18039216
0.19607843
0.21568628
0.34117648
0.21960784
0.22352941
0.27058825
0.23921569
0.19607843
0.21568628
0.25490198
0.41568628
0.51372552
0.49019608
0.45098040
0.50980395
0.41176471
0.40392157
0.37254903
0.34509805
0.41568628
0.40784314
0.39215687
0.41176471
0.38431373
0.40784314
0.41176471
0.36470589
0.14117648
0.21568628
0.44313726
0.24313726
0.12549020
0.21960784
0.25882354
0.29411766
0.20000000
0.17647059
0.23137255
0.20392157
0.20784314
0.22745098
0.30196080
0.45098040
0.48235294
0.48235294
0.46274510
0.50588238
0.45882353
0.45882353
0.42352942
0.41960785
0.44313726
0.46666667
0.38039216
0.40392157
0.41960785
0.40784314
0.41568628
0.37254903
0.18823530
0.28235295
0.44705883
0.29019609
0.07843138
0.14901961
0.24705882
0.30980393
0.18039216
0.14117648
0.20392157
0.13333334
0.18431373
0.19607843
0.38039216
0.50196081
0.44705883
0.45098040
0.52941179
0.54901963
0.47058824
0.46666667
0.46274510
0.43529412
0.43137255
0.45490196
0.40392157
0.39215687
0.41568628
0.41176471
0.38823530
0.38823530
0.16078432
0.34117648
0.52156866
0.38823530
0.14117648
0.09019608
0.16078432
0.25490198
0.15686275
0.09411765
0.11764706
0.07843138
0.16470589
0.21176471
0.41960785
0.46666667
0.45490196
0.44313726
0.46274510
0.47450981
0.43529412
0.43137255
0.43529412
0.44313726
0.46274510
0.43921569
0.40000001
0.38823530
0.39215687
0.40000001
0.40784314
0.37254903
0.15294118
0.38431373
0.57254905
0.50196081
0.29019609
0.09411765
0.11764706
0.26274511
0.33333334
0.29019609
0.17647059
0.09019608
0.20392157
0.29803923
0.42352942
0.44313726
0.43921569
0.42745098
0.41960785
0.41176471
0.43921569
0.46666667
0.42745098
0.45882353
0.43921569
0.40784314
0.41960785
0.41568628
0.38431373
0.36078432
0.42745098
0.37254903
0.18039216
0.34901962
0.50196081
0.47058824
0.36470589
0.10196079
0.12156863
0.35294119
0.47058824
0.49803922
0.33725491
0.11764706
0.20784314
0.32549021
0.43137255
0.46274510
0.44705883
0.42745098
0.43529412
0.40784314
0.39215687
0.48627451
0.51372552
0.42745098
0.41176471
0.42352942
0.36078432
0.37254903
0.36470589
0.35686275
0.38823530
0.37647060
0.22745098
0.31372550
0.42352942
0.41568628
0.39215687
0.10588235
0.14117648
0.38823530
0.40000001
0.42352942
0.31372550
0.13725491
0.18823530
0.30980393
0.44705883
0.45490196
0.45490196
0.49411765
0.50980395
0.39607844
0.38039216
0.45098040
0.47450981
0.46666667
0.43137255
0.43921569
0.30980393
0.35294119
0.34509805
0.28235295
0.34901962
0.31372550
0.24705882
0.34117648
0.39607844
0.38823530
0.31372550
0.09411765
0.16470589
0.37254903
0.35294119
0.38039216
0.29803923
0.13725491
0.17254902
0.29411766
0.38039216
0.40392157
0.44313726
0.43137255
0.43529412
0.41176471
0.44313726
0.43529412
0.37254903
0.43529412
0.45490196
0.38039216
0.33333334
0.29803923
0.34509805
0.29803923
0.33333334
0.29803923
0.26666668
0.32941177
0.38039216
0.39607844
0.27058825
0.09411765
0.22745098
0.40392157
0.38039216
0.35294119
0.27450982
0.17647059
0.16470589
0.27450982
0.37254903
0.37647060
0.34509805
0.38039216
0.38823530
0.38823530
0.40784314
0.41176471
0.39215687
0.36470589
0.41960785
0.38823530
0.34901962
0.31372550
0.36862746
0.38039216
0.40392157
0.29019609
0.31372550
0.34509805
0.31764707
0.35686275
0.24313726
0.12941177
0.26666668
0.36470589
0.36862746
0.41568628
0.31372550
0.23137255
0.18431373
0.25490198
0.37254903
0.39607844
0.37254903
0.36862746
0.38823530
0.39215687
0.38823530
0.41568628
0.43921569
0.41568628
0.32156864
0.38823530
0.35294119
0.31764707
0.35294119
0.38039216
0.32941177
0.20000000
0.30980393
0.33333334
0.34901962
0.29803923
0.17647059
0.17254902
0.31372550
0.35686275
0.37254903
0.36862746
0.30588236
0.23921569
0.22352941
0.23137255
0.32156864
0.40784314
0.39607844
0.35294119
0.40784314
0.42745098
0.38431373
0.39215687
0.39607844
0.40784314
0.34901962
0.34117648
0.32549021
0.30196080
0.30588236
0.35686275
0.25490198
0.20000000
0.29411766
0.34509805
0.38823530
0.29411766
0.15686275
0.21568628
0.40784314
0.38823530
0.41176471
0.39215687
0.36862746
0.21960784
0.25882354
0.23529412
0.39215687
0.42352942
0.39607844
0.38823530
0.38823530
0.38431373
0.36078432
0.39215687
0.41176471
0.36078432
0.33725491
0.34117648
0.30980393
0.31764707
0.31764707
0.32549021
0.21960784
0.22745098
0.31764707
0.32156864
0.36862746
0.27843139
0.15294118
0.25490198
0.40392157
0.39607844
0.42352942
0.41568628
0.36078432
0.20784314
0.30980393
0.23137255
0.38431373
0.40784314
0.38039216
0.39607844
0.40392157
0.38823530
0.40000001
0.39607844
0.39215687
0.38039216
0.32549021
0.36078432
1 0 0 0 -1 0 0 0 0 0 0
0 1 0 0 -1 0 0 0 0 0 0
0 0 1 0 -1 0 0 0 0 0 0
0 0 0 1 -1 0 0 0 0 0 0
0 0 0 0 -1 1 0 0 0 0 0
0 0 0 0 -1 0 1 0 0 0 0
0 0 0 0 -1 0 0 1 0 0 0
0 0 0 0 -1 0 0 0 1 0 0
0 0 0 0 -1 0 0 0 0 1 0
