0.67450982
0.64313728
0.64705884
0.62352943
0.63137257
0.62352943
0.62745100
0.64313728
0.65490198
0.65098041
0.63921571
0.62352943
0.61568630
0.63137257
0.64313728
0.64313728
0.64705884
0.65098041
0.65490198
0.65098041
0.63529414
0.61176473
0.58039218
0.54901963
0.50980395
0.47450981
0.46274510
0.45490196
0.45490196
0.45098040
0.42745098
0.43529412
0.64313728
0.61568630
0.62745100
0.62745100
0.65098041
0.65098041
0.65098041
0.65098041
0.65882355
0.65882355
0.64313728
0.62745100
0.62745100
0.61568630
0.60000002
0.58039218
0.58431375
0.60392159
0.63137257
0.65490198
0.63921571
0.58431375
0.52549022
0.47843137
0.45490196
0.44705883
0.43137255
0.42745098
0.40392157
0.39215687
0.39607844
0.42352942
0.63529414
0.61568630
0.63529414
0.65098041
0.67450982
0.66666669
0.66666669
0.66666669
0.66274512
0.65098041
0.63137257
0.61960787
0.62745100
0.61176473
0.58039218
0.54901963
0.55294120
0.56078434
0.60000002
0.64313728
0.65098041
0.60000002
0.53333336
0.47843137
0.48627451
0.52549022
0.52549022
0.52156866
0.48627451
0.43137255
0.43921569
0.47058824
0.63529414
0.61960787
0.64313728
0.65490198
0.67843139
0.68627453
0.69411767
0.69019610
0.68627453
0.68235296
0.64705884
0.61176473
0.63137257
0.63921571
0.61960787
0.60784316
0.59607846
0.58431375
0.60392159
0.63529414
0.65098041
0.63529414
0.60392159
0.57647061
0.56862748
0.57254905
0.56078434
0.54117650
0.51764709
0.51372552
0.52156866
0.54117650
0.60784316
0.59607846
0.61568630
0.62352943
0.65098041
0.65882355
0.66666669
0.66274512
0.66274512
0.65882355
0.62352943
0.60000002
0.61568630
0.63137257
0.63921571
0.64313728
0.64313728
0.63137257
0.63137257
0.63137257
0.65098041
0.65490198
0.63921571
0.61960787
0.59607846
0.58823532
0.58039218
0.56862748
0.56470591
0.58823532
0.60000002
0.60000002
0.60392159
0.58039218
0.59215689
0.60784316
0.62745100
0.62745100
0.63137257
0.63137257
0.63137257
0.63921571
0.63921571
0.64313728
0.63529414
0.64705884
0.65098041
0.64705884
0.64705884
0.63921571
0.63529414
0.63137257
0.64313728
0.65098041
0.64705884
0.62745100
0.62745100
0.60784316
0.58823532
0.62352943
0.63137257
0.60392159
0.50980395
0.40784314
0.64313728
0.59215689
0.60000002
0.61568630
0.62745100
0.62745100
0.63137257
0.63529414
0.64313728
0.65882355
0.67058825
0.67058825
0.66666669
0.68627453
0.68235296
0.66666669
0.66666669
0.66666669
0.66666669
0.66274512
0.65098041
0.67058825
0.55294120
0.41176471
0.40392157
0.32941177
0.28627452
0.37254903
0.41176471
0.32549021
0.18431373
0.10980392
0.65882355
0.63529414
0.64705884
0.64705884
0.64705884
0.66274512
0.66274512
0.66666669
0.66274512
0.65882355
0.66274512
0.66274512
0.67450982
0.69411767
0.69411767
0.67843139
0.68235296
0.67843139
0.67058825
0.66666669
0.69019610
0.59215689
0.29019609
0.16470589
0.14117648
0.12941177
0.11372549
0.10588235
0.12156863
0.08235294
0.06274510
0.09411765
0.51372552
0.48627451
0.51764709
0.52941179
0.51372552
0.55294120
0.56470591
0.65098041
0.68627453
0.67058825
0.65490198
0.65490198
0.67450982
0.68235296
0.68235296
0.67843139
0.66666669
0.66666669
0.67843139
0.68627453
0.59607846
0.25882354
0.12941177
0.15294118
0.12941177
0.12549020
0.10980392
0.09803922
0.09411765
0.09803922
0.09019608
0.08627451
0.43137255
0.38431373
0.38823530
0.43921569
0.40392157
0.40000001
0.40000001
0.43529412
0.59215689
0.66666669
0.67058825
0.63137257
0.60000002
0.56470591
0.57647061
0.62352943
0.65098041
0.63921571
0.59215689
0.46666667
0.18431373
0.07450981
0.09019608
0.09019608
0.09019608
0.08235294
0.06666667
0.07058824
0.06274510
0.07450981
0.05882353
0.05490196
0.41176471
0.45490196
0.45098040
0.48627451
0.49411765
0.50588238
0.52156866
0.44705883
0.47058824
0.52156866
0.55686277
0.50980395
0.45490196
0.45098040
0.45490196
0.49803922
0.55686277
0.51764709
0.38039216
0.26274511
0.21176471
0.21568628
0.21568628
0.20784314
0.21176471
0.23529412
0.24313726
0.23137255
0.20784314
0.18039216
0.14117648
0.16470589
0.39607844
0.47450981
0.52549022
0.51764709
0.51764709
0.54117650
0.52941179
0.54117650
0.50588238
0.47450981
0.47843137
0.43137255
0.43137255
0.48627451
0.51372552
0.52941179
0.49411765
0.47450981
0.47058824
0.45882353
0.44313726
0.43921569
0.43137255
0.41176471
0.41568628
0.42745098
0.44313726
0.44705883
0.43137255
0.38823530
0.34509805
0.33333334
0.44705883
0.52941179
0.50196081
0.50588238
0.51372552
0.46274510
0.42352942
0.44705883
0.45098040
0.44313726
0.45490196
0.43921569
0.39607844
0.41960785
0.47843137
0.66274512
0.57647061
0.49803922
0.52156866
0.43921569
0.45490196
0.43137255
0.41176471
0.39607844
0.40392157
0.40000001
0.41960785
0.41176471
0.43529412
0.39607844
0.39607844
0.32549021
0.49411765
0.46274510
0.39215687
0.46274510
0.52941179
0.49019608
0.44705883
0.38431373
0.36078432
0.36862746
0.37254903
0.42745098
0.49411765
0.47450981
0.47450981
0.78039217
0.65882355
0.45490196
0.41176471
0.38039216
0.44705883
0.43921569
0.43137255
0.40392157
0.39607844
0.39607844
0.39215687
0.33333334
0.37647060
0.40392157
0.44313726
0.44705883
0.46666667
0.41568628
0.38823530
0.43137255
0.57254905
0.57647061
0.53725493
0.46666667
0.39215687
0.38823530
0.40392157
0.46274510
0.60392159
0.57647061
0.50588238
0.65882355
0.52549022
0.34901962
0.37254903
0.34117648
0.36078432
0.46274510
0.47450981
0.38823530
0.38823530
0.43921569
0.47450981
0.47843137
0.52156866
0.50588238
0.45490196
0.41960785
0.47450981
0.46666667
0.50588238
0.53333336
0.60784316
0.61176473
0.61176473
0.49411765
0.41960785
0.46666667
0.49019608
0.52156866
0.62745100
0.61568630
0.56078434
0.49411765
0.28627452
0.22745098
0.29019609
0.29019609
0.35294119
0.36862746
0.32941177
0.26274511
0.26666668
0.34509805
0.46274510
0.50196081
0.44313726
0.38039216
0.34901962
0.30980393
0.46666667
0.48627451
0.52941179
0.61960787
0.64313728
0.65882355
0.66274512
0.62352943
0.61176473
0.61960787
0.63137257
0.64705884
0.64705884
0.62352943
0.60000002
0.50588238
0.23921569
0.14509805
0.16862746
0.25882354
0.32549021
0.23137255
0.14509805
0.12156863
0.12549020
0.19215687
0.37254903
0.45098040
0.41960785
0.38431373
0.34901962
0.32549021
0.41568628
0.44313726
0.49019608
0.64313728
0.69411767
0.70588237
0.70196080
0.71764708
0.73725492
0.74509805
0.74901962
0.74117649
0.71372551
0.70196080
0.72156864
0.56470591
0.15294118
0.10196079
0.11372549
0.16862746
0.16470589
0.11764706
0.07843138
0.06274510
0.05882353
0.09411765
0.16470589
0.34117648
0.47843137
0.48235294
0.50980395
0.45490196
0.52549022
0.44313726
0.54117650
0.63137257
0.65490198
0.70588237
0.71764708
0.74117649
0.72941178
0.73333335
0.72549021
0.66274512
0.69803923
0.65490198
0.61568630
0.34117648
0.09803922
0.09019608
0.07450981
0.09803922
0.09019608
0.07058824
0.04705882
0.03529412
0.03137255
0.05490196
0.07843138
0.27450982
0.41960785
0.53333336
0.65098041
0.57254905
0.60000002
0.46274510
0.47843137
0.55686277
0.58039218
0.62745100
0.64313728
0.66274512
0.65490198
0.64313728
0.68235296
0.63137257
0.63921571
0.49411765
0.40784314
0.18431373
0.10980392
0.07843138
0.07450981
0.07843138
0.05490196
0.05490196
0.05882353
0.05490196
0.05882353
0.07058824
0.14901961
0.32156864
0.51372552
0.65098041
0.67058825
0.66274512
0.56862748
0.47058824
0.49411765
0.63137257
0.69019610
0.68235296
0.61960787
0.61176473
0.63137257
0.60000002
0.63529414
0.60392159
0.63921571
0.61568630
0.53333336
0.25490198
0.17254902
0.08235294
0.08627451
0.07450981
0.05490196
0.06274510
0.07843138
0.07843138
0.11372549
0.09411765
0.27058825
0.50980395
0.65098041
0.71764708
0.69803923
0.69803923
0.44705883
0.37647060
0.46666667
0.59215689
0.62352943
0.59215689
0.55294120
0.56862748
0.52941179
0.52549022
0.55686277
0.56470591
0.63921571
0.68235296
0.65882355
0.54901963
0.44313726
0.12941177
0.06274510
0.07450981
0.05490196
0.06274510
0.13725491
0.36078432
0.45490196
0.21568628
0.31764707
0.51764709
0.66666669
0.69803923
0.69803923
0.69803923
0.41960785
0.40784314
0.49411765
0.52549022
0.51764709
0.54509807
0.61176473
0.65882355
0.67058825
0.66274512
0.69411767
0.74117649
0.76862746
0.76078433
0.74901962
0.74117649
0.69019610
0.29411766
0.05882353
0.09019608
0.12549020
0.08627451
0.27058825
0.67450982
0.69019610
0.36078432
0.47058824
0.49803922
0.66274512
0.66274512
0.64705884
0.66666669
0.54117650
0.58823532
0.63921571
0.67450982
0.60392159
0.57647061
0.61568630
0.67843139
0.76862746
0.72156864
0.70980394
0.77254903
0.77254903
0.75686276
0.77647060
0.76862746
0.78039217
0.54509807
0.18039216
0.43921569
0.60784316
0.43529412
0.29803923
0.66274512
0.68235296
0.45882353
0.58431375
0.60392159
0.61176473
0.69411767
0.65098041
0.63921571
0.59607846
0.62352943
0.65490198
0.73725492
0.67843139
0.66666669
0.69803923
0.73333335
0.75686276
0.75294119
0.72941178
0.72941178
0.72156864
0.73725492
0.74509805
0.70588237
0.70196080
0.49411765
0.34901962
0.70196080
0.75686276
0.63921571
0.29803923
0.56470591
0.60784316
0.52156866
0.65098041
0.63137257
0.57254905
0.65882355
0.61568630
0.62745100
0.61960787
0.62745100
0.65098041
0.72549021
0.73333335
0.73725492
0.73333335
0.71764708
0.72941178
0.73333335
0.68235296
0.61176473
0.54509807
0.54117650
0.54117650
0.53333336
0.49019608
0.41960785
0.41176471
0.58039218
0.67843139
0.58431375
0.38431373
0.55686277
0.51764709
0.53333336
0.67058825
0.63921571
0.60392159
0.61568630
0.58431375
0.61960787
0.68235296
0.68235296
0.67843139
0.72156864
0.72156864
0.69411767
0.69019610
0.67450982
0.70588237
0.70196080
0.62745100
0.55294120
0.44313726
0.47450981
0.53725493
0.52549022
0.50196081
0.55686277
0.55294120
0.56078434
0.66274512
0.63529414
0.57254905
0.65490198
0.62745100
0.63137257
0.64705884
0.63137257
0.60392159
0.60392159
0.60000002
0.61176473
0.72549021
0.69803923
0.69411767
0.73725492
0.70196080
0.67058825
0.71372551
0.72156864
0.70980394
0.71764708
0.72549021
0.68627453
0.64705884
0.69803923
0.72549021
0.69411767
0.72549021
0.72941178
0.72941178
0.65490198
0.64313728
0.67843139
0.64705884
0.66666669
0.67450982
0.67058825
0.65882355
0.61960787
0.59215689
0.60000002
0.58431375
0.57647061
0.72549021
0.69411767
0.71764708
0.73333335
0.69803923
0.66666669
0.70196080
0.74117649
0.74117649
0.74117649
0.79215688
0.76470590
0.75294119
0.76862746
0.78431374
0.76078433
0.77254903
0.76862746
0.77254903
0.66666669
0.63529414
0.68627453
0.65490198
0.65882355
0.67843139
0.66274512
0.66274512
0.59607846
0.60392159
0.63137257
0.60000002
0.58431375
0.70980394
0.69803923
0.72156864
0.74901962
0.72941178
0.70588237
0.69411767
0.74117649
0.73333335
0.73725492
0.75686276
0.74117649
0.71372551
0.72941178
0.76078433
0.75686276
0.75294119
0.78431374
0.80392158
0.74509805
0.68235296
0.67843139
0.69019610
0.64705884
0.68627453
0.66274512
0.65490198
0.58431375
0.62352943
0.63921571
0.60784316
0.59607846
0.72549021
0.72156864
0.72941178
0.77254903
0.77647060
0.75294119
0.74901962
0.75686276
0.74117649
0.72549021
0.73725492
0.74117649
0.69019610
0.70980394
0.71372551
0.71764708
0.74509805
0.76862746
0.78823531
0.76470590
0.71764708
0.69803923
0.68235296
0.60784316
0.63137257
0.65882355
0.69019610
0.66274512
0.65098041
0.63921571
0.61568630
0.59607846
0.71372551
0.70196080
0.71372551
0.73333335
0.73725492
0.72941178
0.72156864
0.72549021
0.70588237
0.70196080
0.70588237
0.69411767
0.67843139
0.66274512
0.66274512
0.67450982
0.70588237
0.71372551
0.70196080
0.67843139
0.69019610
0.67450982
0.68235296
0.60000002
0.56862748
0.61176473
0.66666669
0.64705884
0.63921571
0.61960787
0.61176473
0.62745100
0.77254903
0.73725492
0.74117649
0.74117649
0.73725492
0.72941178
0.73725492
0.74509805
0.75294119
0.75294119
0.75294119
0.74117649
0.73333335
0.74509805
0.74901962
0.74509805
0.74901962
0.75294119
0.75686276
0.74901962
0.74509805
0.73333335
0.71764708
0.69411767
0.67450982
0.66274512
0.65098041
0.64705884
0.64313728
0.60784316
0.58039218
0.60392159
0.78823531
0.75294119
0.76862746
0.78431374
0.79215688
0.79215688
0.79215688
0.79215688
0.79607844
0.80392158
0.79607844
0.78823531
0.77647060
0.77254903
0.76862746
0.76078433
0.76862746
0.77254903
0.78431374
0.78431374
0.78039217
0.75294119
0.71764708
0.69803923
0.68627453
0.67450982
0.66274512
0.65490198
0.63921571
0.61568630
0.61176473
0.64313728
0.78039217
0.75294119
0.77647060
0.80000001
0.80392158
0.80000001
0.79607844
0.79607844
0.79607844
0.79215688
0.78431374
0.77647060
0.77254903
0.76862746
0.75686276
0.74117649
0.74509805
0.73725492
0.74509805
0.76470590
0.78039217
0.75294119
0.72156864
0.70196080
0.69803923
0.69411767
0.69411767
0.69019610
0.67058825
0.65490198
0.65098041
0.67058825
0.76470590
0.74509805
0.77254903
0.78039217
0.78039217
0.79215688
0.80000001
0.79607844
0.80000001
0.80000001
0.77647060
0.74509805
0.76078433
0.77254903
0.76470590
0.76078433
0.75294119
0.72549021
0.72549021
0.74117649
0.75294119
0.74509805
0.74901962
0.75294119
0.75294119
0.74509805
0.72941178
0.71372551
0.69411767
0.68627453
0.67843139
0.69411767
0.75686276
0.74117649
0.76470590
0.76470590
0.76078433
0.77254903
0.77647060
0.77647060
0.78823531
0.79215688
0.76862746
0.74901962
0.76470590
0.77254903
0.77647060
0.77647060
0.77254903
0.76470590
0.75686276
0.75686276
0.75686276
0.75294119
0.75686276
0.75686276
0.74901962
0.75294119
0.74509805
0.73333335
0.72549021
0.71372551
0.72156864
0.73333335
0.77647060
0.75294119
0.76862746
0.76470590
0.76078433
0.76078433
0.76470590
0.76862746
0.78039217
0.78823531
0.78823531
0.79215688
0.79607844
0.78823531
0.78039217
0.77647060
0.77254903
0.76470590
0.76470590
0.76862746
0.76862746
0.76078433
0.76470590
0.75294119
0.74901962
0.71764708
0.70196080
0.73333335
0.74509805
0.71764708
0.62745100
0.53725493
0.78823531
0.76078433
0.76470590
0.76078433
0.76470590
0.76470590
0.76862746
0.77647060
0.78823531
0.79607844
0.79215688
0.79215688
0.79607844
0.78431374
0.78039217
0.78823531
0.78039217
0.77254903
0.77254903
0.76862746
0.76862746
0.78431374
0.66274512
0.50980395
0.50196081
0.42745098
0.38431373
0.47058824
0.51372552
0.43137255
0.28627452
0.19607843
0.73333335
0.73725492
0.74509805
0.74901962
0.75686276
0.77254903
0.77254903
0.78431374
0.79215688
0.79215688
0.79607844
0.79215688
0.78823531
0.78039217
0.78039217
0.78823531
0.78823531
0.77647060
0.76862746
0.76470590
0.78823531
0.68627453
0.37254903
0.23529412
0.20784314
0.20392157
0.18823530
0.18431373
0.19607843
0.14901961
0.12941177
0.14117648
0.49803922
0.49019608
0.52156866
0.55294120
0.54901963
0.58823532
0.59607846
0.70980394
0.79215688
0.78823531
0.79607844
0.80392158
0.79607844
0.79215688
0.79607844
0.79607844
0.78823531
0.78823531
0.80000001
0.80392158
0.69803923
0.34509805
0.20784314
0.21568628
0.19215687
0.19215687
0.17647059
0.16470589
0.15294118
0.14509805
0.14117648
0.12549020
0.35294119
0.30980393
0.32941177
0.38039216
0.34509805
0.33725491
0.33725491
0.41568628
0.63529414
0.73333335
0.76470590
0.74509805
0.71764708
0.69019610
0.69803923
0.74117649
0.77254903
0.76470590
0.71764708
0.59215689
0.29019609
0.16470589
0.16862746
0.16078432
0.16078432
0.15686275
0.14117648
0.14509805
0.12941177
0.12549020
0.11764706
0.10980392
0.31372550
0.35294119
0.36862746
0.40000001
0.38823530
0.40000001
0.41568628
0.36862746
0.43529412
0.50980395
0.56862748
0.53333336
0.49803922
0.51764709
0.52549022
0.54901963
0.60784316
0.57254905
0.43921569
0.31764707
0.27058825
0.27450982
0.26274511
0.24313726
0.24313726
0.26666668
0.27450982
0.26666668
0.23529412
0.20392157
0.18431373
0.21176471
0.30196080
0.37254903
0.44705883
0.43921569
0.43137255
0.45098040
0.43921569
0.44313726
0.40784314
0.38431373
0.40392157
0.36078432
0.37254903
0.46274510
0.49019608
0.47450981
0.43921569
0.42352942
0.41960785
0.41176471
0.41568628
0.42745098
0.40784314
0.38039216
0.37647060
0.38039216
0.39607844
0.39607844
0.38431373
0.34901962
0.32941177
0.32156864
0.36862746
0.43921569
0.41176471
0.42745098
0.43921569
0.38823530
0.34901962
0.34901962
0.32549021
0.32156864
0.33725491
0.32549021
0.29803923
0.35294119
0.40784314
0.56078434
0.46274510
0.38823530
0.42352942
0.35294119
0.36862746
0.35294119
0.33725491
0.32941177
0.32941177
0.30980393
0.32549021
0.31372550
0.34117648
0.30588236
0.30980393
0.25490198
0.42352942
0.38431373
0.29803923
0.37254903
0.44313726
0.40784314
0.36078432
0.29019609
0.25882354
0.27058825
0.27843139
0.32549021
0.40000001
0.41176471
0.40784314
0.68627453
0.54117650
0.33725491
0.30588236
0.29411766
0.33725491
0.32549021
0.33725491
0.33333334
0.32549021
0.30196080
0.29019609
0.23137255
0.27843139
0.29411766
0.32549021
0.34509805
0.39215687
0.33725491
0.30196080
0.33725491
0.48235294
0.48627451
0.44313726
0.38039216
0.32156864
0.31764707
0.33725491
0.38431373
0.50588238
0.49411765
0.43137255
0.56470591
0.42352942
0.24313726
0.25882354
0.21960784
0.22745098
0.33725491
0.36470589
0.29803923
0.30196080
0.33725491
0.36862746
0.36470589
0.40000001
0.39215687
0.33333334
0.31372550
0.39607844
0.38039216
0.41568628
0.43529412
0.50588238
0.51764709
0.51372552
0.39607844
0.32549021
0.37647060
0.40392157
0.43137255
0.51764709
0.51764709
0.47058824
0.40392157
0.21568628
0.14901961
0.18039216
0.15686275
0.21960784
0.24313726
0.21960784
0.17254902
0.17254902
0.23921569
0.35686275
0.37647060
0.30196080
0.25490198
0.22352941
0.20392157
0.38039216
0.39215687
0.43529412
0.51372552
0.53333336
0.55294120
0.56078434
0.50588238
0.47450981
0.48627451
0.49803922
0.51764709
0.52549022
0.50980395
0.49411765
0.42352942
0.18823530
0.08627451
0.07450981
0.14509805
0.21176471
0.13333334
0.06274510
0.05882353
0.05882353
0.10980392
0.27843139
0.33333334
0.28627452
0.25490198
0.21960784
0.21176471
0.33725491
0.34901962
0.39607844
0.53333336
0.57647061
0.59215689
0.59215689
0.58823532
0.58823532
0.60000002
0.60000002
0.60000002
0.58431375
0.56470591
0.60392159
0.48235294
0.11764706
0.06666667
0.05490196
0.09411765
0.09411765
0.05882353
0.03921569
0.04705882
0.04313726
0.05882353
0.10588235
0.25098041
0.36862746
0.36078432
0.38431373
0.34901962
0.45098040
0.35686275
0.45490196
0.52156866
0.53333336
0.58431375
0.60000002
0.61568630
0.59607846
0.60392159
0.59607846
0.53333336
0.56862748
0.52156866
0.49803922
0.26666668
0.07450981
0.07058824
0.04313726
0.05882353
0.05490196
0.04705882
0.04313726
0.05098039
0.05098039
0.05490196
0.05490196
0.21960784
0.34117648
0.41568628
0.52549022
0.46666667
0.49803922
0.36862746
0.40392157
0.45490196
0.47058824
0.51764709
0.51764709
0.53725493
0.53725493
0.52549022
0.56862748
0.52156866
0.54901963
0.41176471
0.32941177
0.11372549
0.07843138
0.06666667
0.06666667
0.06666667
0.03921569
0.04705882
0.05882353
0.04705882
0.04313726
0.05490196
0.13333334
0.27058825
0.41176471
0.51764709
0.54509807
0.52941179
0.45490196
0.38039216
0.42745098
0.53725493
0.59215689
0.58039218
0.49803922
0.49803922
0.53725493
0.50588238
0.54509807
0.51372552
0.55294120
0.53725493
0.46274510
0.17647059
0.11372549
0.05490196
0.07450981
0.05882353
0.03921569
0.05490196
0.06274510
0.04313726
0.06666667
0.06274510
0.23529412
0.43921569
0.53725493
0.58039218
0.57254905
0.55686277
0.34509805
0.28627452
0.39215687
0.50196081
0.53333336
0.49803922
0.44313726
0.46274510
0.43921569
0.43137255
0.46666667
0.47058824
0.52941179
0.58039218
0.56078434
0.45098040
0.34901962
0.07058824
0.03921569
0.05098039
0.02745098
0.04313726
0.11372549
0.29803923
0.38039216
0.16862746
0.25490198
0.42745098
0.54901963
0.56470591
0.57647061
0.56078434
0.31372550
0.31372550
0.41176471
0.42745098
0.42352942
0.44313726
0.49803922
0.53725493
0.54117650
0.53333336
0.56862748
0.61176473
0.62745100
0.63529414
0.63529414
0.62745100
0.56862748
0.21960784
0.03137255
0.05882353
0.07058824
0.04705882
0.22745098
0.57254905
0.58431375
0.29019609
0.36862746
0.38039216
0.53725493
0.53333336
0.52549022
0.52941179
0.42352942
0.48235294
0.54117650
0.56862748
0.49803922
0.46274510
0.49411765
0.53725493
0.60784316
0.55686277
0.54509807
0.60784316
0.61960787
0.61568630
0.64705884
0.63921571
0.64705884
0.45882353
0.14117648
0.38431373
0.51372552
0.36078432
0.23921569
0.53725493
0.54901963
0.36078432
0.45098040
0.46274510
0.48235294
0.56078434
0.52941179
0.50196081
0.46666667
0.50196081
0.52941179
0.60784316
0.56470591
0.53725493
0.56078434
0.59215689
0.61176473
0.60392159
0.57647061
0.57647061
0.56862748
0.59215689
0.60784316
0.57254905
0.56078434
0.40000001
0.29411766
0.60784316
0.62352943
0.53725493
0.22745098
0.43137255
0.45098040
0.39607844
0.49803922
0.48235294
0.43921569
0.52156866
0.49019608
0.48627451
0.48235294
0.49019608
0.52156866
0.59215689
0.60784316
0.60392159
0.59607846
0.58431375
0.60392159
0.60784316
0.55294120
0.47450981
0.40392157
0.40392157
0.40784314
0.40000001
0.34117648
0.29803923
0.31764707
0.45490196
0.52549022
0.46274510
0.28627452
0.41960785
0.36470589
0.39607844
0.51764709
0.49019608
0.46274510
0.47450981
0.45882353
0.47450981
0.54509807
0.54117650
0.55686277
0.58823532
0.58823532
0.56078434
0.55294120
0.54117650
0.57647061
0.57254905
0.49411765
0.41568628
0.30980393
0.34509805
0.40784314
0.39607844
0.35686275
0.41568628
0.41568628
0.42352942
0.52156866
0.50196081
0.43921569
0.51764709
0.48235294
0.49019608
0.50588238
0.48627451
0.45882353
0.46274510
0.47450981
0.46666667
0.58431375
0.55686277
0.56862748
0.60000002
0.56862748
0.53333336
0.58039218
0.58823532
0.57647061
0.58823532
0.59215689
0.54901963
0.51372552
0.56470591
0.59215689
0.55686277
0.58823532
0.59215689
0.59215689
0.51764709
0.50980395
0.54509807
0.51372552
0.53333336
0.53725493
0.52941179
0.51764709
0.47843137
0.44313726
0.45882353
0.45882353
0.43137255
0.58039218
0.54901963
0.58823532
0.59215689
0.56078434
0.52941179
0.56470591
0.60392159
0.60000002
0.60392159
0.65490198
0.62352943
0.61176473
0.62352943
0.63921571
0.61568630
0.63137257
0.63137257
0.63529414
0.52941179
0.50196081
0.55294120
0.52156866
0.52549022
0.54117650
0.52549022
0.52549022
0.45882353
0.45882353
0.49019608
0.47843137
0.43921569
0.55686277
0.54509807
0.58823532
0.59607846
0.58039218
0.55686277
0.54509807
0.59215689
0.58823532
0.58823532
0.60784316
0.59215689
0.55686277
0.57254905
0.60392159
0.60000002
0.60784316
0.63921571
0.65490198
0.60000002
0.54509807
0.54901963
0.55686277
0.51372552
0.54901963
0.52549022
0.51764709
0.45098040
0.47843137
0.49803922
0.48627451
0.45490196
0.56470591
0.56078434
0.59215689
0.61176473
0.61568630
0.59215689
0.58823532
0.60000002
0.58823532
0.56470591
0.58039218
0.58431375
0.54117650
0.56078434
0.56078434
0.56470591
0.58823532
0.61176473
0.62745100
0.60392159
0.57647061
0.56470591
0.54901963
0.46666667
0.49019608
0.52156866
0.55294120
0.52549022
0.50196081
0.49803922
0.49411765
0.45098040
0.56078434
0.54509807
0.57647061
0.58039218
0.58431375
0.57647061
0.56862748
0.57647061
0.56078434
0.54509807
0.54901963
0.54509807
0.54117650
0.52941179
0.52941179
0.54117650
0.56078434
0.56078434
0.54509807
0.51764709
0.55294120
0.54901963
0.54901963
0.46666667
0.43529412
0.48235294
0.53725493
0.51764709
0.50196081
0.48627451
0.49803922
0.49411765
0.86666667
0.83921570
0.82352942
0.83529413
0.83529413
0.82745099
0.83529413
0.83921570
0.84313726
0.84705883
0.85490197
0.84705883
0.83137256
0.84705883
0.85098040
0.85098040
0.85490197
0.85098040
0.84313726
0.82745099
0.83137256
0.83921570
0.83529413
0.82352942
0.81960785
0.81568629
0.80392158
0.79607844
0.79607844
0.76470590
0.73725492
0.77254903
0.92156863
0.89019608
0.89019608
0.91372550
0.92549020
0.92549020
0.92549020
0.91764706
0.91764706
0.92941177
0.92941177
0.92941177
0.92549020
0.92156863
0.90980393
0.90196079
0.90980393
0.91372550
0.92156863
0.91764706
0.92156863
0.90196079
0.88627452
0.88235295
0.87843138
0.85882354
0.84705883
0.83921570
0.83137256
0.83137256
0.81960785
0.84705883
0.91764706
0.89411765
0.89803922
0.92941177
0.92941177
0.92549020
0.92156863
0.91764706
0.91372550
0.91764706
0.91372550
0.90980393
0.92156863
0.91764706
0.89411765
0.87843138
0.89019608
0.88627452
0.89411765
0.91372550
0.92549020
0.90980393
0.89019608
0.89019608
0.87450981
0.84313726
0.83921570
0.83529413
0.83137256
0.86274511
0.85098040
0.86666667
0.89019608
0.87450981
0.87843138
0.89411765
0.89411765
0.90196079
0.91372550
0.90196079
0.90196079
0.90980393
0.89019608
0.86666667
0.88627452
0.89803922
0.88235295
0.87843138
0.88627452
0.86666667
0.85882354
0.87058824
0.88627452
0.89019608
0.89411765
0.89803922
0.90588236
0.90196079
0.88627452
0.87058824
0.85490197
0.85490197
0.83921570
0.85490197
0.89803922
0.88235295
0.88627452
0.89019608
0.88627452
0.89803922
0.90588236
0.89803922
0.90196079
0.90980393
0.89411765
0.87843138
0.88627452
0.89803922
0.90196079
0.90588236
0.92156863
0.91372550
0.89411765
0.88627452
0.89803922
0.90196079
0.89019608
0.87058824
0.87843138
0.90588236
0.90196079
0.89019608
0.87843138
0.84705883
0.85490197
0.87843138
0.92156863
0.91372550
0.91372550
0.90980393
0.89803922
0.90196079
0.90588236
0.90588236
0.91372550
0.92156863
0.92156863
0.92549020
0.92156863
0.92156863
0.91764706
0.91372550
0.92549020
0.92156863
0.90980393
0.90588236
0.91764706
0.91372550
0.89803922
0.86666667
0.85882354
0.83529413
0.81568629
0.84705883
0.86274511
0.83137256
0.75686276
0.67450982
0.90196079
0.90588236
0.90588236
0.89803922
0.89803922
0.90196079
0.90196079
0.91372550
0.92549020
0.92156863
0.90980393
0.90196079
0.90980393
0.90980393
0.90588236
0.90588236
0.90980393
0.90980393
0.90588236
0.90196079
0.89411765
0.90588236
0.78431374
0.63137257
0.62352943
0.55294120
0.50980395
0.59607846
0.63529414
0.54901963
0.41960785
0.33333334
0.81176472
0.83529413
0.84705883
0.86274511
0.88235295
0.89803922
0.89803922
0.90980393
0.90980393
0.90980393
0.90980393
0.90588236
0.90196079
0.90196079
0.90196079
0.90196079
0.90196079
0.89411765
0.88627452
0.88235295
0.89803922
0.79215688
0.48627451
0.35294119
0.34117648
0.35686275
0.34117648
0.33725491
0.34509805
0.29019609
0.28627452
0.29019609
0.53725493
0.53725493
0.56862748
0.61960787
0.63529414
0.67058825
0.67843139
0.79215688
0.87450981
0.88627452
0.90588236
0.92156863
0.91764706
0.91764706
0.92156863
0.91764706
0.90196079
0.89803922
0.90980393
0.91372550
0.81176472
0.46274510
0.32941177
0.34117648
0.33333334
0.35294119
0.34117648
0.32941177
0.31372550
0.29411766
0.30196080
0.27843139
0.36078432
0.30980393
0.32156864
0.38431373
0.34901962
0.34509805
0.34117648
0.43137255
0.67843139
0.79607844
0.84705883
0.84705883
0.84313726
0.81568629
0.82352942
0.86666667
0.88627452
0.87450981
0.82745099
0.69803923
0.40784314
0.29019609
0.29803923
0.29019609
0.29019609
0.28627452
0.26666668
0.27450982
0.25490198
0.23921569
0.23921569
0.22352941
0.30196080
0.31764707
0.32549021
0.35686275
0.34509805
0.35686275
0.37254903
0.34117648
0.43529412
0.52549022
0.60000002
0.58823532
0.58039218
0.59607846
0.60000002
0.62745100
0.68627453
0.65098041
0.51372552
0.39607844
0.34901962
0.35686275
0.34901962
0.33333334
0.32549021
0.33725491
0.34117648
0.33333334
0.30196080
0.27450982
0.26274511
0.27450982
0.28627452
0.32156864
0.39215687
0.39215687
0.38431373
0.40392157
0.39607844
0.40392157
0.38039216
0.36470589
0.39215687
0.36078432
0.37647060
0.45882353
0.48235294
0.47843137
0.44705883
0.43529412
0.43137255
0.42352942
0.43137255
0.44313726
0.42352942
0.40000001
0.40000001
0.40784314
0.42352942
0.42352942
0.41176471
0.38431373
0.37254903
0.35686275
0.34117648
0.39215687
0.38431373
0.40392157
0.40000001
0.34509805
0.31764707
0.32941177
0.30196080
0.29411766
0.30588236
0.29803923
0.26666668
0.30588236
0.35294119
0.50196081
0.41960785
0.36862746
0.41176471
0.33333334
0.36862746
0.36470589
0.34509805
0.32941177
0.33725491
0.35294119
0.39215687
0.36078432
0.34509805
0.30588236
0.32941177
0.27450982
0.37254903
0.32549021
0.27450982
0.35294119
0.40392157
0.35686275
0.32941177
0.29019609
0.27058825
0.27058825
0.26666668
0.30980393
0.37254903
0.36078432
0.34117648
0.61176473
0.49019608
0.32549021
0.31372550
0.28627452
0.35294119
0.36470589
0.36470589
0.35294119
0.34117648
0.34117648
0.35294119
0.26274511
0.25882354
0.27450982
0.33333334
0.36862746
0.34509805
0.26666668
0.23529412
0.29019609
0.42745098
0.41568628
0.38823530
0.36862746
0.34117648
0.32941177
0.34117648
0.37254903
0.45098040
0.42352942
0.35294119
0.49019608
0.38431373
0.24313726
0.27843139
0.23137255
0.23529412
0.34901962
0.38431373
0.33333334
0.32549021
0.33333334
0.32941177
0.31372550
0.36862746
0.38823530
0.34901962
0.34509805
0.38823530
0.34509805
0.36470589
0.38039216
0.42745098
0.41568628
0.41960785
0.34509805
0.30980393
0.34901962
0.36470589
0.37647060
0.42745098
0.40784314
0.36470589
0.32941177
0.19215687
0.16470589
0.21568628
0.18039216
0.21960784
0.23921569
0.23921569
0.21176471
0.22352941
0.24705882
0.28627452
0.30588236
0.28235295
0.25882354
0.22352941
0.21960784
0.40784314
0.40392157
0.41568628
0.45490196
0.42745098
0.41960785
0.42745098
0.39607844
0.38039216
0.38039216
0.38431373
0.39607844
0.40000001
0.36470589
0.36862746
0.34117648
0.18431373
0.12156863
0.12549020
0.17647059
0.21568628
0.13333334
0.08235294
0.09411765
0.12156863
0.15686275
0.25490198
0.29803923
0.27843139
0.23921569
0.18039216
0.18823530
0.33725491
0.35294119
0.37254903
0.45882353
0.45098040
0.43137255
0.42352942
0.42745098
0.42745098
0.43137255
0.41960785
0.41960785
0.41960785
0.38823530
0.45098040
0.40392157
0.12941177
0.12156863
0.10980392
0.12549020
0.10980392
0.07843138
0.06666667
0.07058824
0.07843138
0.10588235
0.13333334
0.24313726
0.33333334
0.29803923
0.28627452
0.26666668
0.38431373
0.32156864
0.40000001
0.42352942
0.39607844
0.41176471
0.41960785
0.43921569
0.41568628
0.41176471
0.39215687
0.33333334
0.39215687
0.32941177
0.34509805
0.21176471
0.10196079
0.12156863
0.09019608
0.08235294
0.08627451
0.09019608
0.07450981
0.07058824
0.06274510
0.08235294
0.08627451
0.19607843
0.24705882
0.30588236
0.38431373
0.33725491
0.41960785
0.34901962
0.36078432
0.34901962
0.32156864
0.34117648
0.36078432
0.39215687
0.38039216
0.35686275
0.38431373
0.33725491
0.39607844
0.25098041
0.23529412
0.11764706
0.10196079
0.08235294
0.08235294
0.08235294
0.06274510
0.07843138
0.09411765
0.08627451
0.09019608
0.10588235
0.13725491
0.20392157
0.29411766
0.38039216
0.39607844
0.38039216
0.39215687
0.37254903
0.40392157
0.43529412
0.45098040
0.42352942
0.36470589
0.38431373
0.41568628
0.37647060
0.40000001
0.36470589
0.40000001
0.37254903
0.34901962
0.15294118
0.11372549
0.06666667
0.11372549
0.10980392
0.08235294
0.08627451
0.09411765
0.05490196
0.08235294
0.08627451
0.23529412
0.37647060
0.40784314
0.42352942
0.41568628
0.39607844
0.29411766
0.27843139
0.36862746
0.40392157
0.40392157
0.36470589
0.32549021
0.35686275
0.32941177
0.31764707
0.34509805
0.33725491
0.35686275
0.38039216
0.38431373
0.33333334
0.28627452
0.07058824
0.09019608
0.11372549
0.07843138
0.08627451
0.11764706
0.24313726
0.30196080
0.13725491
0.25882354
0.38431373
0.40784314
0.39215687
0.40000001
0.38039216
0.25882354
0.27450982
0.36078432
0.31764707
0.29803923
0.32549021
0.38431373
0.41176471
0.40000001
0.39607844
0.42745098
0.46274510
0.44705883
0.42745098
0.42352942
0.43529412
0.42352942
0.16862746
0.03921569
0.06274510
0.07450981
0.06274510
0.20784314
0.46666667
0.43137255
0.21176471
0.35686275
0.33333334
0.39215687
0.35294119
0.34509805
0.34117648
0.33333334
0.39215687
0.43921569
0.41960785
0.35294119
0.33333334
0.35294119
0.36862746
0.41960785
0.38039216
0.37647060
0.44313726
0.44705883
0.43137255
0.45490196
0.43921569
0.45882353
0.36470589
0.10588235
0.29803923
0.41960785
0.31372550
0.19607843
0.42352942
0.40000001
0.25882354
0.38431373
0.38431373
0.34117648
0.38823530
0.35294119
0.32549021
0.33333334
0.35686275
0.37647060
0.41176471
0.38039216
0.38039216
0.38823530
0.39607844
0.41176471
0.41568628
0.40392157
0.41568628
0.41176471
0.44313726
0.45490196
0.40784314
0.40784314
0.33333334
0.25882354
0.47450981
0.43529412
0.41568628
0.16470589
0.34117648
0.34117648
0.28627452
0.36470589
0.34901962
0.30980393
0.36862746
0.33333334
0.32549021
0.32549021
0.31764707
0.34509805
0.38039216
0.41176471
0.42352942
0.40000001
0.38039216
0.41176471
0.42352942
0.39607844
0.34509805
0.29019609
0.29803923
0.30588236
0.28627452
0.24313726
0.25098041
0.27058825
0.32156864
0.33333334
0.30196080
0.18431373
0.31764707
0.25882354
0.27843139
0.36078432
0.34117648
0.33725491
0.33725491
0.30588236
0.33333334
0.38431373
0.36862746
0.38823530
0.39607844
0.40000001
0.37254903
0.36470589
0.35686275
0.39215687
0.38039216
0.33725491
0.30196080
0.21568628
0.25098041
0.31764707
0.30196080
0.26274511
0.32156864
0.30588236
0.28627452
0.36470589
0.34509805
0.29019609
0.36862746
0.34117648
0.36078432
0.36862746
0.34901962
0.33333334
0.33725491
0.32156864
0.33725491
0.42352942
0.38431373
0.40000001
0.41568628
0.38039216
0.34901962
0.39215687
0.40392157
0.38823530
0.38431373
0.40784314
0.39215687
0.35686275
0.40784314
0.43137255
0.40392157
0.44705883
0.44705883
0.43529412
0.35294119
0.33725491
0.37254903
0.34117648
0.36078432
0.38039216
0.39215687
0.38039216
0.33725491
0.31372550
0.32941177
0.30196080
0.30196080
0.41176471
0.37254903
0.41176471
0.40392157
0.37254903
0.34117648
0.37647060
0.41568628
0.41176471
0.40000001
0.44705883
0.42352942
0.41568628
0.42745098
0.44313726
0.42352942
0.44313726
0.44313726
0.44313726
0.33333334
0.30588236
0.36078432
0.34117648
0.34509805
0.38039216
0.38039216
0.38039216
0.31372550
0.31764707
0.36078432
0.31372550
0.30196080
0.38431373
0.36078432
0.40784314
0.40784314
0.39607844
0.37254903
0.36078432
0.40000001
0.39215687
0.39215687
0.40392157
0.38823530
0.38039216
0.39607844
0.42745098
0.42352942
0.40784314
0.43529412
0.45490196
0.40000001
0.34117648
0.34901962
0.37254903
0.34117648
0.38823530
0.37647060
0.36470589
0.29803923
0.33333334
0.35686275
0.31372550
0.30980393
0.38823530
0.37254903
0.40392157
0.41960785
0.43529412
0.41176471
0.40784314
0.40000001
0.38039216
0.38431373
0.39607844
0.38823530
0.36862746
0.39215687
0.39215687
0.39215687
0.39607844
0.41568628
0.44313726
0.42745098
0.38431373
0.36862746
0.37254903
0.31372550
0.34117648
0.36078432
0.39215687
0.36470589
0.35294119
0.35294119
0.31764707
0.29803923
0.39215687
0.36862746
0.40000001
0.40000001
0.41176471
0.40392157
0.39607844
0.38039216
0.35686275
0.38823530
0.40392157
0.38431373
0.37254903
0.35686275
0.35686275
0.36862746
0.38431373
0.39215687
0.39607844
0.38039216
0.38823530
0.37647060
0.40000001
0.34117648
0.30196080
0.32549021
0.38039216
0.36078432
0.35686275
0.34509805
0.32549021
0.34509805
1 0 0 0 -1 0 0 0 0 0 0
0 1 0 0 -1 0 0 0 0 0 0
0 0 1 0 -1 0 0 0 0 0 0
0 0 0 1 -1 0 0 0 0 0 0
0 0 0 0 -1 1 0 0 0 0 0
0 0 0 0 -1 0 1 0 0 0 0
0 0 0 0 -1 0 0 1 0 0 0
0 0 0 0 -1 0 0 0 1 0 0
0 0 0 0 -1 0 0 0 0 1 0
