0.82745099
0.81176472
0.82352942
0.84705883
0.85490197
0.85882354
0.84705883
0.81960785
0.80784315
0.79215688
0.80000001
0.79215688
0.77647060
0.77254903
0.78039217
0.78431374
0.76470590
0.75294119
0.75686276
0.75294119
0.75294119
0.76078433
0.76470590
0.78431374
0.80000001
0.79215688
0.80000001
0.82745099
0.86274511
0.85098040
0.85490197
0.82745099
0.84313726
0.81568629
0.83137256
0.84313726
0.85098040
0.85098040
0.83921570
0.80784315
0.78823531
0.78823531
0.79607844
0.79215688
0.77647060
0.77647060
0.76862746
0.76078433
0.76078433
0.77254903
0.77254903
0.75686276
0.76078433
0.77254903
0.77647060
0.78823531
0.78823531
0.78431374
0.79215688
0.83921570
0.85882354
0.84705883
0.83921570
0.80784315
0.83529413
0.77647060
0.83137256
0.83921570
0.83921570
0.83921570
0.83137256
0.80784315
0.78431374
0.78431374
0.79215688
0.78431374
0.77647060
0.77254903
0.76078433
0.70588237
0.77254903
0.76862746
0.78039217
0.77254903
0.76862746
0.78039217
0.78431374
0.79215688
0.80000001
0.79607844
0.79607844
0.84313726
0.83921570
0.83137256
0.81176472
0.79215688
0.82352942
0.70588237
0.82745099
0.83921570
0.83137256
0.82352942
0.82745099
0.81176472
0.80000001
0.78431374
0.80000001
0.78823531
0.77647060
0.77254903
0.75686276
0.72549021
0.76470590
0.77254903
0.79215688
0.78431374
0.77647060
0.78431374
0.78431374
0.80000001
0.83529413
0.82745099
0.80000001
0.83529413
0.83137256
0.82745099
0.80000001
0.76862746
0.81960785
0.65490198
0.82745099
0.84705883
0.85490197
0.83529413
0.82745099
0.81176472
0.80392158
0.78823531
0.79215688
0.78431374
0.78039217
0.78039217
0.76078433
0.75294119
0.78823531
0.78823531
0.80000001
0.79215688
0.80000001
0.79607844
0.80784315
0.80784315
0.83921570
0.83529413
0.80784315
0.81568629
0.80392158
0.77647060
0.79215688
0.81176472
0.82352942
0.60392159
0.84705883
0.88235295
0.90588236
0.86666667
0.82352942
0.80784315
0.80392158
0.79607844
0.78823531
0.80392158
0.79607844
0.78039217
0.76078433
0.75294119
0.79215688
0.79215688
0.79607844
0.79607844
0.81960785
0.83137256
0.85490197
0.83529413
0.83137256
0.84313726
0.83137256
0.80784315
0.63921571
0.27058825
0.35294119
0.57647061
0.80784315
0.50588238
0.87843138
0.92156863
0.91764706
0.89411765
0.85098040
0.82352942
0.80392158
0.79607844
0.77254903
0.73725492
0.76470590
0.81960785
0.77647060
0.74117649
0.78823531
0.78823531
0.78823531
0.79607844
0.83529413
0.85882354
0.86666667
0.85098040
0.83529413
0.84705883
0.84313726
0.80000001
0.49019608
0.14117648
0.03137255
0.15686275
0.78039217
0.42352942
0.90588236
0.92941177
0.92549020
0.91764706
0.89803922
0.86274511
0.82352942
0.80000001
0.58039218
0.45882353
0.51764709
0.55294120
0.67450982
0.78823531
0.80392158
0.80784315
0.79607844
0.81176472
0.84313726
0.85490197
0.85882354
0.85882354
0.84313726
0.84705883
0.83529413
0.77647060
0.34509805
0.31372550
0.05098039
0.08235294
0.74901962
0.37254903
0.90980393
0.94117647
0.94509804
0.93725491
0.92941177
0.87843138
0.82745099
0.70980394
0.59215689
0.41176471
0.48627451
0.34509805
0.41960785
0.62352943
0.83529413
0.82745099
0.81960785
0.82352942
0.84313726
0.85490197
0.85490197
0.85098040
0.84705883
0.85098040
0.81568629
0.71764708
0.36470589
0.41176471
0.16862746
0.09411765
0.72941178
0.34509805
0.91764706
0.87450981
0.81176472
0.72941178
0.63137257
0.51372552
0.36862746
0.24705882
0.36078432
0.27843139
0.32941177
0.35686275
0.43921569
0.40392157
0.60784316
0.73725492
0.78823531
0.81960785
0.83921570
0.84705883
0.83921570
0.84313726
0.84313726
0.83529413
0.80000001
0.61960787
0.37647060
0.38431373
0.24313726
0.07843138
0.73725492
0.26666668
0.54509807
0.46274510
0.44313726
0.39607844
0.39607844
0.48627451
0.26274511
0.13725491
0.17647059
0.14117648
0.10588235
0.13725491
0.28627452
0.44705883
0.28235295
0.56470591
0.81568629
0.81568629
0.81176472
0.81568629
0.80000001
0.80392158
0.80784315
0.81176472
0.76862746
0.44705883
0.24705882
0.40000001
0.14117648
0.07843138
0.68235296
0.36470589
0.65882355
0.62745100
0.55686277
0.54901963
0.52941179
0.45882353
0.46666667
0.46274510
0.36078432
0.28235295
0.20784314
0.16862746
0.45882353
0.53333336
0.39215687
0.49803922
0.80392158
0.85098040
0.82745099
0.81960785
0.80392158
0.79607844
0.79215688
0.79215688
0.77647060
0.30980393
0.16078432
0.30588236
0.09019608
0.11372549
0.77254903
0.56078434
0.57254905
0.45098040
0.43921569
0.38823530
0.48235294
0.30588236
0.46274510
0.53725493
0.40392157
0.42745098
0.31764707
0.59215689
0.74901962
0.70980394
0.67450982
0.49411765
0.41960785
0.56078434
0.71372551
0.80000001
0.85098040
0.86274511
0.79215688
0.79607844
0.65098041
0.25098041
0.16862746
0.16862746
0.12941177
0.16862746
0.29411766
0.14117648
0.16078432
0.12156863
0.15686275
0.15294118
0.17254902
0.13333334
0.21176471
0.16470589
0.18431373
0.26666668
0.49019608
0.78431374
0.72156864
0.72156864
0.68235296
0.66666669
0.38431373
0.18431373
0.25490198
0.33725491
0.47450981
0.68235296
0.85882354
0.47450981
0.24705882
0.25098041
0.38039216
0.36078432
0.34901962
0.24313726
0.29019609
0.01568628
0.17647059
0.09019608
0.04705882
0.06274510
0.07058824
0.05882353
0.07450981
0.13333334
0.13725491
0.34901962
0.73725492
0.68235296
0.64313728
0.64313728
0.58823532
0.58039218
0.50980395
0.22352941
0.24705882
0.30196080
0.52549022
0.53725493
0.87058824
0.41176471
0.28627452
0.27058825
0.23921569
0.30980393
0.32156864
0.25490198
0.65882355
0.18039216
0.09019608
0.00784314
0.02352941
0.03529412
0.04313726
0.05490196
0.21568628
0.58039218
0.61960787
0.79607844
0.66666669
0.52549022
0.35686275
0.44313726
0.64705884
0.56078434
0.59215689
0.22745098
0.24705882
0.34117648
0.65098041
0.71372551
0.87058824
0.42745098
0.28627452
0.26666668
0.26274511
0.18431373
0.14117648
0.17647059
0.63529414
0.50196081
0.40392157
0.07450981
0.02745098
0.01960784
0.03529412
0.00784314
0.33333334
0.70196080
0.78039217
0.76078433
0.49019608
0.48627451
0.59607846
0.61568630
0.65490198
0.58431375
0.63529414
0.23921569
0.23137255
0.26274511
0.25882354
0.42745098
0.88235295
0.40392157
0.23137255
0.27450982
0.26666668
0.17254902
0.16078432
0.20784314
0.60784316
0.50588238
0.80784315
0.60000002
0.11764706
0.01176471
0.01960784
0.15294118
0.25882354
0.62745100
0.67058825
0.62745100
0.33725491
0.29803923
0.29803923
0.54901963
0.62745100
0.60784316
0.59607846
0.19607843
0.19215687
0.24705882
0.40000001
0.46666667
0.66274512
0.31764707
0.18039216
0.25490198
0.20392157
0.15294118
0.13725491
0.20784314
0.61960787
0.52549022
0.86274511
0.85098040
0.32941177
0.02745098
0.08235294
0.46666667
0.19215687
0.51764709
0.61960787
0.53725493
0.68235296
0.49411765
0.40000001
0.73333335
0.66666669
0.53725493
0.54117650
0.21960784
0.23137255
0.24313726
0.32941177
0.41568628
0.44313726
0.31764707
0.28235295
0.33725491
0.29803923
0.17647059
0.30588236
0.60000002
0.63529414
0.59607846
0.84705883
0.83529413
0.79607844
0.62352943
0.62352943
0.33333334
0.22352941
0.29019609
0.40000001
0.58823532
0.60784316
0.57647061
0.51764709
0.62352943
0.59215689
0.56078434
0.67843139
0.62745100
0.73333335
0.72549021
0.71372551
0.74901962
0.80784315
0.77254903
0.77647060
0.79607844
0.70196080
0.56078434
0.79215688
0.84705883
0.65882355
0.65098041
0.83137256
0.83921570
0.84705883
0.86274511
0.85098040
0.71764708
0.29019609
0.11372549
0.16862746
0.72156864
0.74901962
0.74901962
0.70980394
0.66274512
0.68235296
0.60392159
0.72941178
0.76470590
0.81176472
0.80392158
0.80784315
0.80392158
0.79215688
0.82352942
0.80392158
0.80000001
0.75294119
0.65882355
0.78823531
0.78431374
0.68627453
0.70196080
0.81568629
0.82745099
0.81568629
0.80784315
0.81960785
0.75686276
0.35294119
0.34509805
0.16862746
0.75294119
0.81176472
0.80392158
0.80392158
0.80784315
0.76862746
0.71764708
0.78823531
0.79607844
0.78431374
0.78039217
0.78823531
0.78431374
0.76862746
0.78039217
0.78039217
0.78431374
0.74509805
0.38823530
0.73333335
0.79215688
0.70980394
0.76078433
0.81176472
0.81960785
0.82352942
0.81960785
0.84313726
0.60000002
0.16470589
0.65882355
0.39215687
0.74901962
0.78823531
0.79215688
0.79215688
0.78039217
0.78431374
0.79215688
0.77254903
0.78823531
0.78823531
0.77647060
0.77647060
0.78039217
0.76862746
0.78431374
0.77647060
0.77647060
0.76862746
0.51372552
0.76078433
0.78039217
0.74117649
0.78039217
0.80392158
0.81960785
0.81960785
0.81960785
0.59607846
0.13333334
0.07058824
0.35294119
0.34509805
0.77254903
0.78431374
0.78431374
0.78823531
0.76862746
0.78039217
0.76862746
0.77647060
0.78431374
0.79607844
0.78823531
0.78431374
0.78039217
0.77254903
0.78039217
0.78039217
0.77254903
0.78039217
0.81568629
0.78039217
0.76862746
0.79607844
0.79607844
0.80000001
0.80784315
0.80784315
0.80000001
0.25882354
0.02745098
0.40000001
0.43529412
0.29411766
0.80000001
0.80000001
0.78431374
0.77647060
0.77647060
0.78431374
0.77647060
0.78039217
0.79215688
0.79215688
0.78823531
0.78823531
0.78431374
0.78039217
0.78039217
0.77647060
0.78431374
0.78431374
0.79215688
0.77254903
0.76862746
0.82352942
0.80392158
0.80392158
0.81568629
0.81960785
0.77254903
0.14117648
0.25490198
0.66274512
0.49411765
0.36862746
0.81568629
0.81176472
0.79215688
0.78039217
0.78823531
0.78431374
0.78039217
0.78431374
0.79607844
0.79607844
0.79607844
0.79607844
0.78823531
0.79215688
0.79607844
0.78823531
0.78823531
0.78431374
0.78039217
0.77254903
0.77647060
0.80392158
0.78823531
0.80000001
0.81960785
0.81568629
0.78823531
0.18823530
0.39215687
0.25098041
0.13725491
0.14509805
0.35294119
0.78823531
0.78823531
0.78431374
0.78039217
0.78823531
0.78823531
0.78823531
0.78823531
0.79215688
0.80000001
0.81176472
0.80000001
0.78823531
0.79215688
0.78823531
0.78039217
0.78431374
0.77647060
0.75686276
0.76470590
0.79215688
0.78431374
0.79607844
0.80392158
0.80392158
0.80000001
0.35686275
0.35294119
0.19215687
0.04705882
0.06274510
0.24313726
0.74117649
0.80000001
0.78431374
0.77254903
0.77254903
0.77254903
0.76470590
0.76470590
0.74901962
0.75294119
0.75686276
0.74509805
0.72941178
0.71764708
0.68235296
0.65490198
0.65490198
0.64705884
0.62745100
0.63137257
0.77647060
0.76862746
0.77647060
0.76862746
0.76470590
0.76470590
0.63137257
0.27843139
0.12941177
0.03529412
0.42352942
0.73725492
0.69411767
0.68627453
0.66274512
0.64313728
0.64313728
0.64313728
0.61960787
0.61568630
0.59607846
0.58039218
0.57254905
0.59607846
0.58823532
0.57254905
0.55294120
0.54901963
0.56078434
0.56470591
0.56078434
0.55686277
0.66274512
0.65490198
0.65882355
0.64705884
0.62745100
0.62352943
0.66274512
0.41568628
0.01176471
0.05098039
0.61568630
0.61176473
0.56470591
0.54901963
0.54901963
0.53725493
0.54901963
0.54901963
0.54117650
0.54509807
0.53725493
0.53333336
0.52941179
0.55294120
0.56078434
0.54901963
0.54509807
0.54901963
0.56862748
0.58039218
0.57647061
0.56470591
0.59215689
0.60392159
0.61960787
0.61176473
0.59215689
0.58823532
0.60784316
0.58039218
0.14901961
0.27058825
0.61176473
0.56078434
0.52941179
0.52549022
0.52156866
0.52941179
0.51764709
0.50588238
0.50588238
0.52156866
0.50588238
0.49411765
0.48627451
0.49411765
0.51372552
0.52549022
0.50980395
0.52941179
0.54901963
0.53333336
0.54117650
0.54117650
0.54901963
0.56078434
0.56470591
0.58823532
0.57647061
0.56862748
0.58431375
0.64705884
0.59607846
0.63921571
0.59607846
0.54117650
0.49411765
0.47843137
0.48235294
0.48627451
0.48235294
0.47450981
0.50588238
0.52549022
0.52156866
0.51764709
0.53725493
0.55294120
0.56862748
0.60000002
0.60784316
0.61176473
0.63137257
0.59607846
0.60392159
0.60000002
0.82745099
0.81176472
0.82352942
0.84705883
0.85490197
0.85882354
0.84705883
0.81960785
0.80784315
0.79215688
0.80000001
0.79215688
0.77647060
0.77254903
0.78039217
0.78431374
0.76470590
0.75294119
0.75686276
0.75294119
0.75294119
0.76078433
0.76470590
0.78431374
0.80000001
0.79215688
0.80000001
0.82745099
0.86274511
0.85098040
0.85490197
0.82745099
0.84313726
0.81568629
0.83137256
0.84313726
0.85098040
0.85098040
0.83921570
0.80784315
0.78823531
0.78823531
0.79607844
0.79215688
0.77647060
0.77647060
0.76862746
0.76078433
0.76078433
0.77254903
0.77254903
0.75686276
0.76078433
0.77254903
0.77647060
0.78823531
0.78823531
0.78431374
0.79215688
0.83921570
0.85882354
0.84705883
0.83921570
0.80784315
0.83529413
0.77647060
0.83137256
0.83921570
0.83921570
0.83921570
0.83137256
0.80784315
0.78431374
0.78431374
0.79215688
0.78431374
0.77647060
0.77254903
0.76078433
0.70588237
0.77254903
0.76862746
0.78039217
0.77254903
0.76862746
0.78039217
0.78431374
0.79215688
0.80000001
0.79607844
0.79607844
0.84313726
0.83921570
0.83137256
0.81176472
0.79215688
0.82352942
0.70588237
0.82745099
0.83921570
0.83137256
0.82352942
0.82745099
0.81176472
0.80000001
0.78431374
0.80000001
0.78823531
0.77647060
0.77254903
0.75686276
0.72549021
0.76470590
0.77254903
0.79215688
0.78431374
0.77647060
0.78431374
0.78431374
0.80000001
0.83529413
0.82745099
0.80000001
0.83529413
0.83137256
0.82745099
0.80000001
0.76862746
0.81960785
0.65490198
0.82745099
0.84705883
0.85490197
0.83529413
0.82745099
0.81176472
0.80392158
0.78823531
0.79215688
0.78431374
0.78039217
0.78039217
0.76078433
0.75294119
0.78823531
0.78823531
0.80000001
0.79215688
0.80000001
0.79607844
0.80784315
0.80784315
0.83921570
0.83529413
0.80784315
0.81568629
0.80392158
0.77647060
0.79215688
0.81176472
0.82352942
0.60392159
0.84705883
0.88235295
0.90588236
0.86666667
0.82352942
0.80784315
0.80392158
0.79607844
0.78823531
0.80392158
0.79607844
0.78039217
0.76078433
0.75294119
0.79215688
0.79215688
0.79607844
0.79607844
0.81960785
0.83137256
0.85490197
0.83529413
0.83137256
0.84313726
0.83137256
0.80784315
0.63921571
0.27058825
0.35294119
0.57647061
0.80784315
0.50588238
0.87843138
0.92156863
0.91764706
0.89411765
0.85098040
0.82352942
0.80392158
0.79607844
0.77254903
0.73725492
0.76470590
0.81960785
0.77647060
0.74117649
0.78823531
0.78823531
0.78823531
0.79607844
0.83529413
0.85882354
0.86666667
0.85098040
0.83529413
0.84705883
0.84313726
0.80000001
0.49019608
0.14117648
0.03137255
0.15686275
0.78039217
0.42352942
0.90588236
0.92941177
0.92549020
0.91764706
0.89803922
0.86274511
0.82352942
0.80000001
0.58039218
0.45882353
0.51764709
0.55294120
0.67450982
0.78823531
0.80392158
0.80784315
0.79607844
0.81176472
0.84313726
0.85490197
0.85882354
0.85882354
0.84313726
0.84705883
0.83529413
0.77647060
0.34509805
0.31372550
0.05098039
0.08235294
0.74901962
0.37254903
0.90980393
0.94117647
0.94509804
0.93725491
0.92941177
0.87843138
0.82745099
0.70980394
0.59215689
0.41176471
0.48627451
0.34509805
0.41960785
0.62352943
0.83529413
0.82745099
0.81960785
0.82352942
0.84313726
0.85490197
0.85490197
0.85098040
0.84705883
0.85098040
0.81568629
0.71764708
0.36470589
0.41176471
0.16862746
0.09411765
0.72941178
0.34509805
0.91764706
0.87450981
0.81176472
0.72941178
0.63137257
0.51372552
0.36862746
0.24705882
0.36078432
0.27843139
0.32941177
0.35686275
0.43921569
0.40392157
0.60784316
0.73725492
0.78823531
0.81960785
0.83921570
0.84705883
0.83921570
0.84313726
0.84313726
0.83529413
0.80000001
0.61960787
0.37647060
0.38431373
0.24313726
0.07843138
0.73725492
0.26666668
0.54509807
0.46274510
0.44313726
0.39607844
0.39607844
0.48627451
0.26274511
0.13725491
0.17647059
0.14117648
0.10588235
0.13725491
0.28627452
0.44705883
0.28235295
0.56470591
0.81568629
0.81568629
0.81176472
0.81568629
0.80000001
0.80392158
0.80784315
0.81176472
0.76862746
0.44705883
0.24705882
0.40000001
0.14117648
0.07843138
0.68235296
0.36470589
0.65882355
0.62745100
0.55686277
0.54901963
0.52941179
0.45882353
0.46666667
0.46274510
0.36078432
0.28235295
0.20784314
0.16862746
0.45882353
0.53333336
0.39215687
0.49803922
0.80392158
0.85098040
0.82745099
0.81960785
0.80392158
0.79607844
0.79215688
0.79215688
0.77647060
0.30980393
0.16078432
0.30588236
0.09019608
0.11372549
0.77254903
0.56078434
0.57254905
0.45098040
0.43921569
0.38823530
0.48235294
0.30588236
0.46274510
0.53725493
0.40392157
0.42745098
0.31764707
0.59215689
0.74901962
0.70980394
0.67450982
0.49411765
0.41960785
0.56078434
0.71372551
0.80000001
0.85098040
0.86274511
0.79215688
0.79607844
0.65098041
0.25098041
0.16862746
0.16862746
0.12941177
0.16862746
0.29411766
0.14117648
0.16078432
0.12156863
0.15686275
0.15294118
0.17254902
0.13333334
0.21176471
0.16470589
0.18431373
0.26666668
0.49019608
0.78431374
0.72156864
0.72156864
0.68235296
0.66666669
0.38431373
0.18431373
0.25490198
0.33725491
0.47450981
0.68235296
0.85882354
0.47450981
0.24705882
0.25098041
0.38039216
0.36078432
0.34901962
0.24313726
0.29019609
0.01568628
0.17647059
0.09019608
0.04705882
0.06274510
0.07058824
0.05882353
0.07450981
0.13333334
0.13725491
0.34901962
0.73725492
0.68235296
0.64313728
0.64313728
0.58823532
0.58039218
0.50980395
0.22352941
0.24705882
0.30196080
0.52549022
0.53725493
0.87058824
0.41176471
0.28627452
0.27058825
0.23921569
0.30980393
0.32156864
0.25490198
0.65882355
0.18039216
0.09019608
0.00784314
0.02352941
0.03529412
0.04313726
0.05490196
0.21568628
0.58039218
0.61960787
0.79607844
0.66666669
0.52549022
0.35686275
0.44313726
0.64705884
0.56078434
0.59215689
0.22745098
0.24705882
0.34117648
0.65098041
0.71372551
0.87058824
0.42745098
0.28627452
0.26666668
0.26274511
0.18431373
0.14117648
0.17647059
0.63529414
0.50196081
0.40392157
0.07450981
0.02745098
0.01960784
0.03529412
0.00784314
0.33333334
0.70196080
0.78039217
0.76078433
0.49019608
0.48627451
0.59607846
0.61568630
0.65490198
0.58431375
0.63529414
0.23921569
0.23137255
0.26274511
0.25882354
0.42745098
0.88235295
0.40392157
0.23137255
0.27450982
0.26666668
0.17254902
0.16078432
0.20784314
0.60784316
0.50588238
0.80784315
0.60000002
0.11764706
0.01176471
0.01960784
0.15294118
0.25882354
0.62745100
0.67058825
0.62745100
0.33725491
0.29803923
0.29803923
0.54901963
0.62745100
0.60784316
0.59607846
0.19607843
0.19215687
0.24705882
0.40000001
0.46666667
0.66274512
0.31764707
0.18039216
0.25490198
0.20392157
0.15294118
0.13725491
0.20784314
0.61960787
0.52549022
0.86274511
0.85098040
0.32941177
0.02745098
0.08235294
0.46666667
0.19215687
0.51764709
0.61960787
0.53725493
0.68235296
0.49411765
0.40000001
0.73333335
0.66666669
0.53725493
0.54117650
0.21960784
0.23137255
0.24313726
0.32941177
0.41568628
0.44313726
0.31764707
0.28235295
0.33725491
0.29803923
0.17647059
0.30588236
0.60000002
0.63529414
0.59607846
0.84705883
0.83529413
0.79607844
0.62352943
0.62352943
0.33333334
0.22352941
0.29019609
0.40000001
0.58823532
0.60784316
0.57647061
0.51764709
0.62352943
0.59215689
0.56078434
0.67843139
0.62745100
0.73333335
0.72549021
0.71372551
0.74901962
0.80784315
0.77254903
0.77647060
0.79607844
0.70196080
0.56078434
0.79215688
0.84705883
0.65882355
0.65098041
0.83137256
0.83921570
0.84705883
0.86274511
0.85098040
0.71764708
0.29019609
0.11372549
0.16862746
0.72156864
0.74901962
0.74901962
0.70980394
0.66274512
0.68235296
0.60392159
0.72941178
0.76470590
0.81176472
0.80392158
0.80784315
0.80392158
0.79215688
0.82352942
0.80392158
0.80000001
0.75294119
0.65882355
0.78823531
0.78431374
0.68627453
0.70196080
0.81568629
0.82745099
0.81568629
0.80784315
0.81960785
0.75686276
0.35294119
0.34509805
0.16862746
0.75294119
0.81176472
0.80392158
0.80392158
0.80784315
0.76862746
0.71764708
0.78823531
0.79607844
0.78431374
0.78039217
0.78823531
0.78431374
0.76862746
0.78039217
0.78039217
0.78431374
0.74509805
0.38823530
0.73333335
0.79215688
0.70980394
0.76078433
0.81176472
0.81960785
0.82352942
0.81960785
0.84313726
0.60000002
0.16470589
0.65882355
0.39215687
0.74901962
0.78823531
0.79215688
0.79215688
0.78039217
0.78431374
0.79215688
0.77254903
0.78823531
0.78823531
0.77647060
0.77647060
0.78039217
0.76862746
0.78431374
0.77647060
0.77647060
0.76862746
0.51372552
0.76078433
0.78039217
0.74117649
0.78039217
0.80392158
0.81960785
0.81960785
0.81960785
0.59607846
0.13333334
0.07058824
0.35294119
0.34509805
0.77254903
0.78431374
0.78431374
0.78823531
0.76862746
0.78039217
0.76862746
0.77647060
0.78431374
0.79607844
0.78823531
0.78431374
0.78039217
0.77254903
0.78039217
0.78039217
0.77254903
0.78039217
0.81568629
0.78039217
0.76862746
0.79607844
0.79607844
0.80000001
0.80784315
0.80784315
0.80000001
0.25882354
0.02745098
0.40000001
0.43529412
0.29411766
0.80000001
0.80000001
0.78431374
0.77647060
0.77647060
0.78431374
0.77647060
0.78039217
0.79215688
0.79215688
0.78823531
0.78823531
0.78431374
0.78039217
0.78039217
0.77647060
0.78431374
0.78431374
0.79215688
0.77254903
0.76862746
0.82352942
0.80392158
0.80392158
0.81568629
0.81960785
0.77254903
0.14117648
0.25490198
0.66274512
0.49411765
0.36862746
0.81568629
0.81176472
0.79215688
0.78039217
0.78823531
0.78431374
0.78039217
0.78431374
0.79607844
0.79607844
0.79607844
0.79607844
0.78823531
0.79215688
0.79607844
0.78823531
0.78823531
0.78431374
0.78039217
0.77254903
0.77647060
0.80392158
0.78823531
0.80000001
0.81960785
0.81568629
0.78823531
0.18823530
0.39215687
0.25098041
0.13725491
0.14509805
0.35294119
0.78823531
0.78823531
0.78431374
0.78039217
0.78823531
0.78823531
0.78823531
0.78823531
0.79215688
0.80000001
0.81176472
0.80000001
0.78823531
0.79215688
0.78823531
0.78039217
0.78431374
0.77647060
0.75686276
0.76470590
0.79215688
0.78431374
0.79607844
0.80392158
0.80392158
0.80000001
0.35686275
0.35294119
0.19215687
0.04705882
0.06274510
0.24313726
0.74117649
0.80000001
0.78431374
0.77254903
0.77254903
0.77254903
0.76470590
0.76470590
0.74901962
0.75294119
0.75686276
0.74509805
0.72941178
0.71764708
0.68235296
0.65490198
0.65490198
0.64705884
0.62745100
0.63137257
0.77647060
0.76862746
0.77647060
0.76862746
0.76470590
0.76470590
0.63137257
0.27843139
0.12941177
0.03529412
0.42352942
0.73725492
0.69411767
0.68627453
0.66274512
0.64313728
0.64313728
0.64313728
0.61960787
0.61568630
0.59607846
0.58039218
0.57254905
0.59607846
0.58823532
0.57254905
0.55294120
0.54901963
0.56078434
0.56470591
0.56078434
0.55686277
0.66274512
0.65490198
0.65882355
0.64705884
0.62745100
0.62352943
0.66274512
0.41568628
0.01176471
0.05098039
0.61568630
0.61176473
0.56470591
0.54901963
0.54901963
0.53725493
0.54901963
0.54901963
0.54117650
0.54509807
0.53725493
0.53333336
0.52941179
0.55294120
0.56078434
0.54901963
0.54509807
0.54901963
0.56862748
0.58039218
0.57647061
0.56470591
0.59215689
0.60392159
0.61960787
0.61176473
0.59215689
0.58823532
0.60784316
0.58039218
0.14901961
0.27058825
0.61176473
0.56078434
0.52941179
0.52549022
0.52156866
0.52941179
0.51764709
0.50588238
0.50588238
0.52156866
0.50588238
0.49411765
0.48627451
0.49411765
0.51372552
0.52549022
0.50980395
0.52941179
0.54901963
0.53333336
0.54117650
0.54117650
0.54901963
0.56078434
0.56470591
0.58823532
0.57647061
0.56862748
0.58431375
0.64705884
0.59607846
0.63921571
0.59607846
0.54117650
0.49411765
0.47843137
0.48235294
0.48627451
0.48235294
0.47450981
0.50588238
0.52549022
0.52156866
0.51764709
0.53725493
0.55294120
0.56862748
0.60000002
0.60784316
0.61176473
0.63137257
0.59607846
0.60392159
0.60000002
0.82745099
0.81176472
0.82352942
0.84705883
0.85490197
0.85882354
0.84705883
0.81960785
0.80784315
0.79215688
0.80000001
0.79215688
0.77647060
0.77254903
0.78039217
0.78431374
0.76470590
0.75294119
0.75686276
0.75294119
0.75294119
0.76078433
0.76470590
0.78431374
0.80000001
0.79215688
0.80000001
0.82745099
0.86274511
0.85098040
0.85490197
0.82745099
0.84313726
0.81568629
0.83137256
0.84313726
0.85098040
0.85098040
0.83921570
0.80784315
0.78823531
0.78823531
0.79607844
0.79215688
0.77647060
0.77647060
0.76862746
0.76078433
0.76078433
0.77254903
0.77254903
0.75686276
0.76078433
0.77254903
0.77647060
0.78823531
0.78823531
0.78431374
0.79215688
0.83921570
0.85882354
0.84705883
0.83921570
0.80784315
0.83529413
0.77647060
0.83137256
0.83921570
0.83921570
0.83921570
0.83137256
0.80784315
0.78431374
0.78431374
0.79215688
0.78431374
0.77647060
0.77254903
0.76078433
0.70588237
0.77254903
0.76862746
0.78039217
0.77254903
0.76862746
0.78039217
0.78431374
0.79215688
0.80000001
0.79607844
0.79607844
0.84313726
0.83921570
0.83137256
0.81176472
0.79215688
0.82352942
0.70588237
0.82745099
0.83921570
0.83137256
0.82352942
0.82745099
0.81176472
0.80000001
0.78431374
0.80000001
0.78823531
0.77647060
0.77254903
0.75686276
0.72549021
0.76470590
0.77254903
0.79215688
0.78431374
0.77647060
0.78431374
0.78431374
0.80000001
0.83529413
0.82745099
0.80000001
0.83529413
0.83137256
0.82745099
0.80000001
0.76862746
0.81960785
0.65490198
0.82745099
0.84705883
0.85490197
0.83529413
0.82745099
0.81176472
0.80392158
0.78823531
0.79215688
0.78431374
0.78039217
0.78039217
0.76078433
0.75294119
0.78823531
0.78823531
0.80000001
0.79215688
0.80000001
0.79607844
0.80784315
0.80784315
0.83921570
0.83529413
0.80784315
0.81568629
0.80392158
0.77647060
0.79215688
0.81176472
0.82352942
0.60392159
0.84705883
0.88235295
0.90588236
0.86666667
0.82352942
0.80784315
0.80392158
0.79607844
0.78823531
0.80392158
0.79607844
0.78039217
0.76078433
0.75294119
0.79215688
0.79215688
0.79607844
0.79607844
0.81960785
0.83137256
0.85490197
0.83529413
0.83137256
0.84313726
0.83137256
0.80784315
0.63921571
0.27058825
0.35294119
0.57647061
0.80784315
0.50588238
0.87843138
0.92156863
0.91764706
0.89411765
0.85098040
0.82352942
0.80392158
0.79607844
0.77254903
0.73725492
0.76470590
0.81960785
0.77647060
0.74117649
0.78823531
0.78823531
0.78823531
0.79607844
0.83529413
0.85882354
0.86666667
0.85098040
0.83529413
0.84705883
0.84313726
0.80000001
0.49019608
0.14117648
0.03137255
0.15686275
0.78039217
0.42352942
0.90588236
0.92941177
0.92549020
0.91764706
0.89803922
0.86274511
0.82352942
0.80000001
0.58039218
0.45882353
0.51764709
0.55294120
0.67450982
0.78823531
0.80392158
0.80784315
0.79607844
0.81176472
0.84313726
0.85490197
0.85882354
0.85882354
0.84313726
0.84705883
0.83529413
0.77647060
0.34509805
0.31372550
0.05098039
0.08235294
0.74901962
0.37254903
0.90980393
0.94117647
0.94509804
0.93725491
0.92941177
0.87843138
0.82745099
0.70980394
0.59215689
0.41176471
0.48627451
0.34509805
0.41960785
0.62352943
0.83529413
0.82745099
0.81960785
0.82352942
0.84313726
0.85490197
0.85490197
0.85098040
0.84705883
0.85098040
0.81568629
0.71764708
0.36470589
0.41176471
0.16862746
0.09411765
0.72941178
0.34509805
0.91764706
0.87450981
0.81176472
0.72941178
0.63137257
0.51372552
0.36862746
0.24705882
0.36078432
0.27843139
0.32941177
0.35686275
0.43921569
0.40392157
0.60784316
0.73725492
0.78823531
0.81960785
0.83921570
0.84705883
0.83921570
0.84313726
0.84313726
0.83529413
0.80000001
0.61960787
0.37647060
0.38431373
0.24313726
0.07843138
0.73725492
0.26666668
0.54509807
0.46274510
0.44313726
0.39607844
0.39607844
0.48627451
0.26274511
0.13725491
0.17647059
0.14117648
0.10588235
0.13725491
0.28627452
0.44705883
0.28235295
0.56470591
0.81568629
0.81568629
0.81176472
0.81568629
0.80000001
0.80392158
0.80784315
0.81176472
0.76862746
0.44705883
0.24705882
0.40000001
0.14117648
0.07843138
0.68235296
0.36470589
0.65882355
0.62745100
0.55686277
0.54901963
0.52941179
0.45882353
0.46666667
0.46274510
0.36078432
0.28235295
0.20784314
0.16862746
0.45882353
0.53333336
0.39215687
0.49803922
0.80392158
0.85098040
0.82745099
0.81960785
0.80392158
0.79607844
0.79215688
0.79215688
0.77647060
0.30980393
0.16078432
0.30588236
0.09019608
0.11372549
0.77254903
0.56078434
0.57254905
0.45098040
0.43921569
0.38823530
0.48235294
0.30588236
0.46274510
0.53725493
0.40392157
0.42745098
0.31764707
0.59215689
0.74901962
0.70980394
0.67450982
0.49411765
0.41960785
0.56078434
0.71372551
0.80000001
0.85098040
0.86274511
0.79215688
0.79607844
0.65098041
0.25098041
0.16862746
0.16862746
0.12941177
0.16862746
0.29411766
0.14117648
0.16078432
0.12156863
0.15686275
0.15294118
0.17254902
0.13333334
0.21176471
0.16470589
0.18431373
0.26666668
0.49019608
0.78431374
0.72156864
0.72156864
0.68235296
0.66666669
0.38431373
0.18431373
0.25490198
0.33725491
0.47450981
0.68235296
0.85882354
0.47450981
0.24705882
0.25098041
0.38039216
0.36078432
0.34901962
0.24313726
0.29019609
0.01568628
0.17647059
0.09019608
0.04705882
0.06274510
0.07058824
0.05882353
0.07450981
0.13333334
0.13725491
0.34901962
0.73725492
0.68235296
0.64313728
0.64313728
0.58823532
0.58039218
0.50980395
0.22352941
0.24705882
0.30196080
0.52549022
0.53725493
0.87058824
0.41176471
0.28627452
0.27058825
0.23921569
0.30980393
0.32156864
0.25490198
0.65882355
0.18039216
0.09019608
0.00784314
0.02352941
0.03529412
0.04313726
0.05490196
0.21568628
0.58039218
0.61960787
0.79607844
0.66666669
0.52549022
0.35686275
0.44313726
0.64705884
0.56078434
0.59215689
0.22745098
0.24705882
0.34117648
0.65098041
0.71372551
0.87058824
0.42745098
0.28627452
0.26666668
0.26274511
0.18431373
0.14117648
0.17647059
0.63529414
0.50196081
0.40392157
0.07450981
0.02745098
0.01960784
0.03529412
0.00784314
0.33333334
0.70196080
0.78039217
0.76078433
0.49019608
0.48627451
0.59607846
0.61568630
0.65490198
0.58431375
0.63529414
0.23921569
0.23137255
0.26274511
0.25882354
0.42745098
0.88235295
0.40392157
0.23137255
0.27450982
0.26666668
0.17254902
0.16078432
0.20784314
0.60784316
0.50588238
0.80784315
0.60000002
0.11764706
0.01176471
0.01960784
0.15294118
0.25882354
0.62745100
0.67058825
0.62745100
0.33725491
0.29803923
0.29803923
0.54901963
0.62745100
0.60784316
0.59607846
0.19607843
0.19215687
0.24705882
0.40000001
0.46666667
0.66274512
0.31764707
0.18039216
0.25490198
0.20392157
0.15294118
0.13725491
0.20784314
0.61960787
0.52549022
0.86274511
0.85098040
0.32941177
0.02745098
0.08235294
0.46666667
0.19215687
0.51764709
0.61960787
0.53725493
0.68235296
0.49411765
0.40000001
0.73333335
0.66666669
0.53725493
0.54117650
0.21960784
0.23137255
0.24313726
0.32941177
0.41568628
0.44313726
0.31764707
0.28235295
0.33725491
0.29803923
0.17647059
0.30588236
0.60000002
0.63529414
0.59607846
0.84705883
0.83529413
0.79607844
0.62352943
0.62352943
0.33333334
0.22352941
0.29019609
0.40000001
0.58823532
0.60784316
0.57647061
0.51764709
0.62352943
0.59215689
0.56078434
0.67843139
0.62745100
0.73333335
0.72549021
0.71372551
0.74901962
0.80784315
0.77254903
0.77647060
0.79607844
0.70196080
0.56078434
0.79215688
0.84705883
0.65882355
0.65098041
0.83137256
0.83921570
0.84705883
0.86274511
0.85098040
0.71764708
0.29019609
0.11372549
0.16862746
0.72156864
0.74901962
0.74901962
0.70980394
0.66274512
0.68235296
0.60392159
0.72941178
0.76470590
0.81176472
0.80392158
0.80784315
0.80392158
0.79215688
0.82352942
0.80392158
0.80000001
0.75294119
0.65882355
0.78823531
0.78431374
0.68627453
0.70196080
0.81568629
0.82745099
0.81568629
0.80784315
0.81960785
0.75686276
0.35294119
0.34509805
0.16862746
0.75294119
0.81176472
0.80392158
0.80392158
0.80784315
0.76862746
0.71764708
0.78823531
0.79607844
0.78431374
0.78039217
0.78823531
0.78431374
0.76862746
0.78039217
0.78039217
0.78431374
0.74509805
0.38823530
0.73333335
0.79215688
0.70980394
0.76078433
0.81176472
0.81960785
0.82352942
0.81960785
0.84313726
0.60000002
0.16470589
0.65882355
0.39215687
0.74901962
0.78823531
0.79215688
0.79215688
0.78039217
0.78431374
0.79215688
0.77254903
0.78823531
0.78823531
0.77647060
0.77647060
0.78039217
0.76862746
0.78431374
0.77647060
0.77647060
0.76862746
0.51372552
0.76078433
0.78039217
0.74117649
0.78039217
0.80392158
0.81960785
0.81960785
0.81960785
0.59607846
0.13333334
0.07058824
0.35294119
0.34509805
0.77254903
0.78431374
0.78431374
0.78823531
0.76862746
0.78039217
0.76862746
0.77647060
0.78431374
0.79607844
0.78823531
0.78431374
0.78039217
0.77254903
0.78039217
0.78039217
0.77254903
0.78039217
0.81568629
0.78039217
0.76862746
0.79607844
0.79607844
0.80000001
0.80784315
0.80784315
0.80000001
0.25882354
0.02745098
0.40000001
0.43529412
0.29411766
0.80000001
0.80000001
0.78431374
0.77647060
0.77647060
0.78431374
0.77647060
0.78039217
0.79215688
0.79215688
0.78823531
0.78823531
0.78431374
0.78039217
0.78039217
0.77647060
0.78431374
0.78431374
0.79215688
0.77254903
0.76862746
0.82352942
0.80392158
0.80392158
0.81568629
0.81960785
0.77254903
0.14117648
0.25490198
0.66274512
0.49411765
0.36862746
0.81568629
0.81176472
0.79215688
0.78039217
0.78823531
0.78431374
0.78039217
0.78431374
0.79607844
0.79607844
0.79607844
0.79607844
0.78823531
0.79215688
0.79607844
0.78823531
0.78823531
0.78431374
0.78039217
0.77254903
0.77647060
0.80392158
0.78823531
0.80000001
0.81960785
0.81568629
0.78823531
0.18823530
0.39215687
0.25098041
0.13725491
0.14509805
0.35294119
0.78823531
0.78823531
0.78431374
0.78039217
0.78823531
0.78823531
0.78823531
0.78823531
0.79215688
0.80000001
0.81176472
0.80000001
0.78823531
0.79215688
0.78823531
0.78039217
0.78431374
0.77647060
0.75686276
0.76470590
0.79215688
0.78431374
0.79607844
0.80392158
0.80392158
0.80000001
0.35686275
0.35294119
0.19215687
0.04705882
0.06274510
0.24313726
0.74117649
0.80000001
0.78431374
0.77254903
0.77254903
0.77254903
0.76470590
0.76470590
0.74901962
0.75294119
0.75686276
0.74509805
0.72941178
0.71764708
0.68235296
0.65490198
0.65490198
0.64705884
0.62745100
0.63137257
0.77647060
0.76862746
0.77647060
0.76862746
0.76470590
0.76470590
0.63137257
0.27843139
0.12941177
0.03529412
0.42352942
0.73725492
0.69411767
0.68627453
0.66274512
0.64313728
0.64313728
0.64313728
0.61960787
0.61568630
0.59607846
0.58039218
0.57254905
0.59607846
0.58823532
0.57254905
0.55294120
0.54901963
0.56078434
0.56470591
0.56078434
0.55686277
0.66274512
0.65490198
0.65882355
0.64705884
0.62745100
0.62352943
0.66274512
0.41568628
0.01176471
0.05098039
0.61568630
0.61176473
0.56470591
0.54901963
0.54901963
0.53725493
0.54901963
0.54901963
0.54117650
0.54509807
0.53725493
0.53333336
0.52941179
0.55294120
0.56078434
0.54901963
0.54509807
0.54901963
0.56862748
0.58039218
0.57647061
0.56470591
0.59215689
0.60392159
0.61960787
0.61176473
0.59215689
0.58823532
0.60784316
0.58039218
0.14901961
0.27058825
0.61176473
0.56078434
0.52941179
0.52549022
0.52156866
0.52941179
0.51764709
0.50588238
0.50588238
0.52156866
0.50588238
0.49411765
0.48627451
0.49411765
0.51372552
0.52549022
0.50980395
0.52941179
0.54901963
0.53333336
0.54117650
0.54117650
0.54901963
0.56078434
0.56470591
0.58823532
0.57647061
0.56862748
0.58431375
0.64705884
0.59607846
0.63921571
0.59607846
0.54117650
0.49411765
0.47843137
0.48235294
0.48627451
0.48235294
0.47450981
0.50588238
0.52549022
0.52156866
0.51764709
0.53725493
0.55294120
0.56862748
0.60000002
0.60784316
0.61176473
0.63137257
0.59607846
0.60392159
0.60000002
-1 1 0 0 0 0 0 0 0 0 0
-1 0 1 0 0 0 0 0 0 0 0
-1 0 0 1 0 0 0 0 0 0 0
-1 0 0 0 1 0 0 0 0 0 0
-1 0 0 0 0 1 0 0 0 0 0
-1 0 0 0 0 0 1 0 0 0 0
-1 0 0 0 0 0 0 1 0 0 0
-1 0 0 0 0 0 0 0 1 0 0
-1 0 0 0 0 0 0 0 0 1 0
