0.92156863
0.90588236
0.90980393
0.90980393
0.90980393
0.90980393
0.90980393
0.90980393
0.90980393
0.90980393
0.91372550
0.91372550
0.91372550
0.91372550
0.91372550
0.91372550
0.91372550
0.90980393
0.90588236
0.90196079
0.90980393
0.90980393
0.90980393
0.91372550
0.90980393
0.91372550
0.90980393
0.90980393
0.90980393
0.91372550
0.91372550
0.90980393
0.93333334
0.92156863
0.92156863
0.92156863
0.92156863
0.92156863
0.92156863
0.92156863
0.92156863
0.92156863
0.92549020
0.92549020
0.92549020
0.92549020
0.92549020
0.92549020
0.92941177
0.92549020
0.92549020
0.91764706
0.91764706
0.91764706
0.92156863
0.92549020
0.92549020
0.92549020
0.92156863
0.92156863
0.92156863
0.92549020
0.92549020
0.92156863
0.92941177
0.91764706
0.91764706
0.91764706
0.91764706
0.91764706
0.91764706
0.91764706
0.91764706
0.91764706
0.91764706
0.91764706
0.91764706
0.91764706
0.92156863
0.92156863
0.92549020
0.92549020
0.92156863
0.91764706
0.89019608
0.90588236
0.90588236
0.91764706
0.91764706
0.91764706
0.91764706
0.91764706
0.91764706
0.92156863
0.92156863
0.91764706
0.93333334
0.92156863
0.92156863
0.92156863
0.92156863
0.92156863
0.92156863
0.92156863
0.91764706
0.91764706
0.91764706
0.91764706
0.91764706
0.91764706
0.92156863
0.92156863
0.91372550
0.90980393
0.89411765
0.87450981
0.72941178
0.81960785
0.81176472
0.89411765
0.92549020
0.91764706
0.91764706
0.91764706
0.91764706
0.92156863
0.92156863
0.92156863
0.92941177
0.91764706
0.92156863
0.92156863
0.92156863
0.92156863
0.92156863
0.92156863
0.91764706
0.91764706
0.92156863
0.92156863
0.91764706
0.91764706
0.92156863
0.92156863
0.92549020
0.91372550
0.85882354
0.79607844
0.63921571
0.76470590
0.83921570
0.90196079
0.92941177
0.92156863
0.92156863
0.92156863
0.92156863
0.92549020
0.92549020
0.92549020
0.93725491
0.92549020
0.92549020
0.92549020
0.92549020
0.92549020
0.92156863
0.92156863
0.91764706
0.92156863
0.92941177
0.92941177
0.91764706
0.90980393
0.92156863
0.89803922
0.81568629
0.76078433
0.72549021
0.68235296
0.64705884
0.72156864
0.81176472
0.88627452
0.92549020
0.92549020
0.92549020
0.92549020
0.92549020
0.92941177
0.92941177
0.92941177
0.89411765
0.89411765
0.90980393
0.90588236
0.91764706
0.92941177
0.92941177
0.92549020
0.92941177
0.92941177
0.93725491
0.93725491
0.88235295
0.87843138
0.91372550
0.86666667
0.71764708
0.63137257
0.62352943
0.60392159
0.56470591
0.56078434
0.61176473
0.77647060
0.91372550
0.92549020
0.92156863
0.92156863
0.92156863
0.92549020
0.92941177
0.93725491
0.83137256
0.87843138
0.90196079
0.89019608
0.89803922
0.91764706
0.92941177
0.93333334
0.93725491
0.93725491
0.93725491
0.94117647
0.78823531
0.85882354
0.91372550
0.83921570
0.75686276
0.72549021
0.72156864
0.67843139
0.64705884
0.62352943
0.63529414
0.72941178
0.89803922
0.91764706
0.91372550
0.91372550
0.91764706
0.92549020
0.92941177
0.93333334
0.84705883
0.86666667
0.88235295
0.88235295
0.89019608
0.90588236
0.92549020
0.93333334
0.93333334
0.93333334
0.92941177
0.93725491
0.77254903
0.86274511
0.91372550
0.90196079
0.81960785
0.81960785
0.85882354
0.81568629
0.81960785
0.82352942
0.85098040
0.85490197
0.88235295
0.89411765
0.89411765
0.90196079
0.90196079
0.92156863
0.92941177
0.93333334
0.46274510
0.46666667
0.48627451
0.53333336
0.67450982
0.88235295
0.92156863
0.92941177
0.92549020
0.92156863
0.92156863
0.91372550
0.83921570
0.88627452
0.90980393
0.92549020
0.89411765
0.89019608
0.90588236
0.88235295
0.88235295
0.85098040
0.78823531
0.72549021
0.67450982
0.65490198
0.65490198
0.72941178
0.87450981
0.92156863
0.92549020
0.93333334
0.42745098
0.40392157
0.42352942
0.43529412
0.57254905
0.87058824
0.89019608
0.89803922
0.92549020
0.91764706
0.90588236
0.90196079
0.89803922
0.90588236
0.90980393
0.90196079
0.90588236
0.90588236
0.89803922
0.87450981
0.74901962
0.64313728
0.57254905
0.53725493
0.52549022
0.50196081
0.47450981
0.58431375
0.84705883
0.91764706
0.92156863
0.92941177
0.76470590
0.73725492
0.78039217
0.78431374
0.81960785
0.87450981
0.83529413
0.82745099
0.84705883
0.86274511
0.85882354
0.82352942
0.81960785
0.82745099
0.84705883
0.86274511
0.88235295
0.88627452
0.88235295
0.85490197
0.71764708
0.68627453
0.70980394
0.69803923
0.72941178
0.66666669
0.55686277
0.72549021
0.85882354
0.90588236
0.91764706
0.92549020
0.75686276
0.74901962
0.79215688
0.83921570
0.87450981
0.83921570
0.79607844
0.67058825
0.69411767
0.81176472
0.68235296
0.38431373
0.36470589
0.39607844
0.43529412
0.47843137
0.53725493
0.60000002
0.79215688
0.87450981
0.85490197
0.86274511
0.87450981
0.85098040
0.86666667
0.83137256
0.76862746
0.87058824
0.85882354
0.86666667
0.90980393
0.92156863
0.44313726
0.43529412
0.44313726
0.49019608
0.54117650
0.66666669
0.74901962
0.74509805
0.81568629
0.84705883
0.61960787
0.21176471
0.17647059
0.19215687
0.20784314
0.25882354
0.40000001
0.62352943
0.86666667
0.91764706
0.91372550
0.89019608
0.87450981
0.81176472
0.79215688
0.82745099
0.83137256
0.78039217
0.70196080
0.73725492
0.82745099
0.86666667
0.23921569
0.27058825
0.24705882
0.26666668
0.48235294
0.54509807
0.59215689
0.76470590
0.83921570
0.80784315
0.63921571
0.40392157
0.37254903
0.39607844
0.54117650
0.70980394
0.81176472
0.86666667
0.85882354
0.80392158
0.71764708
0.61960787
0.57647061
0.51372552
0.49019608
0.50980395
0.53333336
0.52156866
0.50196081
0.54117650
0.71372551
0.77254903
0.15686275
0.22745098
0.33333334
0.49803922
0.51764709
0.37647060
0.46666667
0.63921571
0.67843139
0.72156864
0.71372551
0.70980394
0.71764708
0.77647060
0.85490197
0.78431374
0.68235296
0.62352943
0.56862748
0.51764709
0.45490196
0.38431373
0.36862746
0.38823530
0.41176471
0.41960785
0.47843137
0.54117650
0.58823532
0.61568630
0.73725492
0.72549021
0.05098039
0.10196079
0.52549022
0.80784315
0.54117650
0.46274510
0.55294120
0.67450982
0.70980394
0.81176472
0.86274511
0.89411765
0.87843138
0.90196079
0.88627452
0.69019610
0.56470591
0.54117650
0.55686277
0.56862748
0.60392159
0.58431375
0.58431375
0.60392159
0.61568630
0.62745100
0.67843139
0.73333335
0.74509805
0.69803923
0.64705884
0.61568630
0.01960784
0.22745098
0.78431374
0.88235295
0.77254903
0.78039217
0.83137256
0.88627452
0.89803922
0.91372550
0.90980393
0.90196079
0.81960785
0.87450981
0.86666667
0.82352942
0.77647060
0.70588237
0.75686276
0.73725492
0.74117649
0.76078433
0.75294119
0.72156864
0.67450982
0.67058825
0.63137257
0.56470591
0.53333336
0.51372552
0.50196081
0.54117650
0.15294118
0.56862748
0.74509805
0.72941178
0.72156864
0.75294119
0.76078433
0.76078433
0.76078433
0.74901962
0.75294119
0.74509805
0.69411767
0.70588237
0.60392159
0.57647061
0.56862748
0.61176473
0.57254905
0.44313726
0.44705883
0.51764709
0.49411765
0.43529412
0.36078432
0.35686275
0.36470589
0.36862746
0.41176471
0.47450981
0.50588238
0.50588238
0.47843137
0.63529414
0.56078434
0.53725493
0.51372552
0.50196081
0.49803922
0.50980395
0.51372552
0.50196081
0.49803922
0.50588238
0.50588238
0.48627451
0.40784314
0.39215687
0.40000001
0.46274510
0.43921569
0.36862746
0.36862746
0.36862746
0.34117648
0.32549021
0.31372550
0.32549021
0.36470589
0.39607844
0.42352942
0.45098040
0.47450981
0.50980395
0.28627452
0.29803923
0.30196080
0.31372550
0.32941177
0.34117648
0.34117648
0.35294119
0.36862746
0.40000001
0.41960785
0.44313726
0.45098040
0.46274510
0.46274510
0.47058824
0.45098040
0.43137255
0.41568628
0.39215687
0.37254903
0.33333334
0.30980393
0.31372550
0.31372550
0.30196080
0.31372550
0.32156864
0.36078432
0.44313726
0.49019608
0.53333336
0.05098039
0.01176471
0.03529412
0.07058824
0.07058824
0.08235294
0.07843138
0.08627451
0.10196079
0.13333334
0.16470589
0.18823530
0.20392157
0.23529412
0.25882354
0.27450982
0.27843139
0.28235295
0.26274511
0.23529412
0.21568628
0.20784314
0.20784314
0.22352941
0.22352941
0.22352941
0.28235295
0.34117648
0.40784314
0.47058824
0.50980395
0.53725493
0.14117648
0.04313726
0.03137255
0.12549020
0.14117648
0.08627451
0.03137255
0.01176471
0.00392157
0.00000000
0.00000000
0.00000000
0.02352941
0.01960784
0.00392157
0.01176471
0.05098039
0.09411765
0.08235294
0.08235294
0.08235294
0.08627451
0.11764706
0.15294118
0.22352941
0.33333334
0.44313726
0.48235294
0.45490196
0.47843137
0.52549022
0.60000002
0.13725491
0.10196079
0.05098039
0.10588235
0.27843139
0.27450982
0.19215687
0.10588235
0.05882353
0.01960784
0.00784314
0.00000000
0.06666667
0.22352941
0.12156863
0.03921569
0.01568628
0.01568628
0.02745098
0.05490196
0.09803922
0.16078432
0.24313726
0.33725491
0.47843137
0.56470591
0.51764709
0.44705883
0.45882353
0.51764709
0.57254905
0.67450982
0.06274510
0.05098039
0.01568628
0.01176471
0.17647059
0.25490198
0.21176471
0.14117648
0.07058824
0.01568628
0.00784314
0.00000000
0.02745098
0.46274510
0.63137257
0.51372552
0.43921569
0.41176471
0.41176471
0.42745098
0.46274510
0.54117650
0.60392159
0.59215689
0.49803922
0.41176471
0.41568628
0.47058824
0.50588238
0.55686277
0.64313728
0.72156864
0.15686275
0.04705882
0.00000000
0.00000000
0.04705882
0.11764706
0.12549020
0.08235294
0.02745098
0.00784314
0.00784314
0.01176471
0.00000000
0.26666668
0.71372551
0.80392158
0.76862746
0.76078433
0.76470590
0.73333335
0.67450982
0.58823532
0.48235294
0.40392157
0.37254903
0.40784314
0.47843137
0.50588238
0.51764709
0.59607846
0.67058825
0.72549021
0.27058825
0.10196079
0.00392157
0.00392157
0.01568628
0.04705882
0.07058824
0.04705882
0.01568628
0.00784314
0.00784314
0.01568628
0.00392157
0.12549020
0.60000002
0.79607844
0.76470590
0.74901962
0.70196080
0.60784316
0.46666667
0.35686275
0.31764707
0.36862746
0.45882353
0.49019608
0.49019608
0.50588238
0.56470591
0.63529414
0.67843139
0.72156864
0.32549021
0.18431373
0.00392157
0.00784314
0.00784314
0.01960784
0.02745098
0.01568628
0.00392157
0.00392157
0.00392157
0.01176471
0.00392157
0.10588235
0.55686277
0.80392158
0.77647060
0.66274512
0.47450981
0.33333334
0.29019609
0.33333334
0.40000001
0.47450981
0.50196081
0.47843137
0.47450981
0.51764709
0.57647061
0.64705884
0.69019610
0.72941178
0.36078432
0.21176471
0.02352941
0.01176471
0.00784314
0.00392157
0.00392157
0.00392157
0.00392157
0.00392157
0.00392157
0.00392157
0.00000000
0.05882353
0.40000001
0.61568630
0.45882353
0.29019609
0.21960784
0.29019609
0.38823530
0.45098040
0.47843137
0.48627451
0.48235294
0.49019608
0.50196081
0.53333336
0.58039218
0.63529414
0.69411767
0.73725492
0.34117648
0.16862746
0.07450981
0.04313726
0.03137255
0.01960784
0.00784314
0.00784314
0.01176471
0.01176471
0.01176471
0.00784314
0.00000000
0.01568628
0.16470589
0.27843139
0.20784314
0.22352941
0.31372550
0.44313726
0.51764709
0.52549022
0.48235294
0.45490196
0.47058824
0.51372552
0.54509807
0.56078434
0.61176473
0.66274512
0.71372551
0.73725492
0.32156864
0.18039216
0.14117648
0.12156863
0.10588235
0.08627451
0.06666667
0.06274510
0.07058824
0.07450981
0.07843138
0.07450981
0.07450981
0.09019608
0.14509805
0.25098041
0.34117648
0.40784314
0.45490196
0.50196081
0.54509807
0.51372552
0.45882353
0.45098040
0.48235294
0.51372552
0.54509807
0.58039218
0.62352943
0.68235296
0.72549021
0.73333335
0.33333334
0.24313726
0.22745098
0.21568628
0.20000000
0.18431373
0.18039216
0.18823530
0.19215687
0.20000000
0.20784314
0.21568628
0.23137255
0.26666668
0.31764707
0.40784314
0.45490196
0.49803922
0.52156866
0.49803922
0.49803922
0.46274510
0.44705883
0.47843137
0.50588238
0.53333336
0.55294120
0.58431375
0.61960787
0.65882355
0.70588237
0.72941178
0.92156863
0.90588236
0.90980393
0.90980393
0.90980393
0.90980393
0.90980393
0.90980393
0.90980393
0.90980393
0.91372550
0.91372550
0.91372550
0.91372550
0.91372550
0.90980393
0.90588236
0.90588236
0.91372550
0.91372550
0.90980393
0.90588236
0.90980393
0.91372550
0.91372550
0.91372550
0.90980393
0.90980393
0.90980393
0.91372550
0.91372550
0.90980393
0.93333334
0.92156863
0.92156863
0.92156863
0.92156863
0.92156863
0.92156863
0.92156863
0.92156863
0.92156863
0.92549020
0.92549020
0.92549020
0.92549020
0.92549020
0.92549020
0.91764706
0.91764706
0.92549020
0.92549020
0.92156863
0.91764706
0.92549020
0.92549020
0.92549020
0.92549020
0.92156863
0.92156863
0.92156863
0.92549020
0.92549020
0.92156863
0.92941177
0.91764706
0.91764706
0.91764706
0.91764706
0.91764706
0.91764706
0.91764706
0.91764706
0.91764706
0.91764706
0.91764706
0.91764706
0.91764706
0.92156863
0.91764706
0.91372550
0.91764706
0.92156863
0.92156863
0.90196079
0.92156863
0.91372550
0.91764706
0.91764706
0.91764706
0.91764706
0.91764706
0.91764706
0.92156863
0.92156863
0.91764706
0.93333334
0.92156863
0.92156863
0.92156863
0.92156863
0.92156863
0.92156863
0.92156863
0.91764706
0.91764706
0.91764706
0.91764706
0.91764706
0.91764706
0.92156863
0.92156863
0.91372550
0.90980393
0.90196079
0.88627452
0.75294119
0.84705883
0.82352942
0.89411765
0.92156863
0.91764706
0.91764706
0.91764706
0.91764706
0.92156863
0.92156863
0.92156863
0.92941177
0.91764706
0.92156863
0.92156863
0.92156863
0.92156863
0.92156863
0.92156863
0.91764706
0.91764706
0.92156863
0.92156863
0.91764706
0.91764706
0.92156863
0.92156863
0.93333334
0.92941177
0.88235295
0.82352942
0.67450982
0.80392158
0.85490197
0.89803922
0.92156863
0.92156863
0.92156863
0.92156863
0.92549020
0.92549020
0.92549020
0.92549020
0.93725491
0.92156863
0.92156863
0.92156863
0.92156863
0.92156863
0.92549020
0.92156863
0.91764706
0.92156863
0.92549020
0.92549020
0.92156863
0.91372550
0.92941177
0.90588236
0.84705883
0.80392158
0.77647060
0.73725492
0.70196080
0.76862746
0.84313726
0.89411765
0.92156863
0.92549020
0.92549020
0.92549020
0.92549020
0.92941177
0.92941177
0.92941177
0.89803922
0.89019608
0.90196079
0.89411765
0.90980393
0.92549020
0.92941177
0.92941177
0.92156863
0.92156863
0.92549020
0.92941177
0.89803922
0.89411765
0.92941177
0.88627452
0.77254903
0.70588237
0.70588237
0.69019610
0.63921571
0.62352943
0.66274512
0.80784315
0.93333334
0.92941177
0.92549020
0.92156863
0.92549020
0.93333334
0.92941177
0.92941177
0.86274511
0.90196079
0.91764706
0.90980393
0.91764706
0.92941177
0.93333334
0.92941177
0.92941177
0.92941177
0.92549020
0.93333334
0.80000001
0.87058824
0.92549020
0.85490197
0.80000001
0.78823531
0.78823531
0.74901962
0.71372551
0.68235296
0.69019610
0.78039217
0.93725491
0.93725491
0.93333334
0.93333334
0.93725491
0.93725491
0.93725491
0.93333334
0.91764706
0.92549020
0.93333334
0.93725491
0.94117647
0.93333334
0.92941177
0.92549020
0.92549020
0.92549020
0.92941177
0.93725491
0.77647060
0.86666667
0.91764706
0.90588236
0.83529413
0.84705883
0.89411765
0.85490197
0.86666667
0.87843138
0.91372550
0.92156863
0.94117647
0.93333334
0.93725491
0.94117647
0.94117647
0.94117647
0.94117647
0.93333334
0.54901963
0.54117650
0.55686277
0.60784316
0.73725492
0.91764706
0.92549020
0.91764706
0.91372550
0.92156863
0.92941177
0.92941177
0.84705883
0.89411765
0.91764706
0.92941177
0.90196079
0.90196079
0.92549020
0.90980393
0.92941177
0.91372550
0.85882354
0.80000001
0.74117649
0.70196080
0.70588237
0.78039217
0.92156863
0.94509804
0.94117647
0.94117647
0.50980395
0.47450981
0.49019608
0.49803922
0.62352943
0.89803922
0.89411765
0.88627452
0.90980393
0.91764706
0.92549020
0.92941177
0.91764706
0.92156863
0.92941177
0.92156863
0.92549020
0.92941177
0.92941177
0.90980393
0.80784315
0.72156864
0.64705884
0.61176473
0.58431375
0.54901963
0.52156866
0.63529414
0.89411765
0.94509804
0.94117647
0.94117647
0.83137256
0.79215688
0.82745099
0.82745099
0.85098040
0.89019608
0.83529413
0.81960785
0.83529413
0.87058824
0.88627452
0.86666667
0.85882354
0.86666667
0.88235295
0.89803922
0.91764706
0.92549020
0.92941177
0.90588236
0.80000001
0.77647060
0.78431374
0.76078433
0.77254903
0.69803923
0.59215689
0.76470590
0.90196079
0.94117647
0.94509804
0.94117647
0.81176472
0.79215688
0.82745099
0.85098040
0.88235295
0.85882354
0.81568629
0.68235296
0.70588237
0.83529413
0.72156864
0.43921569
0.44705883
0.47450981
0.50588238
0.54117650
0.59607846
0.65490198
0.84705883
0.92549020
0.90980393
0.91372550
0.91764706
0.88627452
0.89411765
0.85882354
0.79607844
0.90196079
0.89019608
0.90196079
0.93725491
0.94509804
0.50980395
0.49019608
0.49019608
0.51372552
0.56862748
0.71372551
0.78823531
0.78039217
0.85882354
0.90196079
0.67450982
0.27843139
0.27450982
0.28627452
0.28627452
0.32941177
0.44705883
0.65882355
0.89019608
0.93725491
0.92941177
0.90588236
0.89411765
0.82745099
0.81568629
0.85490197
0.85882354
0.80784315
0.72941178
0.77254903
0.86666667
0.90588236
0.31764707
0.33725491
0.30980393
0.33333334
0.55294120
0.60784316
0.61568630
0.78431374
0.89411765
0.87450981
0.70588237
0.47450981
0.43921569
0.45882353
0.59215689
0.75294119
0.83137256
0.87058824
0.85882354
0.79607844
0.72941178
0.65098041
0.60392159
0.54117650
0.52156866
0.54509807
0.57254905
0.55686277
0.53725493
0.60000002
0.77254903
0.83137256
0.20784314
0.27450982
0.38431373
0.56470591
0.59215689
0.41960785
0.45098040
0.61960787
0.70588237
0.76078433
0.76078433
0.75686276
0.76078433
0.81960785
0.89411765
0.82352942
0.70980394
0.64705884
0.58823532
0.53333336
0.49019608
0.43529412
0.41568628
0.43529412
0.46274510
0.47450981
0.52941179
0.59215689
0.64313728
0.68235296
0.80784315
0.79607844
0.05882353
0.11372549
0.54901963
0.84705883
0.58823532
0.48235294
0.52156866
0.63529414
0.70980394
0.81960785
0.87843138
0.91764706
0.91764706
0.94509804
0.93333334
0.74117649
0.62352943
0.60392159
0.61960787
0.63921571
0.67058825
0.64705884
0.64705884
0.67058825
0.68235296
0.69411767
0.74509805
0.80000001
0.81176472
0.76862746
0.71764708
0.68627453
0.01960784
0.24313726
0.81176472
0.90980393
0.80392158
0.81176472
0.83137256
0.87843138
0.90196079
0.92549020
0.93333334
0.93333334
0.86666667
0.93333334
0.93333334
0.89411765
0.85098040
0.78431374
0.84705883
0.83529413
0.83137256
0.83921570
0.83137256
0.80000001
0.75686276
0.74901962
0.70980394
0.64705884
0.61176473
0.57254905
0.56078434
0.60392159
0.17647059
0.60784316
0.80000001
0.76862746
0.77254903
0.82745099
0.82745099
0.81568629
0.80784315
0.79607844
0.81176472
0.81176472
0.75686276
0.77647060
0.69019610
0.66274512
0.63137257
0.67058825
0.63921571
0.52156866
0.53725493
0.61568630
0.58823532
0.52941179
0.45098040
0.43921569
0.44705883
0.45490196
0.49019608
0.52156866
0.55294120
0.55686277
0.52941179
0.70196080
0.62745100
0.60392159
0.59607846
0.59607846
0.58823532
0.58823532
0.58823532
0.57647061
0.57647061
0.58431375
0.58431375
0.56862748
0.49411765
0.47843137
0.47058824
0.52549022
0.50196081
0.42745098
0.43921569
0.45882353
0.43921569
0.40392157
0.38039216
0.40392157
0.43529412
0.45882353
0.47450981
0.49019608
0.52156866
0.56470591
0.34117648
0.35294119
0.35294119
0.36470589
0.38431373
0.40000001
0.40000001
0.41176471
0.43529412
0.46666667
0.48627451
0.51372552
0.53725493
0.53333336
0.51764709
0.52156866
0.53333336
0.52156866
0.49803922
0.46666667
0.42745098
0.39607844
0.38039216
0.36078432
0.36862746
0.39215687
0.39215687
0.38431373
0.40784314
0.46666667
0.52941179
0.58431375
0.09803922
0.04313726
0.06274510
0.10196079
0.10196079
0.09803922
0.09803922
0.11764706
0.14117648
0.16862746
0.20000000
0.23137255
0.27058825
0.29411766
0.30196080
0.30980393
0.34117648
0.34509805
0.31764707
0.28235295
0.26274511
0.26666668
0.27058825
0.27058825
0.27843139
0.30588236
0.34901962
0.39215687
0.44313726
0.48627451
0.53333336
0.57254905
0.18039216
0.06274510
0.05098039
0.17254902
0.17647059
0.09803922
0.04313726
0.03137255
0.01568628
0.00784314
0.00784314
0.01568628
0.05098039
0.07058824
0.07450981
0.09019608
0.11372549
0.14901961
0.12941177
0.12156863
0.14901961
0.17254902
0.19607843
0.22745098
0.27450982
0.35294119
0.45098040
0.48235294
0.45098040
0.48235294
0.54509807
0.62745100
0.16078432
0.10588235
0.07450981
0.16078432
0.31764707
0.27450982
0.19607843
0.12156863
0.05882353
0.01960784
0.00784314
0.00000000
0.06666667
0.25098041
0.19607843
0.14117648
0.11764706
0.11764706
0.11764706
0.13725491
0.16862746
0.21568628
0.27843139
0.38039216
0.48627451
0.51372552
0.47058824
0.41176471
0.43529412
0.52549022
0.59607846
0.70196080
0.05882353
0.03921569
0.03921569
0.04705882
0.17254902
0.20392157
0.16862746
0.12941177
0.07058824
0.01568628
0.00784314
0.00392157
0.03137255
0.45882353
0.61960787
0.50196081
0.43921569
0.41176471
0.40392157
0.41176471
0.41960785
0.45098040
0.49411765
0.49411765
0.41568628
0.33725491
0.36862746
0.45490196
0.50980395
0.57647061
0.67450982
0.76078433
0.15686275
0.03921569
0.01176471
0.01568628
0.02352941
0.04705882
0.04705882
0.03921569
0.02352941
0.00392157
0.00392157
0.00784314
0.00000000
0.22745098
0.50196081
0.50980395
0.49803922
0.48235294
0.46666667
0.44313726
0.43137255
0.37647060
0.29411766
0.25882354
0.27843139
0.36470589
0.46274510
0.51764709
0.55294120
0.63529414
0.71372551
0.77254903
0.30196080
0.11372549
0.00392157
0.00392157
0.00392157
0.00784314
0.01176471
0.00784314
0.00392157
0.00000000
0.00000000
0.00000000
0.00392157
0.04705882
0.17647059
0.18431373
0.18039216
0.18823530
0.19607843
0.19215687
0.16470589
0.14901961
0.18823530
0.30196080
0.43137255
0.49411765
0.50196081
0.52941179
0.60000002
0.69019610
0.73333335
0.77647060
0.36862746
0.20392157
0.00392157
0.00392157
0.00000000
0.00392157
0.00392157
0.00000000
0.00000000
0.00000000
0.00000000
0.00000000
0.00784314
0.01176471
0.09803922
0.12549020
0.09803922
0.09803922
0.09803922
0.11372549
0.16078432
0.25882354
0.36078432
0.44313726
0.48627451
0.49411765
0.49803922
0.54509807
0.61568630
0.70196080
0.74901962
0.78823531
0.40000001
0.23529412
0.02745098
0.00784314
0.00784314
0.01176471
0.01176471
0.00784314
0.00392157
0.00000000
0.00000000
0.00392157
0.01176471
0.00392157
0.07450981
0.12156863
0.06666667
0.05098039
0.10588235
0.22745098
0.35294119
0.45098040
0.49411765
0.48627451
0.48235294
0.50980395
0.52941179
0.56862748
0.62352943
0.69019610
0.75294119
0.79215688
0.38823530
0.20000000
0.09019608
0.04705882
0.03921569
0.04313726
0.03921569
0.02745098
0.01568628
0.01568628
0.01568628
0.01176471
0.02352941
0.01960784
0.05098039
0.08235294
0.10588235
0.19607843
0.30196080
0.38431373
0.44313726
0.49411765
0.49411765
0.49019608
0.50196081
0.54117650
0.58039218
0.60392159
0.65882355
0.72156864
0.77254903
0.79215688
0.37647060
0.22352941
0.17254902
0.13725491
0.11764706
0.10980392
0.10196079
0.09019608
0.08235294
0.08235294
0.08627451
0.09019608
0.10588235
0.12156863
0.15686275
0.21568628
0.27450982
0.34509805
0.40000001
0.43921569
0.47450981
0.47843137
0.47843137
0.49803922
0.52156866
0.54509807
0.58431375
0.62745100
0.67450982
0.74117649
0.78431374
0.79215688
0.39607844
0.29411766
0.26274511
0.23921569
0.21960784
0.20784314
0.20784314
0.21568628
0.21568628
0.21960784
0.22745098
0.24313726
0.26274511
0.27843139
0.32941177
0.37647060
0.40392157
0.42745098
0.45490196
0.47450981
0.49803922
0.48627451
0.49019608
0.51372552
0.53333336
0.56862748
0.59607846
0.63529414
0.67058825
0.71764708
0.76470590
0.78431374
0.92156863
0.90588236
0.90980393
0.90980393
0.90980393
0.90980393
0.90980393
0.90980393
0.90980393
0.90980393
0.91372550
0.91372550
0.91372550
0.91372550
0.91372550
0.91372550
0.91372550
0.91372550
0.91372550
0.90980393
0.91764706
0.91764706
0.90980393
0.90196079
0.90588236
0.91372550
0.90980393
0.90980393
0.90980393
0.91372550
0.91372550
0.90980393
0.93333334
0.92156863
0.92156863
0.92156863
0.92156863
0.92156863
0.92156863
0.92156863
0.92156863
0.92156863
0.92549020
0.92549020
0.92549020
0.92549020
0.92549020
0.92549020
0.91372550
0.91372550
0.91764706
0.91764706
0.92941177
0.93333334
0.92941177
0.92156863
0.91764706
0.92549020
0.92156863
0.92156863
0.92156863
0.92549020
0.92549020
0.92156863
0.92941177
0.91764706
0.91764706
0.91764706
0.91764706
0.91764706
0.91764706
0.91764706
0.91764706
0.91764706
0.91764706
0.91764706
0.91764706
0.91764706
0.92156863
0.91764706
0.90588236
0.90588236
0.91764706
0.92549020
0.91372550
0.93333334
0.92156863
0.91764706
0.91764706
0.91764706
0.91764706
0.91764706
0.91764706
0.92156863
0.92156863
0.91764706
0.93333334
0.92156863
0.92156863
0.92156863
0.92156863
0.92156863
0.92156863
0.92156863
0.91764706
0.91764706
0.91764706
0.91764706
0.91764706
0.91764706
0.92156863
0.91764706
0.90196079
0.90588236
0.90980393
0.90588236
0.77254903
0.85882354
0.83529413
0.90196079
0.92156863
0.91764706
0.91764706
0.91764706
0.91764706
0.92156863
0.92156863
0.92156863
0.92941177
0.91764706
0.92156863
0.92156863
0.92156863
0.92156863
0.92156863
0.92156863
0.91764706
0.91764706
0.92156863
0.92156863
0.91764706
0.91764706
0.92156863
0.92156863
0.92549020
0.92941177
0.90196079
0.85882354
0.70196080
0.81568629
0.86666667
0.90980393
0.92941177
0.92156863
0.92156863
0.92156863
0.92549020
0.92549020
0.92549020
0.92549020
0.93333334
0.92156863
0.92156863
0.92156863
0.92156863
0.92156863
0.92156863
0.92156863
0.91764706
0.92156863
0.92549020
0.92549020
0.92549020
0.91764706
0.92941177
0.90980393
0.85490197
0.82352942
0.81176472
0.78431374
0.74117649
0.79215688
0.86274511
0.90980393
0.92941177
0.92156863
0.92156863
0.92156863
0.92549020
0.92941177
0.92941177
0.92941177
0.89803922
0.89411765
0.90588236
0.90196079
0.91372550
0.92549020
0.92156863
0.92156863
0.92549020
0.92549020
0.92941177
0.93333334
0.90196079
0.89803922
0.93333334
0.89411765
0.80000001
0.74509805
0.74901962
0.74509805
0.69411767
0.67058825
0.69411767
0.82745099
0.93725491
0.91764706
0.91372550
0.92156863
0.92549020
0.92941177
0.92941177
0.93333334
0.87058824
0.91372550
0.93333334
0.91764706
0.91764706
0.92549020
0.92156863
0.92549020
0.93333334
0.93333334
0.92941177
0.93725491
0.79607844
0.86666667
0.92156863
0.85490197
0.82352942
0.82352942
0.82745099
0.79607844
0.76862746
0.73333335
0.72549021
0.80000001
0.94117647
0.93333334
0.92941177
0.93333334
0.93333334
0.93333334
0.93333334
0.93333334
0.94509804
0.95294118
0.96470588
0.95294118
0.94117647
0.92941177
0.92156863
0.92156863
0.92941177
0.92941177
0.92941177
0.93725491
0.76862746
0.85490197
0.90588236
0.89803922
0.85098040
0.87058824
0.92156863
0.89019608
0.91764706
0.92156863
0.94117647
0.94509804
0.95294118
0.94117647
0.94117647
0.94117647
0.93725491
0.93725491
0.93725491
0.93333334
0.58431375
0.58039218
0.60000002
0.63137257
0.74901962
0.91372550
0.91372550
0.90980393
0.91764706
0.92156863
0.92549020
0.92156863
0.83921570
0.88627452
0.90980393
0.92549020
0.90980393
0.92156863
0.94509804
0.93725491
0.96862745
0.95294118
0.88627452
0.82745099
0.76470590
0.72941178
0.72549021
0.78823531
0.92156863
0.93725491
0.93725491
0.93725491
0.55294120
0.52156866
0.53725493
0.53725493
0.64705884
0.90588236
0.88235295
0.87843138
0.91372550
0.91764706
0.91764706
0.92156863
0.92156863
0.92549020
0.93333334
0.92549020
0.93333334
0.94117647
0.94509804
0.93333334
0.83529413
0.74901962
0.67450982
0.63921571
0.62352943
0.60000002
0.56078434
0.65098041
0.89803922
0.93725491
0.93333334
0.93725491
0.87843138
0.84313726
0.87843138
0.87450981
0.89019608
0.90588236
0.82745099
0.80784315
0.83921570
0.87058824
0.88235295
0.85882354
0.87450981
0.88235295
0.90196079
0.91372550
0.92941177
0.93725491
0.94509804
0.92941177
0.81568629
0.79607844
0.81176472
0.79215688
0.82745099
0.76862746
0.64313728
0.79215688
0.91372550
0.93333334
0.93725491
0.93725491
0.87058824
0.85098040
0.87843138
0.91764706
0.94509804
0.89019608
0.81568629
0.68235296
0.71764708
0.83921570
0.73725492
0.47450981
0.49411765
0.51764709
0.54509807
0.57647061
0.63137257
0.68235296
0.86274511
0.92941177
0.92156863
0.93333334
0.94117647
0.91372550
0.92941177
0.89803922
0.83137256
0.92941177
0.91764706
0.91372550
0.94901961
0.94901961
0.59607846
0.57647061
0.55294120
0.59215689
0.64705884
0.75686276
0.80392158
0.80000001
0.88627452
0.91764706
0.71764708
0.36078432
0.35686275
0.35686275
0.35294119
0.38431373
0.50588238
0.70196080
0.91372550
0.94509804
0.94509804
0.92941177
0.91372550
0.85098040
0.83137256
0.86274511
0.87450981
0.83921570
0.76862746
0.80392158
0.89019608
0.91764706
0.42352942
0.44705883
0.39215687
0.40000001
0.60784316
0.64313728
0.64313728
0.81176472
0.91764706
0.89411765
0.74509805
0.54117650
0.51372552
0.52941179
0.65882355
0.81176472
0.87450981
0.90980393
0.89019608
0.83137256
0.76470590
0.68235296
0.63921571
0.57647061
0.54901963
0.56470591
0.59607846
0.59215689
0.57647061
0.62745100
0.79607844
0.84705883
0.30196080
0.36862746
0.45490196
0.60000002
0.61176473
0.43137255
0.46274510
0.63137257
0.71372551
0.77254903
0.77647060
0.78431374
0.79215688
0.85098040
0.92549020
0.85098040
0.72941178
0.67450982
0.62352943
0.58431375
0.54117650
0.48235294
0.46274510
0.48235294
0.50196081
0.50980395
0.56862748
0.63137257
0.68235296
0.72156864
0.83529413
0.81568629
0.13725491
0.18431373
0.59215689
0.86274511
0.58823532
0.48235294
0.52549022
0.63529414
0.70588237
0.82745099
0.88235295
0.91372550
0.90980393
0.94117647
0.93333334
0.74509805
0.63921571
0.63529414
0.66666669
0.69411767
0.73333335
0.71372551
0.71372551
0.73333335
0.74117649
0.74901962
0.80000001
0.85098040
0.85490197
0.81568629
0.75686276
0.71764708
0.09411765
0.30980393
0.85098040
0.93725491
0.83137256
0.82745099
0.85490197
0.89803922
0.92941177
0.96470588
0.96078432
0.93725491
0.86274511
0.93725491
0.94509804
0.91764706
0.89411765
0.83921570
0.90196079
0.89803922
0.90588236
0.91764706
0.90980393
0.87843138
0.83137256
0.81960785
0.77254903
0.70196080
0.66274512
0.63137257
0.61960787
0.64705884
0.27843139
0.70196080
0.87058824
0.84705883
0.85098040
0.89803922
0.90196079
0.89019608
0.89019608
0.89411765
0.89411765
0.86666667
0.81176472
0.84313726
0.75686276
0.73725492
0.72156864
0.76470590
0.72941178
0.61176473
0.63137257
0.70588237
0.67843139
0.61960787
0.54117650
0.52941179
0.52156866
0.51372552
0.54901963
0.59215689
0.61960787
0.61176473
0.63137257
0.81176472
0.76078433
0.74117649
0.73333335
0.74509805
0.75294119
0.75686276
0.75294119
0.74509805
0.74117649
0.74117649
0.73725492
0.72941178
0.63921571
0.60392159
0.60392159
0.66666669
0.63921571
0.56862748
0.58039218
0.60000002
0.56470591
0.53333336
0.50980395
0.52549022
0.54509807
0.55294120
0.56470591
0.57254905
0.58039218
0.61176473
0.42745098
0.44313726
0.47843137
0.49803922
0.52549022
0.55686277
0.57647061
0.58823532
0.59607846
0.62745100
0.64705884
0.67450982
0.70980394
0.72941178
0.70588237
0.68627453
0.67450982
0.65882355
0.63921571
0.60784316
0.58039218
0.54509807
0.51764709
0.49803922
0.50588238
0.52156866
0.50588238
0.47843137
0.49411765
0.54117650
0.57254905
0.61176473
0.16078432
0.09803922
0.13725491
0.18823530
0.20392157
0.21960784
0.22745098
0.23921569
0.24313726
0.27450982
0.30196080
0.34117648
0.41568628
0.47450981
0.49411765
0.49411765
0.49803922
0.49411765
0.47058824
0.43921569
0.41568628
0.40784314
0.40392157
0.40000001
0.41176471
0.43137255
0.45098040
0.46666667
0.50196081
0.53333336
0.55294120
0.58431375
0.21568628
0.07843138
0.07450981
0.20784314
0.22745098
0.16078432
0.11764706
0.09411765
0.06666667
0.05882353
0.05882353
0.07843138
0.16470589
0.21960784
0.23529412
0.24313726
0.27843139
0.31764707
0.30196080
0.29803923
0.30588236
0.30980393
0.32549021
0.35294119
0.39607844
0.46274510
0.54117650
0.54117650
0.49019608
0.50196081
0.53725493
0.61960787
0.17647059
0.10196079
0.07058824
0.16078432
0.32941177
0.29803923
0.22352941
0.14509805
0.08235294
0.04313726
0.02745098
0.02745098
0.13725491
0.35686275
0.30588236
0.24313726
0.23529412
0.24313726
0.24705882
0.27058825
0.29019609
0.32549021
0.38823530
0.48235294
0.57254905
0.58431375
0.52941179
0.44705883
0.45490196
0.52156866
0.57254905
0.68627453
0.06666667
0.03529412
0.03137255
0.04313726
0.18039216
0.22352941
0.18431373
0.13725491
0.07843138
0.02745098
0.01568628
0.01176471
0.05882353
0.52549022
0.70196080
0.58039218
0.51372552
0.49019608
0.48627451
0.49803922
0.49411765
0.52156866
0.56470591
0.55294120
0.45490196
0.35686275
0.38039216
0.45490196
0.50588238
0.56470591
0.64705884
0.74509805
0.13725491
0.02745098
0.01176471
0.01568628
0.02745098
0.06666667
0.06666667
0.04705882
0.02745098
0.01176471
0.00784314
0.01176471
0.00784314
0.25098041
0.57254905
0.58039218
0.56470591
0.55294120
0.53725493
0.50588238
0.47843137
0.41568628
0.32549021
0.27058825
0.27450982
0.34509805
0.44313726
0.49411765
0.52941179
0.61960787
0.69019610
0.76078433
0.25098041
0.08235294
0.00392157
0.00784314
0.00000000
0.01960784
0.03529412
0.01960784
0.00784314
0.00000000
0.00000000
0.00392157
0.00392157
0.04313726
0.23137255
0.26666668
0.26274511
0.27058825
0.26274511
0.23137255
0.19215687
0.16470589
0.18039216
0.27843139
0.40000001
0.45490196
0.47058824
0.50196081
0.57647061
0.67058825
0.71764708
0.76862746
0.32156864
0.16862746
0.00392157
0.00784314
0.00000000
0.00784314
0.01960784
0.00784314
0.00000000
0.00000000
0.00000000
0.00000000
0.00000000
0.00784314
0.14901961
0.21176471
0.18039216
0.16862746
0.14117648
0.13333334
0.15294118
0.21960784
0.32156864
0.41176471
0.45098040
0.45098040
0.46274510
0.51372552
0.58823532
0.68235296
0.73333335
0.78039217
0.36470589
0.19607843
0.01176471
0.00392157
0.00000000
0.00392157
0.01176471
0.00784314
0.00392157
0.00000000
0.00000000
0.00392157
0.00784314
0.00000000
0.10980392
0.18431373
0.09019608
0.04705882
0.08627451
0.21568628
0.31764707
0.38823530
0.43529412
0.43921569
0.44313726
0.46666667
0.49411765
0.53725493
0.59215689
0.67058825
0.73725492
0.78823531
0.34901962
0.14509805
0.04313726
0.01568628
0.00784314
0.01568628
0.01568628
0.00784314
0.00392157
0.00392157
0.00392157
0.00784314
0.02352941
0.00784314
0.05098039
0.09411765
0.09803922
0.16078432
0.24313726
0.32156864
0.39607844
0.44313726
0.43921569
0.43529412
0.45098040
0.49411765
0.53725493
0.56862748
0.63137257
0.70196080
0.75686276
0.78823531
0.32156864
0.14117648
0.08627451
0.06666667
0.05882353
0.05882353
0.05098039
0.04705882
0.04705882
0.05098039
0.05490196
0.05882353
0.07843138
0.08235294
0.10588235
0.17647059
0.26274511
0.31764707
0.33333334
0.34509805
0.41176471
0.43137255
0.41960785
0.43921569
0.46666667
0.49803922
0.54117650
0.59215689
0.64313728
0.71764708
0.76862746
0.78431374
0.32549021
0.18823530
0.14901961
0.14509805
0.13725491
0.12941177
0.13333334
0.14901961
0.15686275
0.16078432
0.17254902
0.18039216
0.17647059
0.18823530
0.23137255
0.29019609
0.32549021
0.36078432
0.38039216
0.38039216
0.41960785
0.41568628
0.42352942
0.45882353
0.48235294
0.52156866
0.55294120
0.60000002
0.63921571
0.69803923
0.74901962
0.78039217
1 0 0 0 0 0 0 0 -1 0 0
0 1 0 0 0 0 0 0 -1 0 0
0 0 1 0 0 0 0 0 -1 0 0
0 0 0 1 0 0 0 0 -1 0 0
0 0 0 0 1 0 0 0 -1 0 0
0 0 0 0 0 1 0 0 -1 0 0
0 0 0 0 0 0 1 0 -1 0 0
0 0 0 0 0 0 0 1 -1 0 0
0 0 0 0 0 0 0 0 -1 1 0
