0.63529414
0.63921571
0.56470591
0.55294120
0.54509807
0.59215689
0.62745100
0.61960787
0.60784316
0.62352943
0.55686277
0.56470591
0.62745100
0.57254905
0.60392159
0.65098041
0.64313728
0.66274512
0.65882355
0.58823532
0.50980395
0.50588238
0.46666667
0.48627451
0.46666667
0.44313726
0.49803922
0.52941179
0.55686277
0.61960787
0.63529414
0.65098041
0.74117649
0.72941178
0.67450982
0.63137257
0.63921571
0.68235296
0.76862746
0.74117649
0.72941178
0.73333335
0.62352943
0.65098041
0.69411767
0.66274512
0.67843139
0.71764708
0.73333335
0.74901962
0.69803923
0.63529414
0.55294120
0.55686277
0.52156866
0.54509807
0.51764709
0.50196081
0.54901963
0.61568630
0.60392159
0.66666669
0.69411767
0.74509805
0.77254903
0.74509805
0.69411767
0.62745100
0.65098041
0.69019610
0.78823531
0.72549021
0.74509805
0.76078433
0.60392159
0.65490198
0.68627453
0.67843139
0.67450982
0.69803923
0.74117649
0.70196080
0.62745100
0.58823532
0.52941179
0.55686277
0.51372552
0.50588238
0.47058824
0.48235294
0.52941179
0.59607846
0.59607846
0.62745100
0.63529414
0.70980394
0.75294119
0.72941178
0.67843139
0.60784316
0.62352943
0.66666669
0.74901962
0.70196080
0.74509805
0.76078433
0.61176473
0.69411767
0.67843139
0.71764708
0.72549021
0.74117649
0.78039217
0.67843139
0.60784316
0.57647061
0.53725493
0.53333336
0.50980395
0.47843137
0.45098040
0.47058824
0.50588238
0.54117650
0.61176473
0.61960787
0.61176473
0.70588237
0.74117649
0.70588237
0.61176473
0.58039218
0.59215689
0.61568630
0.72156864
0.69803923
0.71372551
0.74901962
0.63137257
0.70196080
0.69019610
0.73333335
0.76078433
0.76862746
0.79215688
0.68235296
0.60000002
0.56862748
0.52549022
0.50588238
0.49411765
0.47450981
0.44705883
0.43529412
0.47058824
0.52156866
0.58431375
0.58039218
0.60784316
0.72156864
0.69803923
0.66666669
0.54901963
0.54901963
0.58431375
0.57647061
0.68235296
0.69803923
0.68235296
0.74117649
0.63921571
0.69411767
0.70196080
0.72941178
0.73333335
0.71764708
0.71764708
0.66274512
0.59607846
0.56862748
0.51764709
0.49019608
0.50196081
0.48627451
0.47843137
0.44313726
0.45882353
0.49803922
0.54509807
0.56470591
0.61568630
0.70196080
0.65098041
0.65882355
0.56862748
0.51764709
0.55686277
0.52549022
0.60000002
0.66666669
0.65490198
0.72156864
0.67058825
0.65882355
0.67450982
0.71764708
0.70588237
0.65882355
0.62745100
0.60784316
0.58431375
0.59607846
0.54117650
0.48235294
0.52549022
0.50980395
0.49019608
0.47843137
0.47450981
0.49803922
0.52549022
0.57254905
0.63137257
0.69803923
0.65098041
0.65098041
0.54509807
0.47450981
0.50588238
0.50196081
0.54509807
0.64313728
0.62352943
0.66274512
0.67058825
0.62352943
0.63921571
0.67450982
0.67058825
0.63529414
0.60392159
0.58823532
0.56862748
0.60784316
0.59607846
0.49411765
0.56862748
0.56470591
0.49019608
0.50980395
0.49803922
0.51764709
0.54117650
0.60392159
0.66666669
0.72156864
0.60000002
0.61176473
0.50980395
0.46274510
0.49411765
0.50196081
0.51764709
0.61960787
0.60392159
0.61960787
0.63921571
0.53725493
0.50980395
0.50980395
0.52156866
0.48627451
0.45490196
0.45098040
0.44313726
0.50196081
0.60000002
0.52549022
0.55294120
0.56470591
0.50588238
0.50588238
0.57647061
0.56862748
0.55686277
0.57254905
0.63137257
0.65882355
0.56862748
0.60000002
0.51764709
0.50196081
0.52156866
0.53333336
0.52549022
0.58431375
0.60000002
0.60784316
0.59607846
0.39215687
0.35686275
0.41960785
0.50196081
0.41960785
0.38039216
0.35686275
0.38039216
0.44705883
0.53333336
0.57254905
0.53333336
0.53725493
0.50980395
0.50588238
0.55686277
0.54509807
0.52549022
0.53725493
0.53333336
0.48235294
0.56470591
0.58431375
0.51764709
0.54117650
0.56470591
0.58431375
0.55294120
0.56470591
0.59607846
0.60392159
0.61176473
0.45882353
0.41176471
0.52549022
0.61568630
0.46666667
0.38039216
0.35686275
0.33333334
0.38431373
0.49803922
0.56862748
0.49803922
0.50196081
0.51372552
0.49411765
0.48627451
0.48627451
0.49803922
0.49803922
0.44705883
0.40392157
0.54901963
0.56470591
0.52156866
0.52941179
0.56078434
0.58039218
0.56862748
0.57647061
0.55294120
0.55686277
0.61568630
0.55686277
0.52156866
0.56470591
0.61960787
0.61960787
0.53333336
0.47058824
0.40000001
0.38039216
0.47450981
0.51764709
0.47843137
0.47058824
0.47843137
0.46274510
0.47058824
0.50196081
0.52156866
0.50588238
0.44313726
0.39607844
0.55294120
0.56078434
0.54509807
0.53333336
0.55686277
0.58039218
0.56078434
0.58039218
0.53333336
0.53725493
0.54509807
0.40392157
0.34901962
0.36862746
0.44313726
0.46666667
0.40000001
0.34509805
0.43529412
0.40392157
0.49411765
0.51372552
0.48627451
0.47843137
0.43921569
0.43921569
0.45490196
0.47843137
0.49019608
0.47843137
0.45098040
0.43137255
0.49411765
0.54509807
0.55686277
0.54901963
0.55686277
0.57254905
0.54901963
0.56078434
0.51764709
0.52941179
0.51764709
0.39215687
0.33725491
0.35294119
0.45098040
0.46666667
0.36862746
0.29019609
0.44313726
0.40784314
0.48627451
0.49019608
0.47450981
0.46666667
0.43529412
0.43137255
0.49019608
0.53333336
0.55686277
0.53333336
0.51372552
0.54117650
0.42745098
0.47843137
0.51764709
0.53333336
0.52549022
0.53725493
0.53725493
0.55686277
0.49803922
0.47058824
0.49019608
0.43921569
0.36078432
0.39215687
0.44705883
0.45882353
0.37254903
0.32549021
0.42745098
0.39215687
0.43529412
0.43921569
0.43921569
0.42352942
0.39607844
0.40000001
0.52156866
0.55686277
0.57647061
0.56078434
0.54901963
0.58823532
0.40784314
0.43529412
0.44705883
0.47058824
0.50196081
0.50588238
0.52941179
0.56862748
0.56078434
0.63529414
0.61568630
0.64313728
0.59607846
0.56862748
0.51372552
0.49803922
0.40784314
0.38039216
0.38039216
0.35294119
0.45882353
0.46274510
0.46666667
0.42352942
0.40392157
0.41568628
0.50196081
0.40784314
0.38431373
0.43921569
0.54117650
0.59607846
0.38431373
0.41568628
0.42745098
0.45098040
0.49019608
0.47843137
0.51372552
0.54117650
0.55686277
0.62352943
0.59607846
0.59607846
0.62745100
0.50980395
0.43921569
0.47058824
0.43137255
0.40392157
0.33725491
0.29411766
0.47450981
0.48627451
0.49411765
0.46666667
0.43529412
0.43921569
0.52549022
0.40392157
0.34117648
0.43529412
0.56078434
0.60000002
0.36078432
0.39215687
0.41568628
0.43921569
0.45490196
0.43921569
0.46666667
0.49411765
0.47058824
0.37647060
0.35686275
0.34509805
0.45882353
0.46274510
0.43137255
0.44705883
0.43921569
0.43137255
0.33725491
0.30196080
0.47058824
0.46666667
0.43529412
0.44313726
0.43921569
0.44705883
0.54901963
0.43921569
0.35294119
0.45490196
0.57254905
0.61176473
0.36470589
0.37647060
0.40784314
0.43921569
0.43921569
0.43529412
0.47058824
0.48627451
0.45490196
0.36862746
0.32941177
0.31372550
0.44313726
0.50196081
0.47843137
0.46274510
0.45098040
0.44705883
0.34117648
0.33333334
0.46666667
0.47058824
0.43529412
0.43921569
0.46666667
0.45490196
0.54117650
0.47058824
0.39607844
0.49019608
0.55294120
0.60000002
0.39607844
0.39607844
0.43137255
0.44705883
0.43137255
0.43921569
0.44705883
0.48627451
0.45882353
0.37647060
0.34117648
0.32549021
0.45098040
0.50196081
0.49803922
0.51372552
0.53333336
0.48627451
0.38431373
0.36078432
0.49019608
0.48627451
0.42352942
0.36862746
0.32941177
0.34117648
0.45882353
0.54509807
0.57254905
0.56862748
0.54509807
0.57647061
0.44313726
0.43921569
0.45490196
0.44313726
0.48627451
0.60784316
0.54901963
0.56862748
0.47450981
0.34901962
0.31764707
0.31372550
0.42745098
0.47450981
0.54901963
0.52549022
0.53725493
0.47058824
0.39607844
0.34117648
0.32156864
0.31372550
0.28235295
0.25882354
0.25882354
0.31372550
0.45490196
0.58431375
0.59607846
0.55686277
0.57254905
0.58823532
0.49803922
0.46274510
0.45882353
0.55294120
0.70588237
0.81960785
0.65098041
0.51764709
0.44313726
0.36862746
0.38823530
0.39215687
0.47058824
0.50196081
0.52941179
0.50196081
0.39607844
0.31764707
0.31372550
0.30980393
0.29803923
0.38431373
0.31764707
0.30588236
0.31764707
0.37254903
0.52156866
0.56862748
0.57647061
0.58431375
0.63137257
0.66666669
0.53333336
0.51372552
0.61176473
0.77647060
0.78823531
0.77647060
0.63137257
0.54117650
0.54509807
0.54117650
0.50588238
0.57647061
0.61568630
0.59215689
0.54509807
0.49411765
0.42352942
0.34509805
0.34509805
0.34901962
0.37254903
0.41568628
0.31372550
0.29019609
0.30980393
0.38039216
0.60392159
0.67450982
0.69411767
0.69411767
0.70196080
0.72549021
0.55686277
0.56470591
0.60784316
0.65098041
0.60000002
0.56078434
0.49803922
0.52549022
0.56470591
0.57254905
0.55294120
0.60392159
0.62352943
0.57254905
0.50980395
0.47843137
0.39215687
0.33333334
0.33333334
0.35686275
0.30588236
0.27058825
0.26274511
0.30588236
0.30196080
0.44313726
0.71372551
0.74117649
0.73725492
0.71372551
0.70196080
0.70588237
0.52156866
0.51372552
0.45098040
0.45882353
0.48235294
0.48627451
0.49803922
0.39215687
0.31764707
0.36078432
0.41960785
0.41960785
0.42745098
0.40784314
0.30980393
0.33333334
0.37647060
0.32156864
0.30588236
0.38039216
0.49019608
0.26274511
0.23529412
0.32941177
0.28627452
0.49411765
0.71372551
0.70196080
0.69803923
0.67843139
0.65882355
0.66274512
0.42745098
0.43921569
0.44313726
0.46274510
0.48627451
0.50588238
0.50588238
0.32941177
0.20392157
0.22352941
0.22745098
0.21568628
0.20784314
0.21960784
0.21176471
0.29019609
0.37647060
0.33333334
0.28627452
0.37254903
0.41960785
0.27450982
0.23529412
0.34509805
0.38039216
0.51764709
0.62745100
0.64313728
0.65098041
0.63529414
0.61568630
0.63137257
0.38823530
0.40000001
0.40784314
0.42352942
0.44313726
0.44313726
0.45098040
0.36470589
0.24705882
0.27843139
0.30980393
0.16862746
0.24705882
0.34509805
0.30980393
0.29803923
0.36078432
0.32549021
0.25098041
0.36470589
0.35686275
0.36862746
0.40784314
0.48235294
0.55686277
0.57254905
0.58039218
0.59607846
0.60392159
0.60784316
0.60784316
0.61960787
0.35294119
0.38431373
0.38431373
0.39607844
0.43137255
0.45490196
0.50196081
0.49411765
0.30980393
0.31764707
0.43529412
0.23529412
0.26274511
0.31372550
0.27450982
0.25882354
0.32156864
0.33333334
0.30196080
0.42745098
0.51764709
0.54117650
0.59607846
0.60784316
0.58431375
0.59607846
0.60000002
0.61176473
0.61960787
0.61176473
0.60000002
0.60000002
0.36078432
0.41568628
0.44705883
0.50588238
0.58431375
0.62352943
0.63529414
0.63137257
0.50196081
0.44313726
0.46666667
0.40392157
0.36470589
0.34901962
0.33725491
0.33725491
0.38039216
0.49803922
0.54901963
0.57254905
0.58823532
0.58431375
0.62352943
0.65098041
0.62745100
0.63137257
0.65098041
0.63921571
0.63137257
0.60000002
0.58431375
0.59607846
0.47450981
0.56470591
0.63137257
0.68627453
0.70980394
0.70196080
0.69019610
0.69411767
0.69019610
0.66274512
0.62352943
0.60392159
0.61176473
0.62352943
0.62352943
0.61960787
0.62352943
0.63921571
0.64705884
0.63529414
0.62352943
0.63137257
0.65098041
0.68235296
0.67450982
0.65882355
0.64705884
0.63137257
0.62352943
0.60392159
0.61176473
0.60784316
0.59215689
0.65882355
0.66666669
0.70980394
0.72549021
0.71372551
0.69411767
0.69019610
0.71764708
0.72156864
0.70196080
0.69019610
0.69803923
0.69803923
0.69411767
0.68235296
0.65882355
0.64313728
0.66274512
0.69019610
0.69411767
0.69803923
0.68235296
0.68627453
0.67843139
0.64705884
0.62745100
0.62352943
0.63529414
0.63529414
0.59607846
0.51372552
0.58431375
0.62745100
0.63137257
0.67450982
0.67843139
0.71372551
0.69803923
0.69019610
0.70196080
0.70588237
0.67450982
0.66274512
0.67058825
0.66274512
0.66274512
0.65490198
0.64705884
0.65098041
0.68627453
0.71372551
0.71372551
0.70588237
0.67058825
0.65490198
0.64705884
0.62745100
0.61960787
0.63137257
0.61568630
0.53333336
0.44705883
0.39607844
0.64313728
0.64705884
0.57254905
0.55686277
0.54901963
0.59607846
0.63137257
0.61960787
0.60784316
0.62352943
0.55686277
0.56862748
0.63529414
0.57647061
0.61176473
0.65490198
0.65098041
0.67058825
0.66666669
0.59215689
0.51764709
0.51372552
0.47450981
0.49411765
0.48627451
0.48235294
0.53333336
0.56078434
0.58431375
0.65098041
0.65882355
0.66274512
0.74901962
0.73725492
0.68235296
0.63921571
0.64705884
0.69019610
0.77254903
0.74509805
0.72941178
0.73333335
0.62352943
0.65490198
0.70196080
0.67058825
0.68627453
0.72549021
0.74117649
0.75686276
0.70588237
0.64313728
0.56078434
0.56470591
0.52941179
0.55294120
0.53725493
0.54117650
0.58823532
0.65098041
0.63137257
0.69803923
0.71764708
0.75294119
0.78039217
0.75294119
0.70196080
0.63529414
0.65882355
0.70196080
0.79607844
0.72941178
0.74901962
0.76470590
0.60784316
0.66274512
0.69803923
0.68627453
0.68627453
0.70588237
0.74901962
0.70980394
0.63529414
0.59607846
0.53725493
0.56862748
0.52156866
0.51764709
0.49019608
0.52156866
0.56862748
0.62745100
0.62352943
0.65490198
0.65490198
0.71764708
0.76078433
0.73725492
0.68627453
0.61568630
0.63529414
0.67843139
0.76078433
0.70980394
0.75294119
0.76470590
0.61568630
0.70196080
0.69019610
0.72941178
0.73725492
0.75294119
0.78823531
0.68627453
0.61568630
0.58431375
0.54901963
0.54509807
0.52156866
0.49019608
0.47450981
0.50980395
0.54509807
0.57254905
0.63921571
0.64705884
0.63137257
0.71372551
0.74901962
0.71372551
0.61960787
0.59215689
0.60392159
0.63137257
0.73333335
0.70980394
0.72156864
0.75686276
0.63921571
0.70980394
0.70196080
0.74901962
0.77647060
0.78431374
0.80392158
0.69411767
0.61176473
0.58039218
0.53725493
0.51764709
0.50588238
0.48627451
0.47058824
0.47450981
0.50588238
0.55294120
0.61568630
0.61176473
0.63137257
0.72549021
0.70196080
0.67058825
0.55686277
0.55686277
0.59215689
0.58431375
0.69019610
0.70980394
0.69019610
0.74509805
0.63529414
0.69019610
0.70980394
0.74117649
0.74509805
0.72156864
0.72549021
0.67450982
0.60784316
0.58039218
0.52549022
0.49411765
0.50980395
0.49019608
0.49411765
0.47450981
0.49019608
0.52549022
0.57254905
0.59607846
0.63529414
0.70196080
0.65098041
0.66274512
0.57254905
0.52156866
0.56078434
0.52941179
0.60392159
0.67450982
0.66274512
0.71764708
0.65098041
0.63529414
0.66666669
0.71764708
0.70588237
0.65490198
0.63137257
0.61960787
0.60000002
0.60784316
0.54901963
0.48627451
0.52941179
0.50980395
0.50196081
0.50196081
0.49803922
0.52156866
0.55294120
0.60392159
0.64705884
0.69019610
0.65098041
0.65490198
0.54901963
0.47843137
0.50980395
0.50588238
0.54509807
0.65098041
0.63529414
0.66274512
0.65882355
0.60784316
0.63529414
0.67450982
0.67058825
0.63529414
0.61960787
0.61568630
0.59607846
0.63529414
0.60784316
0.49803922
0.57254905
0.56862748
0.50196081
0.53333336
0.51764709
0.53725493
0.56078434
0.62352943
0.67058825
0.71372551
0.60000002
0.61568630
0.51372552
0.46666667
0.49803922
0.50588238
0.52549022
0.62352943
0.60392159
0.61960787
0.63137257
0.52941179
0.52156866
0.50980395
0.52156866
0.49803922
0.48627451
0.49411765
0.48627451
0.54117650
0.61960787
0.53725493
0.56470591
0.57647061
0.52549022
0.53333336
0.59215689
0.58039218
0.56470591
0.58039218
0.63137257
0.65490198
0.56862748
0.60392159
0.52156866
0.50588238
0.52549022
0.53725493
0.52941179
0.58039218
0.58039218
0.60000002
0.58823532
0.39215687
0.38039216
0.42352942
0.50196081
0.44705883
0.41960785
0.40000001
0.42352942
0.48627451
0.55686277
0.58823532
0.54901963
0.55686277
0.53333336
0.53333336
0.57254905
0.54509807
0.51764709
0.53333336
0.52941179
0.48235294
0.56470591
0.58823532
0.52156866
0.54509807
0.56862748
0.58823532
0.55686277
0.55294120
0.56862748
0.59215689
0.60784316
0.46274510
0.44705883
0.52549022
0.61568630
0.50588238
0.41960785
0.39215687
0.36862746
0.41176471
0.51764709
0.58039218
0.51372552
0.52549022
0.54117650
0.52549022
0.50196081
0.48235294
0.47843137
0.47843137
0.43921569
0.40392157
0.54901963
0.56470591
0.52549022
0.53333336
0.56470591
0.58431375
0.57254905
0.56862748
0.53333336
0.54901963
0.61960787
0.57647061
0.56862748
0.57254905
0.62745100
0.66274512
0.56470591
0.49019608
0.41960785
0.39607844
0.49019608
0.53725493
0.50196081
0.49803922
0.50980395
0.49411765
0.47843137
0.49019608
0.49411765
0.48235294
0.43137255
0.39607844
0.54901963
0.56078434
0.54509807
0.53333336
0.55686277
0.58039218
0.56078434
0.59215689
0.54901963
0.52156866
0.55294120
0.45882353
0.41568628
0.43137255
0.50196081
0.52156866
0.44313726
0.36470589
0.43921569
0.42352942
0.53333336
0.56078434
0.53725493
0.52941179
0.48627451
0.47450981
0.47058824
0.47058824
0.47058824
0.47843137
0.44705883
0.42745098
0.49411765
0.54901963
0.55686277
0.55294120
0.55686277
0.57254905
0.54509807
0.57254905
0.52549022
0.49019608
0.50588238
0.43529412
0.40392157
0.44313726
0.54117650
0.53725493
0.43137255
0.32941177
0.46666667
0.45098040
0.54117650
0.54509807
0.53333336
0.52941179
0.49019608
0.47843137
0.51764709
0.54117650
0.56078434
0.54509807
0.51764709
0.53333336
0.43137255
0.48235294
0.52549022
0.53725493
0.52549022
0.53725493
0.53725493
0.55294120
0.47058824
0.41960785
0.45882353
0.45490196
0.42352942
0.47843137
0.54509807
0.54901963
0.45098040
0.39215687
0.49019608
0.45882353
0.49411765
0.49019608
0.49019608
0.47843137
0.45490196
0.45490196
0.56470591
0.58823532
0.59607846
0.57647061
0.55686277
0.58431375
0.41176471
0.44313726
0.45490196
0.47843137
0.50588238
0.50588238
0.53333336
0.56078434
0.52941179
0.59215689
0.58823532
0.65098041
0.66274512
0.65490198
0.60392159
0.58431375
0.48627451
0.46274510
0.46274510
0.43529412
0.51372552
0.50588238
0.50980395
0.47058824
0.45490196
0.46666667
0.54901963
0.45098040
0.41960785
0.46274510
0.54901963
0.59607846
0.39215687
0.42352942
0.43921569
0.45490196
0.49411765
0.48235294
0.51764709
0.53333336
0.54117650
0.60784316
0.58823532
0.60784316
0.68627453
0.58431375
0.51372552
0.54901963
0.49803922
0.48235294
0.42745098
0.37254903
0.52156866
0.52156866
0.52941179
0.50980395
0.47450981
0.47450981
0.56078434
0.44313726
0.38039216
0.46666667
0.57647061
0.60784316
0.36862746
0.40000001
0.42745098
0.44705883
0.45882353
0.44313726
0.47058824
0.49411765
0.47058824
0.39215687
0.37647060
0.36862746
0.49803922
0.51764709
0.49803922
0.52156866
0.49803922
0.51372552
0.43137255
0.38039216
0.51764709
0.50196081
0.47450981
0.48627451
0.47058824
0.46274510
0.56470591
0.45882353
0.38431373
0.49411765
0.59607846
0.62352943
0.36078432
0.37254903
0.40784314
0.44313726
0.44313726
0.44313726
0.48235294
0.49803922
0.47058824
0.40000001
0.36078432
0.34509805
0.48627451
0.54509807
0.53725493
0.52549022
0.50980395
0.51764709
0.42352942
0.40392157
0.50588238
0.49411765
0.46274510
0.47058824
0.49019608
0.46274510
0.54509807
0.47450981
0.40784314
0.50980395
0.56470591
0.60392159
0.38039216
0.38431373
0.41960785
0.44313726
0.43529412
0.45098040
0.46274510
0.50588238
0.48235294
0.40784314
0.37254903
0.36078432
0.50196081
0.53725493
0.53333336
0.55686277
0.58039218
0.53725493
0.43921569
0.41960785
0.52156866
0.49803922
0.43137255
0.38431373
0.34509805
0.35294119
0.46274510
0.54117650
0.56078434
0.56470591
0.54117650
0.56862748
0.42745098
0.42745098
0.44313726
0.43529412
0.48235294
0.61176473
0.55686277
0.58039218
0.49411765
0.37254903
0.34117648
0.33725491
0.45882353
0.49019608
0.56470591
0.54509807
0.56078434
0.50196081
0.42745098
0.37647060
0.34117648
0.32156864
0.29411766
0.27058825
0.27450982
0.33333334
0.45882353
0.58039218
0.58823532
0.55686277
0.57254905
0.58431375
0.48235294
0.45098040
0.45098040
0.54117650
0.69411767
0.81568629
0.65490198
0.52156866
0.45490196
0.38039216
0.40000001
0.40392157
0.47843137
0.49803922
0.52941179
0.50196081
0.40000001
0.32549021
0.32549021
0.32156864
0.30588236
0.39215687
0.32941177
0.31764707
0.33725491
0.39215687
0.52941179
0.56470591
0.56470591
0.58431375
0.63137257
0.66274512
0.52941179
0.50980395
0.61176473
0.76470590
0.77254903
0.77254903
0.62745100
0.53725493
0.54509807
0.54509807
0.50980395
0.58039218
0.61176473
0.58039218
0.54117650
0.48627451
0.41568628
0.34117648
0.34509805
0.34509805
0.37647060
0.42352942
0.32549021
0.30588236
0.32549021
0.40000001
0.61176473
0.67450982
0.68235296
0.69411767
0.70196080
0.72156864
0.55686277
0.56862748
0.61568630
0.63921571
0.57647061
0.54901963
0.49411765
0.52156866
0.56078434
0.56862748
0.55294120
0.60392159
0.62352943
0.57254905
0.51764709
0.48235294
0.39215687
0.33333334
0.33333334
0.35686275
0.31372550
0.28235295
0.27450982
0.32156864
0.32156864
0.46274510
0.71764708
0.73725492
0.72549021
0.71372551
0.69803923
0.70196080
0.52941179
0.52156866
0.46274510
0.45098040
0.46274510
0.47450981
0.49019608
0.38823530
0.31372550
0.35294119
0.41568628
0.41960785
0.43529412
0.41960785
0.32941177
0.34509805
0.38431373
0.32941177
0.31372550
0.38823530
0.49803922
0.27450982
0.24705882
0.34509805
0.30196080
0.50588238
0.71764708
0.69411767
0.68235296
0.67450982
0.65098041
0.65098041
0.43137255
0.44705883
0.45490196
0.46274510
0.47843137
0.50196081
0.50196081
0.32549021
0.20000000
0.22352941
0.23529412
0.22745098
0.21568628
0.22352941
0.21960784
0.29803923
0.38039216
0.34117648
0.29019609
0.37647060
0.42745098
0.27843139
0.24313726
0.35294119
0.39215687
0.53333336
0.63137257
0.63529414
0.63921571
0.62352943
0.60000002
0.61568630
0.39215687
0.40784314
0.41568628
0.42745098
0.44313726
0.43921569
0.44705883
0.35686275
0.23921569
0.27843139
0.32156864
0.18431373
0.25882354
0.35686275
0.32156864
0.30980393
0.36470589
0.33333334
0.25490198
0.36862746
0.36078432
0.37254903
0.41176471
0.48627451
0.56470591
0.58431375
0.58431375
0.58823532
0.59215689
0.60392159
0.60000002
0.61568630
0.35686275
0.38823530
0.39215687
0.39607844
0.43137255
0.45098040
0.49803922
0.48235294
0.29803923
0.31372550
0.44313726
0.25098041
0.28627452
0.33725491
0.29411766
0.28235295
0.32941177
0.33725491
0.30980393
0.43529412
0.52156866
0.54509807
0.60000002
0.61176473
0.59215689
0.60784316
0.60392159
0.60392159
0.60784316
0.61568630
0.60392159
0.60000002
0.36078432
0.41960785
0.45098040
0.50980395
0.58431375
0.62352943
0.63137257
0.61960787
0.48235294
0.43529412
0.46666667
0.41176471
0.38431373
0.36862746
0.35686275
0.35686275
0.38823530
0.50196081
0.55294120
0.57647061
0.58823532
0.58431375
0.62352943
0.65098041
0.63529414
0.64313728
0.65098041
0.63137257
0.61960787
0.60392159
0.58823532
0.60000002
0.47450981
0.56862748
0.63529414
0.68627453
0.70980394
0.69803923
0.68627453
0.68235296
0.66666669
0.64313728
0.61568630
0.60784316
0.61568630
0.62352943
0.62352943
0.61960787
0.62352943
0.63921571
0.65098041
0.63529414
0.62352943
0.63137257
0.65098041
0.68235296
0.68235296
0.67058825
0.65098041
0.62352943
0.60784316
0.59607846
0.60784316
0.60392159
0.59215689
0.65882355
0.67058825
0.70980394
0.72549021
0.71372551
0.69019610
0.67058825
0.68235296
0.69803923
0.69019610
0.68235296
0.68235296
0.67843139
0.67450982
0.66274512
0.65098041
0.64313728
0.66274512
0.69019610
0.69411767
0.69803923
0.68235296
0.68627453
0.68235296
0.65882355
0.62745100
0.61960787
0.61960787
0.60784316
0.57647061
0.49411765
0.58431375
0.62745100
0.63137257
0.66666669
0.66666669
0.69803923
0.68235296
0.67058825
0.67450982
0.68627453
0.66666669
0.65882355
0.65490198
0.65098041
0.64705884
0.64313728
0.64313728
0.64705884
0.68235296
0.71372551
0.71372551
0.70588237
0.67058825
0.65490198
0.65098041
0.63529414
0.61960787
0.62745100
0.60392159
0.51764709
0.43529412
0.38431373
0.63921571
0.64313728
0.56862748
0.56470591
0.56470591
0.61176473
0.64705884
0.63137257
0.61176473
0.62745100
0.56078434
0.57254905
0.63921571
0.58039218
0.61568630
0.65882355
0.65098041
0.67058825
0.66274512
0.59215689
0.50980395
0.50196081
0.46274510
0.48235294
0.46274510
0.44705883
0.51372552
0.56470591
0.59607846
0.65098041
0.67058825
0.66666669
0.74509805
0.73333335
0.67843139
0.63921571
0.64705884
0.69411767
0.77647060
0.74509805
0.72549021
0.72941178
0.61568630
0.64705884
0.69411767
0.66274512
0.67843139
0.71372551
0.73333335
0.74901962
0.69803923
0.63529414
0.54901963
0.55294120
0.51764709
0.53725493
0.50980395
0.50588238
0.56862748
0.65490198
0.65098041
0.71372551
0.74901962
0.78039217
0.77647060
0.74901962
0.69803923
0.62745100
0.64313728
0.68627453
0.78431374
0.71372551
0.72941178
0.74117649
0.58431375
0.63921571
0.67058825
0.66274512
0.65882355
0.68235296
0.73333335
0.69411767
0.61960787
0.58039218
0.51764709
0.54117650
0.49803922
0.49411765
0.45882353
0.48627451
0.54901963
0.63137257
0.64313728
0.68627453
0.70196080
0.75686276
0.75686276
0.73333335
0.68235296
0.60000002
0.60784316
0.65490198
0.73333335
0.68235296
0.71372551
0.72941178
0.58039218
0.66274512
0.65098041
0.69019610
0.69803923
0.71372551
0.76470590
0.66666669
0.59215689
0.56470591
0.52156866
0.51372552
0.48627451
0.45882353
0.43529412
0.47450981
0.52549022
0.57647061
0.65882355
0.67843139
0.67843139
0.75294119
0.74509805
0.70980394
0.61568630
0.56862748
0.56862748
0.59215689
0.69803923
0.66666669
0.67450982
0.70588237
0.59215689
0.66274512
0.65098041
0.69411767
0.72156864
0.73333335
0.77254903
0.67058825
0.58431375
0.55294120
0.50588238
0.48235294
0.47058824
0.45098040
0.43137255
0.43921569
0.49019608
0.55686277
0.63137257
0.63137257
0.66666669
0.75686276
0.69803923
0.66274512
0.54509807
0.52549022
0.55294120
0.54901963
0.65490198
0.67058825
0.65490198
0.71764708
0.61568630
0.66666669
0.67450982
0.70980394
0.71372551
0.69019610
0.70196080
0.63921571
0.56862748
0.54117650
0.49019608
0.46274510
0.47843137
0.46274510
0.45882353
0.43529412
0.47450981
0.53725493
0.59607846
0.61176473
0.68235296
0.74509805
0.64705884
0.64705884
0.55294120
0.49411765
0.52941179
0.49803922
0.57254905
0.63529414
0.62745100
0.70196080
0.65098041
0.63137257
0.65882355
0.72156864
0.70588237
0.65098041
0.62745100
0.58823532
0.54509807
0.56078434
0.51372552
0.45882353
0.50196081
0.49019608
0.46666667
0.45490196
0.47843137
0.53333336
0.57254905
0.61960787
0.70980394
0.75294119
0.65098041
0.63921571
0.52549022
0.45098040
0.47450981
0.47450981
0.51764709
0.60784316
0.57254905
0.61176473
0.62352943
0.58823532
0.63529414
0.67843139
0.67058825
0.63921571
0.63137257
0.60392159
0.56470591
0.61176473
0.58431375
0.46666667
0.54117650
0.54117650
0.46666667
0.49019608
0.49411765
0.53333336
0.56862748
0.62745100
0.72156864
0.76862746
0.60000002
0.59607846
0.49019608
0.43921569
0.46666667
0.47450981
0.49019608
0.58823532
0.56862748
0.57647061
0.60392159
0.52941179
0.52549022
0.50196081
0.51372552
0.50588238
0.51372552
0.50196081
0.47843137
0.55294120
0.61568630
0.50588238
0.52941179
0.53725493
0.48235294
0.49411765
0.56078434
0.55686277
0.54509807
0.56470591
0.65490198
0.68235296
0.56862748
0.58823532
0.50196081
0.47450981
0.49411765
0.50588238
0.49803922
0.57254905
0.59607846
0.59215689
0.60392159
0.43529412
0.38823530
0.40392157
0.48627451
0.45490196
0.45098040
0.41960785
0.43921569
0.52941179
0.58039218
0.58431375
0.52941179
0.52156866
0.49411765
0.49803922
0.53333336
0.50196081
0.47450981
0.49803922
0.52156866
0.48627451
0.56078434
0.57254905
0.49803922
0.51764709
0.53725493
0.55686277
0.52156866
0.55686277
0.59607846
0.58039218
0.61960787
0.52156866
0.45882353
0.50196081
0.59215689
0.50980395
0.45098040
0.41568628
0.39607844
0.47058824
0.56862748
0.60784316
0.52156866
0.50588238
0.51372552
0.49019608
0.45098040
0.41568628
0.40784314
0.42745098
0.39607844
0.38039216
0.54901963
0.55294120
0.50588238
0.50588238
0.53333336
0.55294120
0.53725493
0.55686277
0.51764709
0.49803922
0.59215689
0.60392159
0.57254905
0.54509807
0.60000002
0.67058825
0.59607846
0.51372552
0.45098040
0.46666667
0.56470591
0.59215689
0.52941179
0.49803922
0.49803922
0.47058824
0.43529412
0.41960785
0.41568628
0.41960785
0.38039216
0.36470589
0.56862748
0.56470591
0.53725493
0.50980395
0.52549022
0.54509807
0.52549022
0.54117650
0.47450981
0.47058824
0.52941179
0.45098040
0.40784314
0.41568628
0.48627451
0.52549022
0.46666667
0.39215687
0.49019608
0.52156866
0.63921571
0.64313728
0.59607846
0.56862748
0.51764709
0.49803922
0.47450981
0.44313726
0.42745098
0.43529412
0.42352942
0.41176471
0.50196081
0.54509807
0.54509807
0.52156866
0.51764709
0.53333336
0.50980395
0.53333336
0.50196081
0.51372552
0.54901963
0.49019608
0.47450981
0.49411765
0.55686277
0.53333336
0.44313726
0.34901962
0.50588238
0.52941179
0.64705884
0.64705884
0.61176473
0.58431375
0.54117650
0.51764709
0.54117650
0.53333336
0.53333336
0.52549022
0.52156866
0.54117650
0.40784314
0.45098040
0.48235294
0.49019608
0.48235294
0.49411765
0.49019608
0.54117650
0.52549022
0.50196081
0.56470591
0.56862748
0.55294120
0.61176473
0.63921571
0.58823532
0.48235294
0.43137255
0.53725493
0.52941179
0.59607846
0.59607846
0.57254905
0.54117650
0.49803922
0.48627451
0.57647061
0.57647061
0.57254905
0.57254905
0.57647061
0.60784316
0.36862746
0.38823530
0.39607844
0.41960785
0.45490196
0.45490196
0.48235294
0.54509807
0.57254905
0.65490198
0.67058825
0.72941178
0.74117649
0.81568629
0.79607844
0.73333335
0.60000002
0.56862748
0.56862748
0.54117650
0.61960787
0.60392159
0.58823532
0.52941179
0.49411765
0.49411765
0.55686277
0.44313726
0.40392157
0.47058824
0.58823532
0.63529414
0.34117648
0.36862746
0.37254903
0.39215687
0.43921569
0.42745098
0.46274510
0.49411765
0.52941179
0.60784316
0.60000002
0.60784316
0.68627453
0.74117649
0.75686276
0.75686276
0.66274512
0.64313728
0.57254905
0.49411765
0.61568630
0.60000002
0.58823532
0.54901963
0.50196081
0.49411765
0.57254905
0.43921569
0.36862746
0.47058824
0.60784316
0.64313728
0.32549021
0.34901962
0.36470589
0.38431373
0.40000001
0.38431373
0.41176471
0.44313726
0.43529412
0.35686275
0.34901962
0.33333334
0.49411765
0.67450982
0.72156864
0.67450982
0.63529414
0.65882355
0.55294120
0.45490196
0.57254905
0.55294120
0.50980395
0.49803922
0.48235294
0.48235294
0.58039218
0.47058824
0.38039216
0.48627451
0.61568630
0.64705884
0.32156864
0.32156864
0.34117648
0.38039216
0.38039216
0.38039216
0.43137255
0.46666667
0.43921569
0.34901962
0.31764707
0.30980393
0.50196081
0.70980394
0.71764708
0.63529414
0.60784316
0.61568630
0.49411765
0.43529412
0.52941179
0.51372552
0.46666667
0.45882353
0.48235294
0.47058824
0.55686277
0.48235294
0.40784314
0.50196081
0.57254905
0.61960787
0.34901962
0.32941177
0.34901962
0.38039216
0.37647060
0.39607844
0.43921569
0.50588238
0.46666667
0.35686275
0.32156864
0.32156864
0.51372552
0.69019610
0.68627453
0.67450982
0.67058825
0.60392159
0.47450981
0.43137255
0.52156866
0.49019608
0.41568628
0.35294119
0.32156864
0.34117648
0.45098040
0.53333336
0.55294120
0.55294120
0.53725493
0.57647061
0.41176471
0.39215687
0.38823530
0.38823530
0.43921569
0.56862748
0.54509807
0.59607846
0.49803922
0.34509805
0.31372550
0.31372550
0.47450981
0.61960787
0.68235296
0.64313728
0.62745100
0.54117650
0.44705883
0.37254903
0.33333334
0.30588236
0.27058825
0.23529412
0.23921569
0.30196080
0.43529412
0.56078434
0.56470591
0.53333336
0.55294120
0.57647061
0.48627451
0.43137255
0.41568628
0.50588238
0.65490198
0.78039217
0.64705884
0.54901963
0.47843137
0.38823530
0.40000001
0.39607844
0.49411765
0.58431375
0.58823532
0.56078434
0.43529412
0.33333334
0.32156864
0.30588236
0.29019609
0.37254903
0.29803923
0.27843139
0.29019609
0.34901962
0.49019608
0.52941179
0.53333336
0.54901963
0.60000002
0.64705884
0.53333336
0.49411765
0.57647061
0.72549021
0.72941178
0.72549021
0.61568630
0.55686277
0.57647061
0.56862748
0.52156866
0.57254905
0.62352943
0.62352943
0.54117650
0.50196081
0.42352942
0.32941177
0.32941177
0.32549021
0.35294119
0.39607844
0.29019609
0.25490198
0.27843139
0.36078432
0.57647061
0.64313728
0.65490198
0.65882355
0.67450982
0.70588237
0.55686277
0.54117650
0.57254905
0.58431375
0.51372552
0.48627451
0.46274510
0.52549022
0.58039218
0.60000002
0.56470591
0.58823532
0.62745100
0.56470591
0.45098040
0.45098040
0.38039216
0.30980393
0.31372550
0.33725491
0.28627452
0.24705882
0.23137255
0.26274511
0.27450982
0.43529412
0.69411767
0.71764708
0.70588237
0.69019610
0.68235296
0.69803923
0.50980395
0.48627451
0.41176471
0.38431373
0.38431373
0.40000001
0.44705883
0.37254903
0.32156864
0.38039216
0.41960785
0.39607844
0.42745098
0.37647060
0.22745098
0.29019609
0.36078432
0.30588236
0.29411766
0.37254903
0.47450981
0.23921569
0.20000000
0.28627452
0.26274511
0.49411765
0.70980394
0.69019610
0.67843139
0.66666669
0.65490198
0.66666669
0.40784314
0.40392157
0.40392157
0.40784314
0.42745098
0.46274510
0.47450981
0.30980393
0.18823530
0.21568628
0.21960784
0.20392157
0.19607843
0.20000000
0.17647059
0.26666668
0.36078432
0.31764707
0.27058825
0.36078432
0.40392157
0.25098041
0.21176471
0.31764707
0.36862746
0.52549022
0.63137257
0.63529414
0.63921571
0.62352943
0.62745100
0.63529414
0.36470589
0.37254903
0.36862746
0.38039216
0.40784314
0.41176471
0.43137255
0.34509805
0.22352941
0.26274511
0.30196080
0.16078432
0.23921569
0.33725491
0.30196080
0.28627452
0.33725491
0.30196080
0.22745098
0.34117648
0.33725491
0.35294119
0.39215687
0.46274510
0.54901963
0.58039218
0.58039218
0.59215689
0.59607846
0.61568630
0.63137257
0.63529414
0.33725491
0.36078432
0.35294119
0.35294119
0.39215687
0.42352942
0.48235294
0.47058824
0.28235295
0.29803923
0.42352942
0.22745098
0.26274511
0.30980393
0.27058825
0.25490198
0.29411766
0.29803923
0.26666668
0.39215687
0.49803922
0.52549022
0.57647061
0.59215689
0.57647061
0.60392159
0.60392159
0.60784316
0.61568630
0.63137257
0.62745100
0.61568630
0.34901962
0.39607844
0.41960785
0.46666667
0.54509807
0.59607846
0.61568630
0.60392159
0.47058824
0.41960785
0.44705883
0.39215687
0.36078432
0.34509805
0.33333334
0.33333334
0.35686275
0.46666667
0.51764709
0.54509807
0.56862748
0.57254905
0.61176473
0.63921571
0.62352943
0.63921571
0.65098041
0.63137257
0.62745100
0.61960787
0.59607846
0.59607846
0.47058824
0.54901963
0.61176473
0.65098041
0.67058825
0.67058825
0.67058825
0.66666669
0.65490198
0.63137257
0.60000002
0.58823532
0.59607846
0.60784316
0.60784316
0.60392159
0.60784316
0.62352943
0.63137257
0.61960787
0.61568630
0.62745100
0.65098041
0.67843139
0.67843139
0.66666669
0.65098041
0.62745100
0.61568630
0.60000002
0.58431375
0.57254905
0.59215689
0.65098041
0.65098041
0.67450982
0.68627453
0.68627453
0.67450982
0.66274512
0.67450982
0.68627453
0.67843139
0.67058825
0.67058825
0.66666669
0.66274512
0.65490198
0.65098041
0.64313728
0.66666669
0.69411767
0.69411767
0.69803923
0.68627453
0.68627453
0.68235296
0.65490198
0.62745100
0.61960787
0.62352943
0.60000002
0.52941179
0.43529412
0.58431375
0.62352943
0.61960787
0.64705884
0.64705884
0.68627453
0.67450982
0.65882355
0.66666669
0.67843139
0.65882355
0.65490198
0.65098041
0.64313728
0.64313728
0.63921571
0.65098041
0.65882355
0.69019610
0.72156864
0.71764708
0.70588237
0.67450982
0.65882355
0.65490198
0.63921571
0.61960787
0.62745100
0.60000002
0.49411765
0.38039216
0.32941177
1 0 0 0 0 0 0 0 0 -1 0
0 1 0 0 0 0 0 0 0 -1 0
0 0 1 0 0 0 0 0 0 -1 0
0 0 0 1 0 0 0 0 0 -1 0
0 0 0 0 1 0 0 0 0 -1 0
0 0 0 0 0 1 0 0 0 -1 0
0 0 0 0 0 0 1 0 0 -1 0
0 0 0 0 0 0 0 1 0 -1 0
0 0 0 0 0 0 0 0 1 -1 0
