0.85882354
0.87450981
0.82745099
0.79607844
0.78039217
0.78431374
0.80000001
0.81568629
0.83137256
0.84705883
0.84705883
0.83921570
0.82352942
0.81568629
0.80784315
0.78431374
0.72941178
0.60392159
0.54901963
0.55686277
0.58431375
0.54901963
0.48235294
0.41960785
0.35294119
0.30588236
0.29803923
0.24313726
0.19607843
0.20392157
0.22352941
0.23921569
0.85490197
0.86274511
0.81960785
0.78823531
0.77254903
0.77647060
0.79215688
0.81176472
0.83137256
0.84313726
0.84705883
0.84705883
0.83921570
0.83137256
0.81960785
0.78039217
0.63921571
0.50980395
0.49803922
0.54509807
0.57254905
0.56078434
0.42745098
0.32941177
0.30196080
0.30588236
0.29019609
0.25098041
0.24705882
0.24705882
0.26666668
0.29019609
0.81568629
0.82745099
0.78823531
0.76078433
0.73725492
0.73725492
0.75294119
0.77254903
0.79215688
0.81176472
0.82745099
0.83921570
0.84705883
0.84313726
0.81960785
0.76470590
0.63529414
0.58431375
0.58039218
0.56078434
0.51764709
0.51372552
0.36862746
0.26274511
0.25882354
0.29411766
0.29803923
0.31372550
0.32941177
0.33725491
0.34117648
0.31764707
0.77254903
0.77254903
0.72549021
0.70196080
0.69411767
0.69411767
0.70196080
0.72156864
0.75294119
0.78431374
0.80784315
0.83529413
0.84705883
0.83137256
0.78431374
0.71372551
0.64313728
0.58823532
0.50980395
0.44705883
0.45098040
0.57647061
0.40392157
0.30980393
0.31372550
0.34509805
0.33725491
0.34117648
0.33725491
0.35294119
0.36862746
0.35294119
0.72941178
0.78039217
0.71372551
0.60784316
0.65098041
0.65882355
0.66666669
0.68235296
0.71372551
0.75294119
0.79607844
0.82352942
0.82745099
0.78823531
0.70196080
0.58823532
0.53333336
0.48627451
0.43137255
0.44313726
0.54901963
0.66274512
0.50588238
0.41176471
0.36470589
0.34509805
0.33333334
0.33725491
0.35686275
0.38039216
0.41176471
0.41568628
0.69411767
0.80392158
0.79607844
0.66666669
0.55686277
0.61960787
0.65490198
0.68627453
0.71372551
0.72941178
0.72549021
0.72156864
0.70196080
0.65098041
0.58039218
0.52549022
0.53333336
0.54117650
0.52156866
0.58431375
0.72156864
0.71764708
0.58431375
0.41568628
0.32549021
0.31372550
0.33725491
0.38431373
0.40784314
0.43137255
0.45098040
0.43921569
0.67058825
0.75686276
0.83137256
0.83137256
0.58431375
0.49803922
0.52549022
0.61568630
0.68627453
0.69803923
0.65490198
0.62745100
0.60784316
0.59215689
0.57254905
0.53725493
0.50588238
0.45490196
0.50196081
0.63921571
0.77647060
0.74117649
0.63529414
0.41960785
0.31764707
0.31372550
0.33725491
0.39607844
0.43137255
0.46274510
0.48627451
0.47450981
0.66274512
0.71372551
0.80392158
0.90980393
0.81176472
0.49019608
0.38039216
0.43529412
0.55294120
0.61960787
0.62352943
0.60784316
0.58823532
0.58039218
0.57647061
0.55294120
0.44313726
0.36470589
0.45098040
0.62352943
0.76470590
0.77647060
0.75686276
0.52156866
0.37647060
0.34117648
0.34117648
0.36862746
0.41176471
0.46666667
0.52941179
0.55294120
0.65490198
0.72156864
0.80784315
0.93333334
0.93333334
0.65882355
0.44313726
0.38039216
0.45490196
0.56862748
0.60000002
0.55686277
0.51372552
0.49411765
0.49803922
0.47843137
0.33333334
0.31764707
0.35686275
0.51764709
0.74509805
0.80000001
0.77647060
0.46274510
0.23529412
0.15686275
0.16470589
0.20784314
0.32549021
0.47450981
0.60392159
0.64313728
0.69411767
0.75294119
0.80392158
0.88627452
0.91764706
0.76078433
0.55686277
0.43921569
0.42745098
0.48627451
0.51764709
0.50196081
0.42745098
0.39215687
0.40784314
0.42352942
0.33725491
0.33333334
0.44313726
0.60784316
0.75294119
0.77254903
0.66274512
0.45098040
0.23529412
0.11372549
0.14117648
0.33333334
0.48627451
0.60784316
0.68235296
0.66666669
0.70196080
0.75686276
0.78431374
0.85490197
0.92941177
0.89411765
0.72941178
0.56470591
0.48627451
0.48627451
0.39607844
0.41960785
0.35686275
0.31764707
0.34117648
0.37254903
0.42352942
0.46274510
0.56078434
0.66666669
0.74117649
0.76470590
0.67843139
0.59215689
0.38039216
0.20784314
0.27843139
0.52549022
0.63137257
0.70588237
0.73333335
0.67843139
0.64313728
0.70588237
0.75686276
0.83529413
0.89019608
0.80392158
0.68235296
0.57254905
0.49019608
0.44705883
0.38431373
0.40000001
0.34509805
0.32941177
0.36078432
0.38039216
0.40784314
0.45882353
0.49019608
0.51372552
0.54117650
0.58039218
0.58431375
0.56078434
0.40000001
0.27058825
0.36078432
0.57647061
0.68627453
0.73725492
0.74901962
0.68235296
0.56470591
0.62745100
0.69411767
0.77647060
0.78431374
0.65098041
0.56470591
0.50980395
0.46274510
0.39607844
0.33725491
0.36470589
0.32941177
0.34117648
0.37254903
0.32156864
0.35294119
0.44705883
0.51372552
0.53333336
0.52156866
0.51764709
0.54901963
0.54117650
0.41568628
0.30196080
0.34901962
0.58431375
0.68235296
0.73725492
0.74901962
0.69411767
0.58823532
0.65098041
0.69803923
0.75294119
0.72941178
0.59215689
0.58823532
0.56078434
0.48627451
0.39215687
0.26274511
0.26666668
0.23921569
0.24313726
0.27450982
0.28627452
0.29019609
0.49803922
0.58039218
0.60000002
0.59607846
0.50588238
0.48627451
0.42745098
0.33725491
0.26666668
0.30980393
0.60784316
0.66274512
0.74117649
0.77254903
0.70980394
0.68627453
0.75294119
0.76078433
0.74901962
0.69411767
0.55294120
0.59215689
0.55686277
0.47843137
0.41176471
0.21176471
0.20000000
0.19215687
0.19215687
0.20784314
0.23921569
0.23529412
0.41176471
0.46274510
0.47450981
0.50196081
0.46666667
0.37254903
0.30196080
0.26666668
0.26274511
0.33333334
0.63921571
0.65882355
0.70980394
0.75294119
0.71372551
0.73333335
0.80784315
0.81568629
0.78823531
0.72941178
0.58823532
0.52941179
0.45490196
0.37647060
0.32549021
0.21176471
0.22745098
0.20784314
0.19607843
0.20784314
0.22352941
0.25490198
0.30196080
0.38039216
0.45882353
0.49411765
0.44313726
0.32941177
0.30588236
0.28627452
0.31372550
0.43921569
0.64705884
0.64705884
0.68235296
0.73333335
0.70196080
0.81176472
0.88627452
0.88627452
0.85490197
0.78431374
0.65882355
0.53725493
0.41960785
0.32549021
0.27450982
0.30980393
0.27450982
0.24313726
0.24313726
0.25098041
0.24705882
0.34117648
0.36862746
0.38039216
0.39607844
0.39215687
0.30980393
0.25882354
0.25882354
0.25882354
0.35294119
0.58039218
0.67058825
0.62352943
0.65490198
0.70980394
0.68235296
0.89019608
0.94509804
0.92156863
0.88627452
0.85882354
0.76862746
0.66274512
0.51764709
0.38431373
0.30980393
0.31764707
0.22352941
0.24705882
0.30588236
0.30980393
0.21960784
0.29411766
0.32549021
0.32156864
0.30980393
0.28235295
0.22352941
0.19607843
0.18039216
0.23529412
0.39607844
0.62352943
0.67450982
0.57254905
0.61176473
0.68627453
0.66666669
0.89803922
0.93725491
0.89411765
0.85882354
0.86666667
0.76862746
0.68627453
0.63137257
0.54117650
0.38039216
0.25490198
0.23921569
0.24705882
0.29019609
0.31764707
0.27058825
0.30588236
0.28627452
0.28235295
0.27843139
0.25882354
0.22745098
0.20392157
0.23921569
0.33725491
0.48627451
0.62352943
0.61960787
0.51372552
0.54901963
0.61176473
0.59607846
0.76862746
0.79607844
0.75686276
0.71764708
0.67450982
0.52941179
0.48627451
0.56862748
0.60784316
0.48235294
0.34117648
0.37647060
0.37647060
0.31372550
0.29803923
0.46274510
0.41176471
0.36862746
0.33725491
0.29411766
0.23921569
0.18039216
0.23921569
0.31764707
0.41568628
0.52156866
0.59215689
0.51372552
0.46274510
0.48627451
0.53333336
0.53725493
0.48235294
0.50196081
0.47843137
0.46274510
0.45490196
0.40392157
0.40784314
0.50196081
0.60392159
0.61568630
0.51764709
0.49019608
0.49803922
0.43137255
0.36470589
0.45490196
0.38039216
0.34117648
0.29803923
0.24705882
0.20392157
0.20000000
0.27843139
0.34509805
0.46274510
0.54509807
0.51764709
0.43529412
0.40784314
0.45882353
0.53333336
0.56470591
0.30588236
0.33725491
0.35686275
0.37254903
0.38431373
0.38823530
0.40000001
0.43529412
0.50196081
0.58039218
0.59607846
0.54901963
0.49803922
0.43921569
0.37647060
0.32156864
0.29019609
0.25490198
0.23529412
0.22352941
0.21176471
0.22352941
0.27843139
0.37647060
0.46666667
0.49019608
0.42352942
0.37254903
0.39607844
0.48235294
0.54901963
0.54901963
0.35294119
0.41176471
0.43137255
0.43529412
0.43137255
0.42352942
0.43529412
0.43529412
0.44313726
0.48235294
0.57254905
0.58431375
0.52549022
0.44705883
0.37254903
0.32156864
0.30196080
0.25882354
0.23137255
0.21568628
0.21176471
0.23137255
0.34509805
0.40784314
0.41176471
0.38039216
0.36078432
0.38039216
0.45098040
0.50980395
0.53333336
0.50588238
0.49411765
0.53333336
0.52549022
0.50588238
0.49411765
0.49019608
0.48627451
0.47450981
0.47450981
0.49019608
0.51764709
0.59607846
0.59607846
0.52941179
0.42745098
0.33333334
0.31764707
0.27843139
0.24705882
0.26274511
0.31764707
0.36862746
0.38431373
0.37254903
0.36862746
0.37647060
0.38431373
0.39215687
0.40000001
0.42745098
0.47843137
0.49803922
0.55686277
0.57647061
0.56078434
0.54901963
0.54117650
0.55294120
0.55294120
0.55294120
0.56078434
0.58039218
0.60392159
0.65098041
0.66274512
0.61960787
0.53725493
0.47450981
0.43529412
0.41176471
0.39215687
0.38431373
0.39607844
0.41568628
0.40392157
0.38039216
0.38039216
0.38431373
0.37254903
0.35294119
0.36470589
0.41960785
0.48627451
0.48235294
0.60784316
0.64313728
0.63137257
0.62352943
0.61960787
0.61960787
0.61568630
0.61568630
0.62352943
0.63529414
0.62352943
0.61960787
0.55294120
0.47450981
0.43921569
0.49019608
0.49411765
0.47058824
0.43137255
0.39607844
0.38431373
0.40784314
0.35686275
0.35294119
0.35294119
0.34117648
0.32941177
0.36078432
0.40392157
0.48627451
0.51764709
0.43137255
0.62745100
0.66666669
0.65882355
0.65490198
0.65098041
0.65098041
0.65098041
0.65098041
0.63137257
0.56470591
0.41568628
0.34509805
0.27843139
0.22745098
0.21568628
0.26666668
0.35686275
0.38431373
0.38823530
0.37647060
0.35686275
0.34901962
0.29019609
0.29803923
0.30196080
0.28627452
0.28235295
0.32549021
0.39607844
0.50196081
0.47058824
0.30588236
0.64705884
0.66274512
0.64313728
0.63529414
0.62745100
0.62745100
0.62745100
0.63137257
0.58823532
0.46274510
0.27843139
0.25490198
0.21176471
0.17254902
0.13725491
0.10980392
0.16862746
0.19607843
0.22352941
0.24313726
0.24313726
0.24313726
0.24705882
0.27450982
0.28627452
0.28235295
0.27843139
0.34117648
0.35294119
0.46666667
0.42352942
0.23137255
0.73725492
0.77254903
0.76078433
0.75294119
0.74117649
0.72156864
0.69411767
0.66666669
0.62352943
0.54509807
0.40784314
0.37254903
0.31372550
0.26274511
0.22745098
0.19215687
0.21960784
0.24313726
0.26666668
0.28235295
0.27843139
0.23921569
0.29411766
0.40000001
0.42745098
0.41568628
0.43921569
0.45490196
0.42745098
0.46666667
0.41960785
0.30588236
0.74509805
0.80000001
0.80784315
0.81176472
0.81568629
0.80784315
0.79607844
0.77254903
0.74509805
0.70588237
0.65490198
0.61176473
0.56470591
0.52549022
0.50196081
0.48627451
0.47843137
0.47058824
0.47058824
0.47843137
0.48235294
0.47450981
0.50588238
0.58431375
0.61960787
0.63529414
0.64313728
0.59607846
0.64705884
0.60784316
0.58039218
0.56862748
0.73725492
0.79607844
0.80392158
0.80392158
0.79607844
0.78823531
0.77647060
0.75294119
0.72549021
0.69019610
0.67450982
0.65098041
0.63921571
0.63137257
0.62745100
0.62745100
0.61176473
0.61568630
0.63529414
0.67058825
0.70196080
0.71764708
0.73725492
0.76470590
0.79607844
0.81960785
0.81960785
0.78823531
0.80392158
0.80784315
0.82352942
0.79607844
0.75686276
0.81176472
0.81176472
0.81176472
0.80000001
0.78823531
0.76078433
0.73333335
0.69411767
0.65490198
0.62352943
0.60392159
0.60392159
0.60392159
0.60000002
0.60784316
0.62745100
0.65882355
0.69803923
0.73725492
0.77647060
0.80000001
0.83137256
0.86274511
0.89019608
0.90588236
0.90196079
0.88627452
0.87058824
0.87450981
0.87843138
0.81960785
0.80784315
0.81960785
0.77254903
0.74117649
0.72549021
0.73333335
0.74509805
0.76078433
0.77647060
0.78431374
0.78823531
0.79215688
0.79215688
0.80000001
0.80784315
0.80392158
0.76078433
0.65098041
0.58039218
0.56862748
0.58431375
0.55294120
0.49019608
0.43529412
0.36862746
0.32549021
0.31372550
0.25882354
0.20392157
0.20392157
0.23137255
0.25098041
0.80392158
0.80784315
0.76470590
0.73333335
0.71764708
0.72156864
0.73725492
0.75686276
0.76862746
0.77647060
0.78823531
0.80000001
0.81176472
0.81960785
0.82352942
0.80392158
0.67058825
0.54901963
0.53725493
0.57647061
0.60392159
0.59215689
0.45882353
0.36078432
0.33333334
0.33725491
0.31764707
0.27450982
0.25098041
0.23921569
0.26274511
0.28627452
0.76470590
0.77254903
0.73333335
0.70588237
0.68235296
0.68235296
0.69803923
0.71764708
0.73333335
0.74509805
0.76470590
0.79607844
0.82352942
0.83529413
0.83137256
0.78823531
0.66274512
0.61960787
0.62352943
0.60392159
0.56078434
0.55294120
0.40784314
0.29411766
0.28235295
0.31372550
0.31372550
0.32156864
0.31372550
0.30980393
0.30980393
0.29411766
0.72156864
0.71764708
0.67058825
0.64705884
0.63921571
0.63921571
0.64705884
0.66666669
0.69411767
0.71764708
0.74901962
0.78823531
0.81960785
0.81960785
0.78823531
0.72941178
0.67058825
0.61960787
0.54509807
0.48235294
0.48235294
0.60000002
0.41960785
0.31764707
0.30980393
0.33333334
0.32156864
0.31764707
0.29803923
0.30196080
0.31764707
0.30588236
0.67843139
0.72549021
0.65882355
0.55294120
0.59607846
0.60392159
0.61176473
0.62745100
0.65490198
0.69019610
0.73333335
0.77647060
0.79215688
0.76470590
0.69019610
0.59607846
0.55686277
0.52156866
0.45882353
0.46274510
0.55686277
0.66274512
0.49803922
0.38823530
0.33333334
0.30196080
0.28627452
0.29019609
0.30196080
0.32549021
0.35294119
0.36078432
0.64705884
0.75686276
0.74901962
0.61960787
0.50588238
0.56470591
0.60392159
0.63529414
0.65882355
0.67450982
0.67843139
0.67450982
0.65882355
0.61568630
0.56078434
0.51764709
0.53725493
0.55686277
0.52941179
0.58039218
0.70588237
0.69803923
0.55686277
0.37647060
0.28235295
0.26666668
0.29019609
0.33333334
0.35294119
0.37647060
0.39607844
0.38431373
0.63529414
0.71764708
0.79215688
0.79215688
0.54117650
0.45490196
0.48627451
0.57254905
0.64705884
0.65882355
0.61960787
0.59215689
0.56862748
0.55686277
0.54117650
0.50588238
0.48235294
0.43529412
0.47843137
0.60784316
0.73333335
0.70196080
0.60000002
0.38431373
0.27843139
0.27843139
0.30588236
0.36470589
0.39215687
0.41960785
0.43921569
0.43137255
0.62745100
0.68235296
0.76862746
0.87058824
0.77254903
0.45098040
0.34117648
0.39607844
0.51764709
0.58431375
0.58431375
0.56862748
0.54901963
0.54117650
0.54117650
0.51764709
0.40784314
0.33333334
0.41176471
0.58039218
0.71764708
0.73333335
0.72156864
0.48627451
0.34509805
0.31372550
0.31764707
0.34509805
0.37647060
0.42745098
0.48627451
0.50980395
0.62352943
0.68627453
0.77254903
0.89803922
0.89411765
0.61960787
0.40392157
0.34117648
0.41568628
0.52941179
0.55686277
0.51372552
0.47058824
0.45098040
0.45490196
0.43529412
0.29411766
0.28235295
0.31764707
0.47058824
0.69803923
0.76078433
0.74117649
0.42745098
0.20000000
0.12941177
0.14117648
0.18431373
0.29019609
0.43137255
0.56078434
0.60392159
0.65882355
0.71764708
0.76862746
0.84705883
0.87843138
0.72156864
0.51764709
0.40000001
0.38823530
0.43921569
0.46666667
0.45098040
0.37647060
0.33725491
0.35686275
0.37647060
0.29019609
0.29019609
0.39607844
0.56078434
0.70588237
0.73333335
0.62745100
0.41568628
0.20392157
0.08235294
0.11764706
0.30980393
0.45490196
0.56862748
0.63921571
0.62352943
0.67058825
0.72156864
0.74901962
0.81568629
0.89019608
0.85490197
0.69019610
0.52549022
0.44313726
0.43529412
0.34117648
0.36470589
0.29803923
0.26274511
0.28235295
0.31764707
0.37254903
0.41568628
0.51372552
0.61960787
0.69411767
0.72156864
0.63921571
0.55686277
0.34509805
0.18039216
0.25490198
0.50196081
0.59607846
0.66274512
0.69019610
0.63529414
0.61176473
0.67058825
0.71764708
0.79607844
0.85098040
0.76470590
0.64313728
0.52941179
0.44705883
0.39607844
0.32941177
0.34117648
0.29019609
0.27450982
0.30588236
0.32156864
0.35686275
0.40784314
0.44313726
0.46666667
0.49411765
0.54117650
0.54901963
0.52941179
0.36470589
0.24313726
0.34117648
0.55294120
0.65490198
0.69803923
0.70588237
0.64313728
0.52549022
0.58431375
0.64705884
0.73333335
0.74117649
0.60392159
0.51372552
0.46274510
0.41176471
0.34901962
0.28627452
0.31764707
0.28235295
0.29411766
0.32156864
0.27450982
0.30588236
0.40000001
0.46274510
0.47843137
0.46666667
0.47450981
0.51372552
0.51372552
0.39215687
0.27843139
0.32941177
0.55686277
0.65098041
0.70196080
0.70980394
0.65882355
0.54509807
0.60000002
0.64705884
0.70196080
0.67843139
0.53725493
0.53333336
0.50588238
0.43921569
0.35294119
0.22745098
0.23137255
0.20000000
0.20392157
0.23921569
0.25098041
0.25098041
0.46274510
0.52941179
0.53725493
0.54117650
0.45882353
0.45490196
0.40784314
0.31764707
0.24705882
0.28235295
0.57647061
0.62745100
0.70980394
0.73725492
0.67843139
0.64705884
0.70588237
0.71372551
0.70196080
0.64705884
0.50588238
0.54117650
0.50980395
0.43529412
0.37254903
0.18039216
0.16862746
0.16078432
0.15686275
0.17254902
0.20392157
0.20392157
0.37647060
0.41960785
0.42352942
0.45098040
0.43137255
0.34509805
0.28235295
0.24705882
0.23921569
0.30196080
0.60392159
0.62352943
0.67450982
0.71764708
0.68235296
0.69019610
0.76470590
0.77254903
0.74509805
0.68235296
0.54117650
0.48627451
0.41176471
0.33725491
0.29411766
0.18823530
0.20000000
0.18039216
0.17254902
0.18039216
0.20000000
0.22745098
0.27450982
0.34117648
0.41176471
0.45490196
0.41176471
0.30588236
0.28627452
0.26666668
0.28627452
0.40392157
0.60392159
0.60784316
0.64705884
0.69803923
0.67058825
0.77647060
0.85098040
0.85098040
0.81960785
0.74901962
0.62352943
0.50196081
0.38823530
0.29411766
0.24705882
0.29019609
0.25490198
0.22352941
0.22352941
0.23137255
0.22745098
0.32156864
0.34901962
0.35294119
0.36078432
0.36078432
0.28627452
0.23921569
0.23921569
0.23529412
0.32156864
0.53725493
0.61960787
0.58039218
0.61960787
0.67450982
0.65098041
0.85882354
0.91372550
0.88627452
0.85490197
0.82745099
0.74117649
0.63529414
0.49411765
0.35686275
0.28627452
0.30196080
0.20392157
0.23137255
0.29019609
0.29019609
0.20392157
0.27450982
0.30980393
0.29803923
0.27843139
0.25490198
0.20000000
0.18039216
0.16078432
0.20784314
0.36078432
0.57254905
0.61568630
0.52549022
0.57254905
0.65098041
0.63137257
0.87058824
0.90588236
0.86666667
0.83137256
0.83921570
0.74509805
0.66274512
0.60784316
0.52156866
0.36078432
0.23921569
0.22352941
0.23137255
0.27450982
0.30196080
0.25490198
0.29019609
0.26666668
0.25882354
0.25490198
0.23529412
0.21176471
0.18823530
0.21960784
0.30980393
0.44313726
0.56862748
0.55294120
0.46666667
0.51372552
0.57647061
0.56470591
0.73725492
0.76470590
0.72549021
0.69019610
0.64705884
0.50196081
0.45882353
0.53725493
0.58039218
0.45882353
0.31372550
0.34901962
0.35294119
0.28627452
0.27450982
0.43921569
0.38823530
0.34509805
0.31764707
0.27843139
0.22352941
0.16470589
0.22352941
0.29411766
0.38823530
0.48627451
0.54901963
0.46666667
0.41960785
0.45098040
0.49803922
0.50196081
0.46666667
0.48235294
0.45882353
0.44313726
0.43529412
0.38431373
0.38823530
0.48235294
0.58039218
0.59215689
0.48627451
0.46274510
0.47058824
0.40000001
0.33725491
0.42745098
0.35294119
0.31372550
0.27843139
0.23529412
0.18823530
0.18431373
0.26274511
0.32549021
0.43137255
0.50980395
0.48235294
0.39215687
0.37254903
0.42352942
0.49803922
0.53333336
0.30196080
0.33725491
0.35294119
0.37254903
0.38039216
0.38823530
0.39607844
0.43137255
0.49411765
0.56470591
0.57254905
0.52549022
0.47058824
0.41176471
0.35294119
0.29411766
0.26274511
0.23137255
0.21960784
0.20784314
0.20000000
0.20784314
0.26274511
0.35686275
0.43921569
0.45490196
0.38823530
0.32941177
0.35686275
0.44705883
0.51372552
0.51764709
0.36078432
0.41960785
0.43921569
0.44313726
0.43921569
0.43137255
0.44313726
0.44313726
0.44313726
0.46666667
0.54901963
0.56078434
0.50196081
0.41960785
0.34901962
0.29803923
0.27843139
0.23529412
0.21176471
0.20392157
0.20000000
0.21568628
0.32941177
0.38431373
0.38431373
0.34901962
0.32156864
0.34117648
0.41176471
0.47058824
0.49803922
0.47058824
0.50196081
0.54117650
0.52941179
0.51372552
0.50196081
0.49803922
0.49411765
0.48235294
0.47058824
0.47450981
0.49019608
0.56862748
0.56862748
0.50196081
0.40392157
0.30588236
0.29019609
0.25098041
0.23137255
0.25098041
0.30588236
0.35294119
0.36862746
0.35294119
0.34117648
0.34117648
0.34509805
0.34901962
0.36470589
0.39215687
0.44313726
0.46274510
0.55686277
0.57647061
0.55686277
0.54509807
0.54117650
0.54901963
0.54901963
0.54901963
0.55294120
0.56078434
0.57647061
0.62352943
0.63529414
0.58823532
0.50980395
0.44705883
0.40784314
0.38431373
0.37254903
0.36862746
0.38431373
0.40000001
0.39215687
0.36078432
0.34901962
0.34901962
0.33725491
0.30980393
0.32549021
0.38039216
0.45098040
0.45098040
0.60784316
0.63921571
0.63137257
0.62352943
0.61568630
0.61568630
0.61176473
0.61176473
0.61568630
0.61176473
0.59607846
0.59215689
0.52549022
0.44705883
0.41568628
0.46666667
0.47058824
0.45098040
0.41568628
0.38431373
0.36862746
0.39215687
0.34117648
0.32941177
0.32156864
0.30588236
0.29411766
0.32156864
0.36862746
0.45490196
0.49019608
0.40784314
0.63137257
0.67058825
0.66666669
0.66274512
0.65882355
0.65490198
0.65490198
0.65490198
0.62745100
0.54117650
0.38431373
0.31764707
0.25490198
0.20392157
0.19607843
0.25098041
0.34509805
0.37254903
0.37647060
0.36078432
0.33725491
0.33333334
0.26666668
0.26666668
0.26666668
0.25098041
0.23921569
0.28235295
0.36470589
0.47843137
0.45098040
0.29019609
0.65490198
0.67058825
0.64705884
0.63921571
0.63137257
0.63137257
0.63137257
0.63137257
0.58431375
0.44313726
0.25098041
0.23137255
0.19215687
0.15686275
0.12549020
0.10196079
0.16470589
0.19607843
0.21568628
0.22745098
0.22745098
0.22352941
0.22745098
0.24705882
0.25882354
0.24705882
0.23921569
0.30588236
0.32156864
0.44313726
0.40784314
0.21960784
0.73333335
0.76862746
0.75686276
0.74901962
0.73725492
0.71764708
0.69019610
0.66274512
0.61568630
0.52549022
0.38823530
0.35686275
0.29803923
0.25490198
0.22352941
0.18823530
0.21960784
0.24313726
0.26274511
0.27450982
0.26666668
0.22352941
0.27843139
0.38431373
0.40392157
0.39215687
0.41176471
0.42745098
0.40000001
0.44313726
0.40000001
0.28627452
0.73333335
0.78823531
0.79607844
0.80000001
0.80392158
0.79607844
0.78039217
0.76078433
0.72941178
0.69019610
0.63921571
0.59607846
0.55294120
0.52156866
0.50196081
0.49019608
0.48235294
0.47450981
0.47450981
0.47843137
0.47843137
0.47058824
0.49803922
0.56862748
0.60392159
0.61568630
0.62352943
0.57254905
0.62352943
0.58823532
0.56078434
0.55294120
0.72549021
0.78431374
0.78823531
0.79215688
0.78431374
0.77647060
0.76078433
0.74117649
0.70980394
0.67843139
0.66274512
0.64313728
0.63529414
0.63137257
0.63137257
0.63529414
0.61960787
0.62745100
0.64705884
0.67843139
0.70588237
0.72156864
0.73725492
0.76078433
0.78823531
0.80784315
0.80392158
0.77254903
0.78823531
0.78823531
0.80392158
0.78431374
0.74117649
0.79607844
0.80000001
0.79607844
0.78431374
0.77254903
0.74509805
0.71764708
0.67843139
0.64313728
0.61960787
0.60000002
0.60392159
0.60784316
0.60784316
0.61960787
0.63921571
0.67450982
0.70980394
0.74901962
0.78431374
0.80784315
0.83529413
0.86666667
0.88627452
0.89411765
0.89019608
0.87058824
0.85490197
0.85490197
0.86274511
0.80784315
0.77647060
0.78431374
0.73725492
0.70588237
0.69019610
0.69803923
0.70980394
0.72549021
0.74117649
0.74509805
0.74117649
0.71764708
0.68627453
0.64313728
0.59607846
0.53333336
0.43921569
0.29411766
0.23137255
0.24313726
0.27450982
0.23921569
0.18431373
0.14117648
0.09803922
0.08235294
0.10196079
0.07450981
0.07058824
0.09019608
0.09803922
0.09411765
0.76862746
0.77254903
0.72941178
0.69803923
0.68235296
0.68627453
0.70196080
0.72156864
0.74509805
0.76078433
0.75294119
0.71764708
0.66666669
0.61568630
0.56862748
0.50980395
0.35294119
0.21960784
0.18431373
0.20392157
0.22745098
0.22352941
0.11372549
0.04705882
0.04705882
0.07843138
0.09019608
0.07058824
0.11372549
0.12941177
0.14117648
0.15294118
0.73333335
0.73725492
0.69803923
0.67058825
0.64705884
0.64705884
0.66274512
0.68235296
0.70980394
0.74117649
0.74117649
0.70588237
0.66274512
0.61568630
0.56470591
0.49411765
0.36470589
0.32156864
0.30196080
0.26274511
0.21568628
0.22745098
0.11764706
0.04705882
0.06666667
0.11764706
0.14117648
0.17647059
0.23137255
0.25490198
0.25490198
0.22745098
0.68627453
0.68235296
0.63529414
0.61176473
0.60392159
0.60392159
0.61176473
0.63529414
0.67058825
0.70980394
0.72156864
0.71372551
0.69019610
0.63921571
0.56470591
0.47843137
0.40392157
0.34901962
0.27450982
0.21960784
0.23921569
0.38431373
0.24705882
0.17647059
0.19607843
0.23921569
0.24705882
0.25882354
0.27450982
0.29803923
0.31372550
0.29803923
0.64705884
0.69019610
0.62352943
0.51764709
0.56078434
0.56862748
0.57647061
0.59215689
0.61960787
0.65882355
0.69803923
0.72549021
0.71372551
0.65490198
0.53725493
0.39607844
0.31372550
0.25098041
0.21568628
0.26274511
0.40000001
0.53725493
0.40784314
0.32941177
0.29411766
0.27450982
0.26274511
0.26274511
0.28235295
0.30588236
0.33725491
0.34509805
0.61176473
0.71372551
0.70980394
0.58039218
0.47058824
0.52941179
0.56862748
0.60000002
0.62352943
0.63921571
0.64313728
0.65098041
0.63137257
0.57254905
0.48235294
0.39607844
0.36862746
0.35294119
0.34901962
0.44313726
0.60392159
0.61568630
0.50196081
0.34509805
0.26274511
0.25098041
0.27450982
0.30980393
0.32156864
0.33333334
0.35294119
0.34901962
0.58431375
0.66274512
0.74117649
0.74509805
0.50196081
0.41960785
0.45098040
0.53725493
0.61568630
0.63529414
0.60392159
0.58431375
0.56862748
0.55294120
0.52549022
0.47058824
0.42352942
0.36078432
0.40000001
0.53725493
0.67843139
0.65490198
0.56078434
0.35686275
0.26274511
0.26666668
0.29411766
0.35686275
0.37254903
0.39215687
0.41176471
0.40392157
0.57254905
0.61960787
0.71372551
0.82352942
0.73333335
0.41568628
0.30196080
0.36470589
0.48627451
0.56078434
0.57254905
0.56470591
0.54901963
0.54117650
0.53725493
0.50196081
0.37647060
0.29019609
0.36078432
0.52549022
0.67058825
0.69411767
0.68627453
0.45882353
0.32549021
0.29803923
0.30588236
0.34117648
0.36078432
0.40392157
0.46274510
0.49019608
0.56862748
0.62745100
0.71764708
0.84705883
0.85098040
0.58431375
0.36862746
0.30588236
0.38039216
0.50196081
0.54117650
0.50588238
0.46666667
0.44705883
0.44705883
0.41568628
0.25882354
0.23529412
0.26274511
0.41960785
0.65098041
0.71764708
0.70196080
0.39607844
0.18431373
0.11372549
0.12941177
0.17647059
0.27450982
0.41176471
0.53725493
0.58039218
0.60392159
0.65882355
0.71372551
0.80000001
0.83529413
0.68627453
0.48235294
0.36470589
0.35294119
0.41176471
0.44313726
0.43921569
0.36862746
0.33333334
0.34509805
0.34901962
0.24705882
0.23529412
0.33725491
0.50588238
0.65882355
0.69411767
0.58823532
0.38823530
0.18431373
0.07058824
0.10980392
0.30196080
0.43921569
0.54509807
0.61568630
0.60392159
0.61568630
0.66274512
0.69411767
0.76862746
0.84705883
0.81568629
0.65490198
0.49019608
0.40784314
0.40392157
0.31372550
0.34509805
0.29019609
0.25490198
0.26666668
0.29019609
0.32941177
0.35686275
0.45490196
0.56862748
0.64705884
0.68235296
0.60392159
0.52941179
0.32549021
0.16862746
0.24313726
0.49411765
0.58039218
0.64313728
0.66666669
0.61568630
0.55686277
0.61176473
0.66274512
0.74901962
0.80784315
0.72941178
0.60784316
0.49411765
0.41176471
0.36078432
0.29803923
0.32156864
0.27058825
0.25882354
0.28235295
0.29019609
0.30980393
0.34901962
0.38431373
0.41176471
0.44705883
0.49803922
0.51372552
0.50196081
0.34901962
0.23137255
0.32941177
0.54509807
0.63921571
0.67843139
0.68235296
0.62352943
0.45490196
0.51372552
0.58431375
0.67450982
0.68627453
0.55686277
0.47450981
0.42352942
0.37647060
0.31372550
0.25490198
0.28627452
0.25098041
0.26666668
0.29411766
0.23921569
0.26666668
0.35686275
0.41176471
0.42745098
0.41960785
0.43529412
0.48627451
0.49411765
0.37647060
0.26666668
0.31372550
0.54509807
0.62745100
0.67450982
0.68627453
0.63529414
0.46274510
0.52156866
0.57647061
0.63529414
0.61568630
0.48235294
0.48627451
0.46274510
0.40000001
0.31764707
0.19607843
0.20000000
0.17254902
0.17647059
0.20784314
0.21960784
0.22352941
0.43137255
0.49019608
0.49019608
0.49411765
0.42352942
0.43137255
0.39215687
0.30588236
0.23137255
0.26274511
0.55294120
0.60000002
0.68235296
0.70980394
0.65098041
0.57647061
0.63529414
0.64705884
0.63921571
0.58823532
0.45098040
0.49411765
0.46274510
0.39215687
0.34117648
0.15294118
0.14117648
0.13333334
0.12941177
0.14901961
0.17647059
0.17647059
0.34901962
0.38431373
0.38431373
0.41176471
0.40000001
0.32549021
0.26666668
0.23137255
0.21960784
0.27843139
0.57254905
0.59607846
0.64705884
0.69019610
0.65490198
0.63921571
0.70588237
0.71764708
0.69019610
0.63137257
0.49019608
0.43137255
0.35686275
0.29411766
0.26274511
0.16470589
0.18039216
0.15686275
0.14901961
0.16078432
0.17647059
0.20784314
0.25098041
0.31372550
0.38039216
0.41960785
0.38431373
0.28627452
0.26666668
0.24705882
0.26666668
0.37647060
0.56862748
0.57647061
0.61568630
0.67058825
0.64313728
0.73725492
0.80392158
0.80392158
0.77254903
0.69803923
0.56862748
0.44313726
0.32941177
0.24705882
0.21960784
0.27058825
0.23921569
0.20784314
0.20392157
0.21176471
0.21176471
0.30588236
0.32941177
0.32549021
0.32941177
0.32941177
0.26274511
0.22352941
0.22352941
0.21568628
0.29411766
0.50588238
0.57647061
0.54509807
0.58823532
0.64705884
0.62352943
0.83137256
0.87843138
0.85098040
0.81176472
0.77647060
0.68235296
0.57254905
0.43137255
0.30588236
0.26274511
0.28627452
0.19215687
0.21568628
0.27843139
0.27843139
0.18823530
0.26274511
0.29411766
0.27843139
0.25490198
0.23137255
0.18431373
0.16862746
0.14509805
0.18431373
0.32941177
0.53333336
0.56470591
0.48627451
0.54509807
0.62352943
0.60784316
0.84313726
0.87450981
0.83137256
0.79215688
0.79215688
0.69019610
0.60392159
0.54509807
0.46666667
0.33333334
0.22745098
0.21176471
0.21960784
0.26274511
0.29019609
0.24313726
0.27843139
0.25490198
0.24313726
0.23137255
0.21568628
0.19607843
0.17254902
0.20000000
0.28627452
0.41176471
0.52549022
0.50588238
0.42352942
0.48235294
0.54901963
0.53725493
0.70588237
0.72941178
0.69019610
0.65098041
0.60392159
0.45882353
0.41176471
0.49411765
0.54117650
0.43137255
0.29803923
0.33333334
0.33725491
0.27450982
0.25882354
0.42352942
0.37254903
0.32941177
0.29411766
0.25098041
0.19215687
0.13725491
0.19607843
0.26666668
0.36078432
0.45882353
0.51764709
0.43137255
0.38823530
0.41568628
0.46666667
0.47058824
0.43921569
0.45098040
0.42745098
0.41568628
0.40392157
0.35686275
0.36078432
0.45098040
0.55294120
0.56078434
0.45882353
0.43529412
0.44313726
0.37647060
0.30980393
0.40000001
0.32549021
0.28627452
0.24705882
0.20000000
0.15294118
0.14901961
0.22745098
0.29019609
0.40392157
0.48235294
0.45490196
0.36862746
0.34117648
0.38823530
0.46274510
0.50196081
0.28627452
0.31764707
0.33725491
0.35294119
0.36470589
0.36862746
0.38039216
0.41568628
0.47058824
0.52941179
0.52941179
0.48235294
0.43137255
0.37254903
0.30980393
0.25490198
0.22352941
0.18823530
0.18039216
0.17254902
0.16470589
0.17254902
0.22745098
0.32156864
0.40784314
0.42745098
0.36078432
0.30588236
0.32941177
0.41176471
0.47843137
0.48235294
0.35294119
0.41176471
0.43137255
0.43529412
0.43137255
0.42352942
0.43529412
0.43529412
0.42352942
0.43137255
0.50588238
0.51372552
0.45490196
0.37647060
0.30196080
0.25098041
0.23137255
0.18823530
0.17254902
0.16470589
0.16470589
0.18039216
0.29411766
0.35294119
0.35294119
0.32156864
0.29411766
0.31764707
0.38431373
0.43921569
0.46274510
0.43921569
0.49803922
0.53725493
0.52549022
0.50980395
0.49411765
0.49411765
0.48627451
0.47450981
0.45490196
0.44313726
0.45098040
0.52941179
0.52941179
0.46274510
0.36470589
0.26666668
0.25098041
0.21176471
0.19215687
0.21176471
0.27058825
0.31764707
0.33333334
0.31764707
0.30980393
0.31372550
0.32156864
0.32549021
0.33333334
0.35686275
0.40784314
0.43137255
0.54509807
0.56078434
0.54509807
0.53333336
0.52549022
0.53725493
0.53725493
0.53725493
0.53725493
0.53725493
0.55294120
0.59607846
0.60784316
0.56470591
0.48627451
0.41960785
0.38431373
0.36078432
0.34117648
0.33725491
0.34901962
0.36470589
0.35686275
0.32549021
0.32156864
0.32156864
0.30980393
0.28627452
0.29803923
0.34901962
0.41568628
0.41960785
0.58431375
0.61568630
0.60784316
0.60000002
0.59215689
0.59215689
0.58823532
0.58823532
0.59215689
0.58823532
0.57254905
0.56862748
0.50588238
0.42745098
0.39607844
0.45098040
0.45490196
0.43529412
0.39215687
0.35294119
0.33333334
0.36078432
0.30588236
0.29803923
0.29411766
0.28627452
0.27450982
0.30196080
0.34117648
0.42352942
0.45490196
0.37647060
0.60784316
0.64313728
0.63921571
0.63529414
0.62745100
0.62745100
0.62745100
0.62745100
0.60000002
0.50980395
0.34901962
0.28627452
0.22352941
0.17647059
0.17254902
0.23137255
0.32549021
0.35686275
0.35686275
0.33725491
0.31372550
0.30196080
0.24313726
0.24705882
0.24705882
0.23529412
0.22352941
0.27058825
0.34117648
0.45098040
0.42352942
0.26274511
0.63529414
0.64705884
0.62745100
0.61568630
0.61176473
0.60784316
0.61176473
0.61176473
0.55686277
0.40784314
0.21568628
0.19607843
0.16078432
0.12941177
0.10196079
0.07843138
0.14509805
0.17647059
0.20392157
0.21960784
0.21960784
0.21176471
0.20784314
0.22745098
0.23137255
0.21960784
0.20784314
0.27450982
0.30196080
0.42745098
0.39215687
0.20784314
0.72549021
0.75686276
0.74509805
0.73725492
0.72549021
0.70588237
0.67843139
0.65098041
0.60000002
0.49803922
0.36078432
0.32941177
0.27450982
0.23137255
0.20392157
0.17254902
0.20784314
0.23137255
0.26274511
0.28235295
0.27450982
0.22352941
0.26274511
0.36078432
0.37254903
0.34901962
0.36470589
0.37647060
0.37647060
0.43529412
0.40000001
0.29019609
0.71764708
0.77254903
0.78039217
0.78431374
0.78823531
0.78039217
0.76862746
0.74509805
0.71372551
0.66666669
0.61568630
0.57647061
0.53333336
0.50196081
0.48627451
0.47843137
0.47450981
0.47058824
0.47843137
0.48627451
0.48235294
0.46274510
0.48235294
0.54509807
0.56862748
0.57254905
0.57254905
0.52156866
0.59607846
0.58039218
0.56078434
0.55294120
0.69803923
0.75294119
0.75686276
0.76078433
0.75294119
0.74509805
0.72941178
0.70980394
0.68627453
0.65490198
0.64313728
0.62745100
0.61960787
0.61960787
0.62352943
0.62745100
0.61568630
0.62745100
0.64705884
0.67058825
0.69411767
0.70196080
0.71372551
0.73333335
0.75294119
0.76862746
0.76470590
0.73333335
0.76078433
0.76862746
0.79215688
0.77254903
0.69411767
0.74901962
0.74901962
0.74901962
0.73725492
0.72156864
0.69803923
0.67058825
0.63921571
0.61176473
0.60000002
0.58431375
0.59215689
0.60000002
0.60392159
0.61568630
0.63921571
0.67450982
0.69803923
0.72549021
0.75294119
0.77254903
0.80392158
0.83529413
0.85882354
0.87058824
0.86666667
0.84705883
0.83137256
0.83137256
0.83529413
0.78823531
1 0 0 -1 0 0 0 0 0 0 0
0 1 0 -1 0 0 0 0 0 0 0
0 0 1 -1 0 0 0 0 0 0 0
0 0 0 -1 1 0 0 0 0 0 0
0 0 0 -1 0 1 0 0 0 0 0
0 0 0 -1 0 0 1 0 0 0 0
0 0 0 -1 0 0 0 1 0 0 0
0 0 0 -1 0 0 0 0 1 0 0
0 0 0 -1 0 0 0 0 0 1 0
