0.05098039
0.04705882
0.05098039
0.05882353
0.06274510
0.06274510
0.06666667
0.07058824
0.07450981
0.07058824
0.08235294
0.08627451
0.07450981
0.07843138
0.07843138
0.07450981
0.07843138
0.08235294
0.08235294
0.08235294
0.08627451
0.08627451
0.09803922
0.09803922
0.07843138
0.07450981
0.07450981
0.08627451
0.10980392
0.12156863
0.12156863
0.11764706
0.05882353
0.05490196
0.05882353
0.06666667
0.07450981
0.07450981
0.07450981
0.07450981
0.07843138
0.08235294
0.06666667
0.06274510
0.07450981
0.07450981
0.07843138
0.08235294
0.08627451
0.09019608
0.09019608
0.09019608
0.09019608
0.09411765
0.12549020
0.11764706
0.08235294
0.07843138
0.08235294
0.08235294
0.09411765
0.12156863
0.12941177
0.12549020
0.05098039
0.05098039
0.05882353
0.06666667
0.07058824
0.07058824
0.07450981
0.07450981
0.07450981
0.08235294
0.08627451
0.04313726
0.05490196
0.06666667
0.06666667
0.06274510
0.06666667
0.07058824
0.07450981
0.07843138
0.08235294
0.10588235
0.12156863
0.09411765
0.07843138
0.07843138
0.08235294
0.08235294
0.08627451
0.09803922
0.12156863
0.12549020
0.04705882
0.05098039
0.06274510
0.06666667
0.07058824
0.07058824
0.07450981
0.07843138
0.07843138
0.07843138
0.11372549
0.07058824
0.03921569
0.04705882
0.05490196
0.05098039
0.04313726
0.04313726
0.05098039
0.06666667
0.07450981
0.07843138
0.07450981
0.09803922
0.08235294
0.07450981
0.07843138
0.08235294
0.08627451
0.08627451
0.10196079
0.12156863
0.04705882
0.05490196
0.06274510
0.06666667
0.07058824
0.07058824
0.07450981
0.07450981
0.07450981
0.07058824
0.11764706
0.11764706
0.03921569
0.02745098
0.03921569
0.06274510
0.05098039
0.05490196
0.05882353
0.04705882
0.04313726
0.04313726
0.09411765
0.12549020
0.08235294
0.07843138
0.07450981
0.07843138
0.08235294
0.08235294
0.08627451
0.10196079
0.04705882
0.05098039
0.05882353
0.06274510
0.06666667
0.07058824
0.07058824
0.07450981
0.07450981
0.07450981
0.09019608
0.11372549
0.05098039
0.02745098
0.03921569
0.05882353
0.06666667
0.07058824
0.04705882
0.02745098
0.02352941
0.06666667
0.16862746
0.12549020
0.08235294
0.08627451
0.07450981
0.07843138
0.07843138
0.08235294
0.08235294
0.08627451
0.05098039
0.05098039
0.05490196
0.05882353
0.05882353
0.06274510
0.07058824
0.07450981
0.07450981
0.07450981
0.08235294
0.09803922
0.05098039
0.02745098
0.02745098
0.04705882
0.06666667
0.06274510
0.03529412
0.02352941
0.01568628
0.10196079
0.17647059
0.09803922
0.07843138
0.08235294
0.07843138
0.07843138
0.07843138
0.07843138
0.07843138
0.08235294
0.05490196
0.05490196
0.05098039
0.05490196
0.05490196
0.05882353
0.06666667
0.07058824
0.07058824
0.07058824
0.07843138
0.07843138
0.04313726
0.03529412
0.03137255
0.03921569
0.05490196
0.03921569
0.01960784
0.01960784
0.01960784
0.06666667
0.11764706
0.07843138
0.07058824
0.07058824
0.08235294
0.08235294
0.07450981
0.07450981
0.07450981
0.07843138
0.05882353
0.05882353
0.05490196
0.05490196
0.05490196
0.05882353
0.06666667
0.07058824
0.07058824
0.08627451
0.09411765
0.05490196
0.03529412
0.05490196
0.13725491
0.15686275
0.06666667
0.02352941
0.01960784
0.01960784
0.02352941
0.03921569
0.07450981
0.06666667
0.06274510
0.07058824
0.08235294
0.08627451
0.08235294
0.07450981
0.07450981
0.07450981
0.05882353
0.05882353
0.05882353
0.05882353
0.05490196
0.05882353
0.06274510
0.06666667
0.07058824
0.07450981
0.07058824
0.04705882
0.04313726
0.12156863
0.38039216
0.41960785
0.10980392
0.01568628
0.01960784
0.02352941
0.02745098
0.03529412
0.05098039
0.06274510
0.06274510
0.07058824
0.08235294
0.08627451
0.08627451
0.08235294
0.07450981
0.07450981
0.05882353
0.05882353
0.06274510
0.06274510
0.05882353
0.05490196
0.05882353
0.06274510
0.07058824
0.07843138
0.05882353
0.04705882
0.10196079
0.32156864
0.56862748
0.60000002
0.20000000
0.01568628
0.03529412
0.03529412
0.02745098
0.03137255
0.05490196
0.06274510
0.06666667
0.07450981
0.08235294
0.08627451
0.08627451
0.08627451
0.07843138
0.07450981
0.06274510
0.06274510
0.06274510
0.06274510
0.06666667
0.05882353
0.05882353
0.06274510
0.06666667
0.12156863
0.10980392
0.04705882
0.18431373
0.47450981
0.61960787
0.64313728
0.29019609
0.03529412
0.05098039
0.02745098
0.01960784
0.03529412
0.05098039
0.05098039
0.05882353
0.07058824
0.08235294
0.09019608
0.09019608
0.09019608
0.08627451
0.07843138
0.06274510
0.06274510
0.06666667
0.06666667
0.06666667
0.06666667
0.06274510
0.06274510
0.06666667
0.10980392
0.23529412
0.19607843
0.17647059
0.33333334
0.57647061
0.66274512
0.36862746
0.05098039
0.04313726
0.02745098
0.02745098
0.03921569
0.04705882
0.08627451
0.11372549
0.07843138
0.07843138
0.08235294
0.08235294
0.08235294
0.08235294
0.08235294
0.06666667
0.06666667
0.06666667
0.06666667
0.07058824
0.07058824
0.07058824
0.06666667
0.07058824
0.07450981
0.28235295
0.50588238
0.34117648
0.19607843
0.46274510
0.64313728
0.39607844
0.09803922
0.05490196
0.05882353
0.04705882
0.04313726
0.05490196
0.14509805
0.23921569
0.13725491
0.07450981
0.10196079
0.12549020
0.15294118
0.19215687
0.23529412
0.06666667
0.06666667
0.06666667
0.06666667
0.07058824
0.07450981
0.07843138
0.08627451
0.08627451
0.09803922
0.23529412
0.57647061
0.62352943
0.45098040
0.46274510
0.46666667
0.27450982
0.19607843
0.10980392
0.13725491
0.07450981
0.07058824
0.20392157
0.29803923
0.40000001
0.37647060
0.36470589
0.40392157
0.42745098
0.44313726
0.46666667
0.43921569
0.07450981
0.07450981
0.07843138
0.08235294
0.08235294
0.07843138
0.07058824
0.07450981
0.09019608
0.10588235
0.15294118
0.41960785
0.65882355
0.67450982
0.56078434
0.26274511
0.13725491
0.18431373
0.12941177
0.09019608
0.05098039
0.18039216
0.42745098
0.52941179
0.54117650
0.54509807
0.54509807
0.54117650
0.52941179
0.51764709
0.52549022
0.42745098
0.05882353
0.06274510
0.06274510
0.06666667
0.07450981
0.08235294
0.09411765
0.11764706
0.15686275
0.20784314
0.28235295
0.38039216
0.56078434
0.67450982
0.57647061
0.18039216
0.12549020
0.46666667
0.39215687
0.16862746
0.13333334
0.34901962
0.51764709
0.56078434
0.55686277
0.54509807
0.53333336
0.52549022
0.51372552
0.50588238
0.50980395
0.45882353
0.12941177
0.13725491
0.16862746
0.21176471
0.26666668
0.33333334
0.41960785
0.49019608
0.53725493
0.57647061
0.60392159
0.57254905
0.54901963
0.62745100
0.56078434
0.17254902
0.19215687
0.63529414
0.63137257
0.42745098
0.34117648
0.46666667
0.53725493
0.55294120
0.55686277
0.54509807
0.54117650
0.53333336
0.52549022
0.52156866
0.50980395
0.50588238
0.44705883
0.46274510
0.52941179
0.57254905
0.60000002
0.61176473
0.61960787
0.61960787
0.61568630
0.61960787
0.61960787
0.62352943
0.57254905
0.56078434
0.57254905
0.32941177
0.34509805
0.54901963
0.44313726
0.39607844
0.49411765
0.56470591
0.57647061
0.56470591
0.56078434
0.54901963
0.54117650
0.53333336
0.52549022
0.51764709
0.50588238
0.50196081
0.60392159
0.60784316
0.61176473
0.61568630
0.61960787
0.61568630
0.61176473
0.61176473
0.61176473
0.61176473
0.61176473
0.61568630
0.61176473
0.54509807
0.51372552
0.40784314
0.33725491
0.41960785
0.46274510
0.55294120
0.58823532
0.58823532
0.58039218
0.56862748
0.56470591
0.55294120
0.54117650
0.53333336
0.52549022
0.51764709
0.50980395
0.50196081
0.60392159
0.60392159
0.60392159
0.60392159
0.60392159
0.60784316
0.61176473
0.61568630
0.61568630
0.61568630
0.61568630
0.61176473
0.61960787
0.58823532
0.48627451
0.37647060
0.35294119
0.49411765
0.59215689
0.60000002
0.58823532
0.58431375
0.57647061
0.56470591
0.56078434
0.54901963
0.54117650
0.53333336
0.52549022
0.51764709
0.50980395
0.50196081
0.60392159
0.60784316
0.61176473
0.60392159
0.60784316
0.60784316
0.61176473
0.61568630
0.61568630
0.61568630
0.61568630
0.61176473
0.61568630
0.60784316
0.58039218
0.54117650
0.54901963
0.59607846
0.60000002
0.59607846
0.58823532
0.58039218
0.57254905
0.56470591
0.55686277
0.54901963
0.54117650
0.53333336
0.52549022
0.52156866
0.50980395
0.49803922
0.60392159
0.61568630
0.61568630
0.60784316
0.60784316
0.60784316
0.61176473
0.61568630
0.61960787
0.61960787
0.61176473
0.61176473
0.61176473
0.60392159
0.60784316
0.60392159
0.60000002
0.60000002
0.60000002
0.59215689
0.58431375
0.57647061
0.56862748
0.56078434
0.55686277
0.54901963
0.54117650
0.53333336
0.52549022
0.52156866
0.50980395
0.49803922
0.61568630
0.61176473
0.60784316
0.60784316
0.61176473
0.61568630
0.61568630
0.61960787
0.62745100
0.61960787
0.61568630
0.61176473
0.60784316
0.60392159
0.60000002
0.59215689
0.59215689
0.60000002
0.59215689
0.58431375
0.58039218
0.57254905
0.56862748
0.56078434
0.55686277
0.54901963
0.54117650
0.53333336
0.52549022
0.52156866
0.50980395
0.49803922
0.61960787
0.60392159
0.60784316
0.61568630
0.61960787
0.62352943
0.61960787
0.61568630
0.62352943
0.61960787
0.61960787
0.61960787
0.61176473
0.60392159
0.60000002
0.60000002
0.59607846
0.59607846
0.59215689
0.58823532
0.58431375
0.58039218
0.57647061
0.56470591
0.55686277
0.54901963
0.54117650
0.53333336
0.52549022
0.51764709
0.50980395
0.49803922
0.60000002
0.60000002
0.61568630
0.62352943
0.63137257
0.63529414
0.62745100
0.63137257
0.63921571
0.63529414
0.63137257
0.62352943
0.61176473
0.60392159
0.60392159
0.60000002
0.60000002
0.59607846
0.59215689
0.59215689
0.58431375
0.58039218
0.57647061
0.56470591
0.55686277
0.54901963
0.54117650
0.53333336
0.52549022
0.51764709
0.50588238
0.49411765
0.59215689
0.60392159
0.61960787
0.62745100
0.64313728
0.64313728
0.65882355
0.65490198
0.64313728
0.63921571
0.63137257
0.62352943
0.61176473
0.60392159
0.60000002
0.60000002
0.60000002
0.59607846
0.59215689
0.58823532
0.58431375
0.58039218
0.57647061
0.56862748
0.55686277
0.55294120
0.54509807
0.53333336
0.52549022
0.51764709
0.50588238
0.49411765
0.59215689
0.60392159
0.61960787
0.63529414
0.68627453
0.70588237
0.71764708
0.68627453
0.64705884
0.63529414
0.63137257
0.62745100
0.61176473
0.60392159
0.60000002
0.60000002
0.59607846
0.59607846
0.59215689
0.58823532
0.58431375
0.57647061
0.57254905
0.56862748
0.56470591
0.55686277
0.54509807
0.53333336
0.52549022
0.51372552
0.50196081
0.49019608
0.59215689
0.60784316
0.63921571
0.71764708
0.80392158
0.83137256
0.77647060
0.69411767
0.63921571
0.62352943
0.63529414
0.63529414
0.61176473
0.60392159
0.60000002
0.59607846
0.59215689
0.59607846
0.59215689
0.58823532
0.58039218
0.57647061
0.57254905
0.56470591
0.56470591
0.55686277
0.54509807
0.53333336
0.52156866
0.50980395
0.49803922
0.48627451
0.59215689
0.60784316
0.67058825
0.78431374
0.88235295
0.93333334
0.81568629
0.67058825
0.62745100
0.61568630
0.62745100
0.61960787
0.61176473
0.60784316
0.60000002
0.59215689
0.59215689
0.58823532
0.58823532
0.58431375
0.57647061
0.57254905
0.56862748
0.56470591
0.56078434
0.55294120
0.53725493
0.52941179
0.51764709
0.50196081
0.49019608
0.47843137
0.59607846
0.61568630
0.69411767
0.80784315
0.91764706
0.99215686
0.83921570
0.66274512
0.64313728
0.64313728
0.63529414
0.61176473
0.61176473
0.61176473
0.60392159
0.59607846
0.59607846
0.58431375
0.58823532
0.58823532
0.58039218
0.57647061
0.56862748
0.56470591
0.55686277
0.54901963
0.53333336
0.52549022
0.51372552
0.50196081
0.49019608
0.47843137
0.58039218
0.60000002
0.66274512
0.81568629
0.92549020
0.97647059
0.83921570
0.67843139
0.64313728
0.65882355
0.63137257
0.59607846
0.59607846
0.59607846
0.59215689
0.58823532
0.58431375
0.58039218
0.57647061
0.57647061
0.57254905
0.56470591
0.55686277
0.55294120
0.54117650
0.52941179
0.51764709
0.50980395
0.50196081
0.49411765
0.47843137
0.46666667
0.03529412
0.03529412
0.03137255
0.03137255
0.03529412
0.03921569
0.03921569
0.04313726
0.04313726
0.04705882
0.07450981
0.07058824
0.05098039
0.04705882
0.05098039
0.04705882
0.05098039
0.05098039
0.05490196
0.05490196
0.05490196
0.05882353
0.07058824
0.07058824
0.05490196
0.04705882
0.05098039
0.06274510
0.08627451
0.09411765
0.09019608
0.08627451
0.03137255
0.03529412
0.03529412
0.03529412
0.03921569
0.04313726
0.04313726
0.04313726
0.04313726
0.05098039
0.05882353
0.05490196
0.05882353
0.04705882
0.05098039
0.05098039
0.05098039
0.05490196
0.05490196
0.05490196
0.05490196
0.06666667
0.10980392
0.09803922
0.05098039
0.04705882
0.05098039
0.05098039
0.06666667
0.09019608
0.09411765
0.09019608
0.02745098
0.03137255
0.03529412
0.03529412
0.03921569
0.04313726
0.04313726
0.04705882
0.04313726
0.05490196
0.07450981
0.03921569
0.04313726
0.04705882
0.04705882
0.03921569
0.03921569
0.04705882
0.04705882
0.05098039
0.05882353
0.09019608
0.11372549
0.07843138
0.04705882
0.04705882
0.05098039
0.05098039
0.05490196
0.06666667
0.08627451
0.09411765
0.02352941
0.03137255
0.03529412
0.03529412
0.03921569
0.04313726
0.04313726
0.04705882
0.04705882
0.05098039
0.09411765
0.05882353
0.02352941
0.03137255
0.04313726
0.03921569
0.02352941
0.02352941
0.03529412
0.04705882
0.05882353
0.06666667
0.06274510
0.07843138
0.05098039
0.04313726
0.04705882
0.05098039
0.05490196
0.05490196
0.07058824
0.09019608
0.02352941
0.03137255
0.03137255
0.03529412
0.03921569
0.03921569
0.04313726
0.04313726
0.04313726
0.03921569
0.09803922
0.10980392
0.02745098
0.01568628
0.02745098
0.05098039
0.03921569
0.03921569
0.04705882
0.03529412
0.03137255
0.03529412
0.08235294
0.10196079
0.05098039
0.04705882
0.04313726
0.04705882
0.05098039
0.05098039
0.05490196
0.07058824
0.02745098
0.02745098
0.03137255
0.03137255
0.03529412
0.03921569
0.03921569
0.04313726
0.04313726
0.03921569
0.06666667
0.10980392
0.04313726
0.01568628
0.02352941
0.04705882
0.05882353
0.05882353
0.03921569
0.01568628
0.01568628
0.05882353
0.15686275
0.10588235
0.05098039
0.05490196
0.04313726
0.04705882
0.04705882
0.05098039
0.05098039
0.05490196
0.02745098
0.02745098
0.03137255
0.03529412
0.03529412
0.03529412
0.03921569
0.03921569
0.04313726
0.04313726
0.05882353
0.09411765
0.03921569
0.01568628
0.01960784
0.03921569
0.05490196
0.05490196
0.02745098
0.01176471
0.00784314
0.09411765
0.16862746
0.07450981
0.04705882
0.05098039
0.04705882
0.04705882
0.04705882
0.04705882
0.04705882
0.04705882
0.03137255
0.03137255
0.03137255
0.03529412
0.03529412
0.03529412
0.03529412
0.03921569
0.03921569
0.03921569
0.06274510
0.08235294
0.03921569
0.02745098
0.02352941
0.03529412
0.04705882
0.03137255
0.01568628
0.01176471
0.01176471
0.06274510
0.10588235
0.05098039
0.03921569
0.03921569
0.05098039
0.05098039
0.04313726
0.04313726
0.04313726
0.04705882
0.03529412
0.03529412
0.03137255
0.03137255
0.03137255
0.03529412
0.03529412
0.03921569
0.03529412
0.05490196
0.08627451
0.05490196
0.03529412
0.05490196
0.14117648
0.16078432
0.06274510
0.01960784
0.01176471
0.01176471
0.01568628
0.03529412
0.06274510
0.04313726
0.03137255
0.03921569
0.05098039
0.05490196
0.05098039
0.04313726
0.04313726
0.04313726
0.03529412
0.03529412
0.03529412
0.03529412
0.03137255
0.03529412
0.03529412
0.03529412
0.03921569
0.04705882
0.05490196
0.03529412
0.03137255
0.12549020
0.39607844
0.44313726
0.11372549
0.01176471
0.01568628
0.01568628
0.01960784
0.02745098
0.04313726
0.03921569
0.02745098
0.03921569
0.05098039
0.05490196
0.05490196
0.05098039
0.04313726
0.04313726
0.03529412
0.03529412
0.03921569
0.03921569
0.03921569
0.03529412
0.03529412
0.03529412
0.04313726
0.05882353
0.05098039
0.03921569
0.10196079
0.34117648
0.60392159
0.63137257
0.21176471
0.01176471
0.02745098
0.02745098
0.01960784
0.02352941
0.04705882
0.04313726
0.03137255
0.03921569
0.05098039
0.05490196
0.05490196
0.05490196
0.04705882
0.04313726
0.03921569
0.03921569
0.03921569
0.04313726
0.04313726
0.03921569
0.03529412
0.03921569
0.04313726
0.09803922
0.10588235
0.03921569
0.18823530
0.50196081
0.65098041
0.67450982
0.30588236
0.02745098
0.04313726
0.01960784
0.01176471
0.02352941
0.03921569
0.03529412
0.03529412
0.04313726
0.05098039
0.05882353
0.05882353
0.05882353
0.05490196
0.04705882
0.03921569
0.04313726
0.04705882
0.04705882
0.04705882
0.04705882
0.04313726
0.04313726
0.03921569
0.09019608
0.23529412
0.20000000
0.18039216
0.34509805
0.59607846
0.69411767
0.38431373
0.04313726
0.03137255
0.01960784
0.01960784
0.03529412
0.03529412
0.07058824
0.10588235
0.05882353
0.04705882
0.05098039
0.05098039
0.05098039
0.05098039
0.05098039
0.04313726
0.04313726
0.04705882
0.04705882
0.05098039
0.05098039
0.05098039
0.04313726
0.05098039
0.05490196
0.28235295
0.52156866
0.35294119
0.19607843
0.46666667
0.67450982
0.41568628
0.09411765
0.04705882
0.05490196
0.03921569
0.03529412
0.04705882
0.13725491
0.24705882
0.12549020
0.05098039
0.07450981
0.09411765
0.11764706
0.14901961
0.18823530
0.04313726
0.04313726
0.04705882
0.04705882
0.05098039
0.05490196
0.05882353
0.06274510
0.06666667
0.07843138
0.23529412
0.59607846
0.63921571
0.44705883
0.44705883
0.49019608
0.28627452
0.19215687
0.10588235
0.13333334
0.06666667
0.06274510
0.18431373
0.26666668
0.36862746
0.33725491
0.31764707
0.35294119
0.37254903
0.38431373
0.40000001
0.37254903
0.05490196
0.05490196
0.05882353
0.06274510
0.05882353
0.05882353
0.05098039
0.04705882
0.06274510
0.08627451
0.15686275
0.43529412
0.68627453
0.69411767
0.56078434
0.27450982
0.13725491
0.18431373
0.12941177
0.08627451
0.04705882
0.16862746
0.38431373
0.47450981
0.47843137
0.47450981
0.47058824
0.46666667
0.46274510
0.45490196
0.45882353
0.35686275
0.04313726
0.04313726
0.04313726
0.05098039
0.05490196
0.06274510
0.07450981
0.09411765
0.12549020
0.17254902
0.24705882
0.35294119
0.56470591
0.70588237
0.60000002
0.18431373
0.12941177
0.48235294
0.41176471
0.17254902
0.12549020
0.32156864
0.45882353
0.49803922
0.49019608
0.47843137
0.46666667
0.45882353
0.45098040
0.44313726
0.44313726
0.39215687
0.11764706
0.10196079
0.14117648
0.18431373
0.23137255
0.29019609
0.36470589
0.43137255
0.48235294
0.52156866
0.54117650
0.50980395
0.52549022
0.63921571
0.58039218
0.16862746
0.19215687
0.65490198
0.65098041
0.42745098
0.30980393
0.41176471
0.47450981
0.48627451
0.48235294
0.47843137
0.47450981
0.46666667
0.45882353
0.45098040
0.44313726
0.43529412
0.40784314
0.41176471
0.47058824
0.50980395
0.53333336
0.54509807
0.54901963
0.54901963
0.55294120
0.55686277
0.55686277
0.55294120
0.52549022
0.56078434
0.57254905
0.32941177
0.35294119
0.55686277
0.42352942
0.35686275
0.43921569
0.49411765
0.50588238
0.49803922
0.49019608
0.48235294
0.47450981
0.46666667
0.45882353
0.45098040
0.43921569
0.43529412
0.53725493
0.54509807
0.54901963
0.54901963
0.54901963
0.54901963
0.54901963
0.54509807
0.54509807
0.54509807
0.54509807
0.54901963
0.54117650
0.50588238
0.47843137
0.38431373
0.32941177
0.38823530
0.41176471
0.48627451
0.52156866
0.51372552
0.50588238
0.49803922
0.49019608
0.48627451
0.47450981
0.46666667
0.45882353
0.45098040
0.44313726
0.43529412
0.54117650
0.54509807
0.54509807
0.53725493
0.54117650
0.54117650
0.54509807
0.54901963
0.54901963
0.54901963
0.54901963
0.54901963
0.55294120
0.52549022
0.43137255
0.32941177
0.31372550
0.43529412
0.52156866
0.52549022
0.52156866
0.51372552
0.50980395
0.50196081
0.49019608
0.48235294
0.47058824
0.46666667
0.45882353
0.45098040
0.44313726
0.43529412
0.54117650
0.54509807
0.54901963
0.54117650
0.54117650
0.54117650
0.54509807
0.54901963
0.54901963
0.54901963
0.54901963
0.54901963
0.54901963
0.54509807
0.51372552
0.47843137
0.48627451
0.52941179
0.52549022
0.51764709
0.51764709
0.51372552
0.50980395
0.49803922
0.49019608
0.48235294
0.47450981
0.46666667
0.45882353
0.45490196
0.44313726
0.43137255
0.53725493
0.54901963
0.55294120
0.54117650
0.54117650
0.54117650
0.54901963
0.55294120
0.55686277
0.55686277
0.54901963
0.54509807
0.54509807
0.53725493
0.54117650
0.53725493
0.52941179
0.52549022
0.52549022
0.52156866
0.51372552
0.51372552
0.50588238
0.49803922
0.49019608
0.48235294
0.47450981
0.46666667
0.45882353
0.45490196
0.44313726
0.43137255
0.55294120
0.55294120
0.54509807
0.54117650
0.54509807
0.55294120
0.55686277
0.55686277
0.56470591
0.55686277
0.54901963
0.54509807
0.54117650
0.53725493
0.53333336
0.52941179
0.52549022
0.52549022
0.52156866
0.52156866
0.51764709
0.50980395
0.50588238
0.49803922
0.49019608
0.48235294
0.47450981
0.46666667
0.45882353
0.45490196
0.44313726
0.43137255
0.56078434
0.54117650
0.54509807
0.55294120
0.55686277
0.56470591
0.56078434
0.55686277
0.56078434
0.55686277
0.55294120
0.55294120
0.54509807
0.53725493
0.53333336
0.52941179
0.52549022
0.52156866
0.52156866
0.51764709
0.51372552
0.50980395
0.50196081
0.49803922
0.49019608
0.48235294
0.47450981
0.46666667
0.45882353
0.45098040
0.44313726
0.43137255
0.54117650
0.54117650
0.55294120
0.56078434
0.57254905
0.57254905
0.56862748
0.58431375
0.58823532
0.57647061
0.56470591
0.55686277
0.54509807
0.53725493
0.53725493
0.52941179
0.52549022
0.52156866
0.51764709
0.51372552
0.50980395
0.50588238
0.50196081
0.49411765
0.49019608
0.48235294
0.47450981
0.46666667
0.45882353
0.45098040
0.43921569
0.42745098
0.52941179
0.54509807
0.55686277
0.56470591
0.58039218
0.59215689
0.62352943
0.62352943
0.60000002
0.58431375
0.56862748
0.55686277
0.54509807
0.53725493
0.53333336
0.52941179
0.52549022
0.52156866
0.51764709
0.51372552
0.50980395
0.50588238
0.50196081
0.49411765
0.49019608
0.48235294
0.47450981
0.46666667
0.45882353
0.45098040
0.43921569
0.42745098
0.52549022
0.54117650
0.55686277
0.58039218
0.64705884
0.67843139
0.70588237
0.66274512
0.60000002
0.58039218
0.56470591
0.56078434
0.54509807
0.53725493
0.53333336
0.52941179
0.52549022
0.52156866
0.51764709
0.51372552
0.50980395
0.50196081
0.49803922
0.49411765
0.49019608
0.47843137
0.47450981
0.46666667
0.45882353
0.44705883
0.43529412
0.42352942
0.52549022
0.54117650
0.58823532
0.69019610
0.80000001
0.83137256
0.78431374
0.67450982
0.58431375
0.56470591
0.56862748
0.56862748
0.54509807
0.53725493
0.53333336
0.52941179
0.52549022
0.52156866
0.51764709
0.51372552
0.50588238
0.50196081
0.49803922
0.49019608
0.49019608
0.47843137
0.47058824
0.46666667
0.45490196
0.44313726
0.43137255
0.41960785
0.52549022
0.54901963
0.64313728
0.78039217
0.88627452
0.93333334
0.82745099
0.65098041
0.57254905
0.56078434
0.56470591
0.55686277
0.54509807
0.54117650
0.53333336
0.52549022
0.52156866
0.51764709
0.51372552
0.50980395
0.50588238
0.49803922
0.49411765
0.49019608
0.48627451
0.47843137
0.46666667
0.46274510
0.45098040
0.43529412
0.42745098
0.41568628
0.52941179
0.55686277
0.67058825
0.81568629
0.92156863
0.98823529
0.84313726
0.63137257
0.59215689
0.60392159
0.58431375
0.54509807
0.54509807
0.54509807
0.53725493
0.52549022
0.52156866
0.51764709
0.51764709
0.51372552
0.50588238
0.50196081
0.49411765
0.49019608
0.48627451
0.47843137
0.46666667
0.45882353
0.44705883
0.43529412
0.42352942
0.41176471
0.51372552
0.54117650
0.62745100
0.81568629
0.93333334
0.97254902
0.83921570
0.64705884
0.59607846
0.61176473
0.57647061
0.53333336
0.52941179
0.52549022
0.52156866
0.51764709
0.51372552
0.50980395
0.50588238
0.50196081
0.49803922
0.49019608
0.48235294
0.47843137
0.47450981
0.46274510
0.45490196
0.44313726
0.43529412
0.41960785
0.41176471
0.40000001
0.03137255
0.02745098
0.02745098
0.03137255
0.03529412
0.03529412
0.03529412
0.03529412
0.03529412
0.03529412
0.06666667
0.06666667
0.03921569
0.03529412
0.04313726
0.03921569
0.03921569
0.04313726
0.04313726
0.04705882
0.04705882
0.04313726
0.05490196
0.05882353
0.03921569
0.03529412
0.03921569
0.04313726
0.06274510
0.06666667
0.06666667
0.06666667
0.02352941
0.02352941
0.02745098
0.02745098
0.03137255
0.03529412
0.03529412
0.03529412
0.03529412
0.03921569
0.05098039
0.05490196
0.05098039
0.03921569
0.03921569
0.03921569
0.04313726
0.04705882
0.04705882
0.04705882
0.04313726
0.05490196
0.10196079
0.08627451
0.03921569
0.03529412
0.03921569
0.03921569
0.04705882
0.06666667
0.06666667
0.06274510
0.01568628
0.01960784
0.02352941
0.02745098
0.03137255
0.03529412
0.03529412
0.03529412
0.03137255
0.04313726
0.06274510
0.03921569
0.04705882
0.04705882
0.03921569
0.03137255
0.03137255
0.03529412
0.03921569
0.03921569
0.04705882
0.08627451
0.11764706
0.07058824
0.03529412
0.03529412
0.03529412
0.03921569
0.04313726
0.04705882
0.05882353
0.06274510
0.01960784
0.01960784
0.02745098
0.02745098
0.03137255
0.03529412
0.03529412
0.03529412
0.03137255
0.03921569
0.08627451
0.05490196
0.02745098
0.03137255
0.04313726
0.03921569
0.01960784
0.01960784
0.03137255
0.04313726
0.05490196
0.07058824
0.05882353
0.06666667
0.03921569
0.03137255
0.03529412
0.03921569
0.04313726
0.03921569
0.04705882
0.05882353
0.01960784
0.01960784
0.02352941
0.02745098
0.03137255
0.03137255
0.03529412
0.03529412
0.03529412
0.03137255
0.09411765
0.10588235
0.03137255
0.01960784
0.03137255
0.05098039
0.04313726
0.04313726
0.05098039
0.03921569
0.03921569
0.03529412
0.07450981
0.09019608
0.03921569
0.03529412
0.03137255
0.03529412
0.03921569
0.03921569
0.03921569
0.04705882
0.01960784
0.01960784
0.02352941
0.02352941
0.02745098
0.03137255
0.03137255
0.03529412
0.03529412
0.03529412
0.06274510
0.10588235
0.04705882
0.01960784
0.02745098
0.05098039
0.06274510
0.06274510
0.04313726
0.02352941
0.01960784
0.05882353
0.14509805
0.09019608
0.03921569
0.04313726
0.03137255
0.03529412
0.03529412
0.03921569
0.03921569
0.03921569
0.02745098
0.02352941
0.02352941
0.02352941
0.02352941
0.02745098
0.03137255
0.03137255
0.03529412
0.03529412
0.05098039
0.09019608
0.04313726
0.01960784
0.02352941
0.04313726
0.06274510
0.05882353
0.02745098
0.01568628
0.01176471
0.09019608
0.15294118
0.06274510
0.03529412
0.03921569
0.03529412
0.03529412
0.03529412
0.03529412
0.03529412
0.03921569
0.03137255
0.02745098
0.01960784
0.02352941
0.02352941
0.02352941
0.02745098
0.03137255
0.03137255
0.03137255
0.05490196
0.07450981
0.04313726
0.03137255
0.02745098
0.04313726
0.05882353
0.03529412
0.01960784
0.01568628
0.01568628
0.05882353
0.09411765
0.03921569
0.02745098
0.02745098
0.03921569
0.03921569
0.03137255
0.03137255
0.03137255
0.03529412
0.03529412
0.03529412
0.02745098
0.02745098
0.02745098
0.02352941
0.02745098
0.03137255
0.02745098
0.04705882
0.08235294
0.05098039
0.03921569
0.05882353
0.14509805
0.16862746
0.07058824
0.02352941
0.01568628
0.01176471
0.01960784
0.03529412
0.05490196
0.03137255
0.01960784
0.02745098
0.03921569
0.04313726
0.03921569
0.03137255
0.03137255
0.03137255
0.03529412
0.03529412
0.03529412
0.03529412
0.02745098
0.02352941
0.02745098
0.02745098
0.03137255
0.04313726
0.05882353
0.03921569
0.03921569
0.13333334
0.39607844
0.43921569
0.12156863
0.01568628
0.01960784
0.01960784
0.02745098
0.03529412
0.03921569
0.02745098
0.01568628
0.02745098
0.03921569
0.04313726
0.04313726
0.03921569
0.03137255
0.03137255
0.03529412
0.03529412
0.03921569
0.03921569
0.03137255
0.02352941
0.02745098
0.03137255
0.03529412
0.05490196
0.05490196
0.03921569
0.10588235
0.33725491
0.58823532
0.61960787
0.21960784
0.01960784
0.03529412
0.03921569
0.02745098
0.02745098
0.04705882
0.03529412
0.02352941
0.03137255
0.03921569
0.04313726
0.04313726
0.04313726
0.03529412
0.03137255
0.03921569
0.03921569
0.03921569
0.03921569
0.03529412
0.02745098
0.02352941
0.03137255
0.03529412
0.09803922
0.10588235
0.04313726
0.18431373
0.49411765
0.63137257
0.65490198
0.30588236
0.03921569
0.05098039
0.03137255
0.02352941
0.03137255
0.04313726
0.02745098
0.03137255
0.03137255
0.03921569
0.04313726
0.04313726
0.04705882
0.04313726
0.03529412
0.03921569
0.03921569
0.03529412
0.03529412
0.03529412
0.03529412
0.03137255
0.03529412
0.03137255
0.09019608
0.23137255
0.20000000
0.16078432
0.33725491
0.57254905
0.66274512
0.38039216
0.05490196
0.04313726
0.03137255
0.02745098
0.04313726
0.03529412
0.06274510
0.10196079
0.05098039
0.03529412
0.03921569
0.03921569
0.03921569
0.03921569
0.03921569
0.04313726
0.04313726
0.03921569
0.03529412
0.03921569
0.03921569
0.03921569
0.04313726
0.04705882
0.05490196
0.27450982
0.51372552
0.32941177
0.16078432
0.43529412
0.64313728
0.40784314
0.10196079
0.05490196
0.05490196
0.04705882
0.04705882
0.03921569
0.12941177
0.23921569
0.12156863
0.04313726
0.05882353
0.07058824
0.08627451
0.11372549
0.14117648
0.03921569
0.03921569
0.03529412
0.03529412
0.03921569
0.04313726
0.04705882
0.04705882
0.05490196
0.07450981
0.23137255
0.58823532
0.63529414
0.41568628
0.43137255
0.48627451
0.29411766
0.17647059
0.08235294
0.11764706
0.07450981
0.07058824
0.16470589
0.21568628
0.30980393
0.27450982
0.24705882
0.26666668
0.28235295
0.29019609
0.30196080
0.27058825
0.04313726
0.04313726
0.04705882
0.04705882
0.04705882
0.04705882
0.03921569
0.03921569
0.05490196
0.08627451
0.14901961
0.41176471
0.65490198
0.67058825
0.54509807
0.27058825
0.14509805
0.17647059
0.10196079
0.07450981
0.05098039
0.15686275
0.32941177
0.36078432
0.36470589
0.36862746
0.36470589
0.36078432
0.34901962
0.34117648
0.34901962
0.25490198
0.03137255
0.03529412
0.03529412
0.03921569
0.04313726
0.04705882
0.05882353
0.07843138
0.10196079
0.13725491
0.19607843
0.30588236
0.52941179
0.68235296
0.58431375
0.18431373
0.13333334
0.48235294
0.40000001
0.18039216
0.12549020
0.27843139
0.36078432
0.36862746
0.36470589
0.36078432
0.35294119
0.34509805
0.33333334
0.32941177
0.33333334
0.28235295
0.09411765
0.07843138
0.10980392
0.14117648
0.18039216
0.22745098
0.29019609
0.33725491
0.37647060
0.40392157
0.41960785
0.40784314
0.46666667
0.62745100
0.57254905
0.18431373
0.20000000
0.64313728
0.63137257
0.41176471
0.26666668
0.32941177
0.35294119
0.36078432
0.36862746
0.36862746
0.36470589
0.35686275
0.34901962
0.34117648
0.32941177
0.32549021
0.32549021
0.31372550
0.36862746
0.40392157
0.42745098
0.43137255
0.43137255
0.43137255
0.43137255
0.43529412
0.43137255
0.42745098
0.42745098
0.52156866
0.56862748
0.32941177
0.34509805
0.52941179
0.38823530
0.29803923
0.33725491
0.37647060
0.37647060
0.37254903
0.36862746
0.36862746
0.36470589
0.35686275
0.34901962
0.34117648
0.32941177
0.32549021
0.42352942
0.43529412
0.43921569
0.43921569
0.43921569
0.43921569
0.43921569
0.43137255
0.42745098
0.43137255
0.42745098
0.43137255
0.42745098
0.43137255
0.45098040
0.38039216
0.31764707
0.33725491
0.30980393
0.37647060
0.39607844
0.38823530
0.38431373
0.37647060
0.37254903
0.36862746
0.36470589
0.35686275
0.34901962
0.34117648
0.33333334
0.32549021
0.43137255
0.43921569
0.43529412
0.42745098
0.43137255
0.43529412
0.43921569
0.43921569
0.43921569
0.43921569
0.43137255
0.43137255
0.43921569
0.41960785
0.35294119
0.28235295
0.25882354
0.33725491
0.39607844
0.40392157
0.39607844
0.38823530
0.38039216
0.37254903
0.37254903
0.36862746
0.36078432
0.35686275
0.34901962
0.34117648
0.33333334
0.32549021
0.43137255
0.44313726
0.44705883
0.43137255
0.43137255
0.43137255
0.43529412
0.43529412
0.43921569
0.44705883
0.43529412
0.43137255
0.43921569
0.42745098
0.40000001
0.36862746
0.37254903
0.40000001
0.40000001
0.39607844
0.39215687
0.38823530
0.38039216
0.37254903
0.37254903
0.36470589
0.36078432
0.35686275
0.34901962
0.34509805
0.33333334
0.32549021
0.43137255
0.45098040
0.45490196
0.43137255
0.42745098
0.43529412
0.43921569
0.44313726
0.45098040
0.45098040
0.43529412
0.43529412
0.43137255
0.41960785
0.42352942
0.41568628
0.40392157
0.40000001
0.40000001
0.39607844
0.38823530
0.38431373
0.37647060
0.37254903
0.37254903
0.36470589
0.36078432
0.35686275
0.34901962
0.34509805
0.33333334
0.32549021
0.45882353
0.45490196
0.44313726
0.43529412
0.43921569
0.45098040
0.45490196
0.45490196
0.46274510
0.44705883
0.43921569
0.43921569
0.42352942
0.41960785
0.41568628
0.40784314
0.40000001
0.40000001
0.39607844
0.39215687
0.38823530
0.38039216
0.37647060
0.37254903
0.37254903
0.36470589
0.36470589
0.35686275
0.34901962
0.34509805
0.33333334
0.32549021
0.46666667
0.43137255
0.43921569
0.45098040
0.45490196
0.46274510
0.45882353
0.45882353
0.46274510
0.44705883
0.45098040
0.44313726
0.42745098
0.41960785
0.41568628
0.41176471
0.40392157
0.39607844
0.39215687
0.39215687
0.38823530
0.38039216
0.38039216
0.37647060
0.36862746
0.36862746
0.36470589
0.35686275
0.34901962
0.34117648
0.33333334
0.32549021
0.43921569
0.43529412
0.45098040
0.46274510
0.47450981
0.47843137
0.47843137
0.49803922
0.49803922
0.47843137
0.46274510
0.44705883
0.42745098
0.41960785
0.41960785
0.41176471
0.40392157
0.39607844
0.39215687
0.39215687
0.38431373
0.38039216
0.38039216
0.37254903
0.36862746
0.36862746
0.36470589
0.35686275
0.34901962
0.33725491
0.33333334
0.32549021
0.42352942
0.43921569
0.45882353
0.47058824
0.49411765
0.51764709
0.56078434
0.56078434
0.52549022
0.49411765
0.46666667
0.44705883
0.43137255
0.41960785
0.41568628
0.41176471
0.40392157
0.39607844
0.39215687
0.38823530
0.38431373
0.38039216
0.38039216
0.37254903
0.36862746
0.36862746
0.36470589
0.35686275
0.34901962
0.33725491
0.32941177
0.32549021
0.41960785
0.43529412
0.45882353
0.49803922
0.58823532
0.63137257
0.66666669
0.61568630
0.52549022
0.48627451
0.46666667
0.45490196
0.43137255
0.41960785
0.41568628
0.40784314
0.40392157
0.39607844
0.39215687
0.38823530
0.38431373
0.38039216
0.38039216
0.37254903
0.36862746
0.36862746
0.36470589
0.35686275
0.34901962
0.33725491
0.32941177
0.32156864
0.41960785
0.44705883
0.51372552
0.65098041
0.78431374
0.80784315
0.76470590
0.63137257
0.49803922
0.46274510
0.46666667
0.46274510
0.43529412
0.42352942
0.41176471
0.40392157
0.40000001
0.39607844
0.39215687
0.39215687
0.38823530
0.38431373
0.38039216
0.37254903
0.37254903
0.37254903
0.36470589
0.35686275
0.34509805
0.33333334
0.32549021
0.31764707
0.42745098
0.46666667
0.60000002
0.77254903
0.89019608
0.93333334
0.83137256
0.60784316
0.47843137
0.45098040
0.45882353
0.45098040
0.43921569
0.42745098
0.41176471
0.40000001
0.39215687
0.39215687
0.38823530
0.38823530
0.38823530
0.38039216
0.37647060
0.37254903
0.36862746
0.36862746
0.36078432
0.35294119
0.34117648
0.32549021
0.32156864
0.31372550
0.43529412
0.47450981
0.62352943
0.80392158
0.92549020
0.99215686
0.84313726
0.58431375
0.50980395
0.51372552
0.48627451
0.43137255
0.43529412
0.43137255
0.41568628
0.40000001
0.39607844
0.39215687
0.38823530
0.38823530
0.38823530
0.38039216
0.37647060
0.37254903
0.36862746
0.36862746
0.35686275
0.34901962
0.33725491
0.32549021
0.31764707
0.30980393
0.41960785
0.45490196
0.57254905
0.80784315
0.93333334
0.98039216
0.83529413
0.59607846
0.52156866
0.53725493
0.48235294
0.42352942
0.41568628
0.41176471
0.40392157
0.39215687
0.38823530
0.38823530
0.38431373
0.38431373
0.38431373
0.37254903
0.36862746
0.36862746
0.36470589
0.35686275
0.34901962
0.33333334
0.32549021
0.31764707
0.30980393
0.30196080
1 0 0 -1 0 0 0 0 0 0 0
0 1 0 -1 0 0 0 0 0 0 0
0 0 1 -1 0 0 0 0 0 0 0
0 0 0 -1 1 0 0 0 0 0 0
0 0 0 -1 0 1 0 0 0 0 0
0 0 0 -1 0 0 1 0 0 0 0
0 0 0 -1 0 0 0 1 0 0 0
0 0 0 -1 0 0 0 0 1 0 0
0 0 0 -1 0 0 0 0 0 1 0
