0.94117647
0.96470588
0.97647059
0.98431373
0.98823529
0.98431373
0.98039216
0.98039216
0.98039216
0.95294118
0.87058824
0.83921570
0.87843138
0.92549020
0.94901961
0.92941177
0.88627452
0.84313726
0.85490197
0.87843138
0.90588236
0.91764706
0.90588236
0.85490197
0.70196080
0.68235296
0.72156864
0.69411767
0.36862746
0.33333334
0.31764707
0.32156864
0.95294118
0.96078432
0.95294118
0.94509804
0.97254902
0.97254902
0.96862745
0.97254902
0.98039216
0.97254902
0.94117647
0.90588236
0.89019608
0.94901961
0.91372550
0.90588236
0.88627452
0.86666667
0.88627452
0.88235295
0.88627452
0.89019608
0.89411765
0.90588236
0.78431374
0.72941178
0.74117649
0.75294119
0.54117650
0.26666668
0.27843139
0.48235294
0.93333334
0.91764706
0.87843138
0.86666667
0.92941177
0.94509804
0.94117647
0.93725491
0.94509804
0.95686275
0.96078432
0.93725491
0.90588236
0.92156863
0.90980393
0.93333334
0.93725491
0.91764706
0.90588236
0.87058824
0.74901962
0.64313728
0.60784316
0.66274512
0.74901962
0.76862746
0.75294119
0.72941178
0.72941178
0.44313726
0.47450981
0.60784316
0.82745099
0.79607844
0.74509805
0.74117649
0.82352942
0.83137256
0.85882354
0.90196079
0.93333334
0.94117647
0.95294118
0.93333334
0.89019608
0.87058824
0.91372550
0.94901961
0.95294118
0.92941177
0.89803922
0.84705883
0.70588237
0.55294120
0.43137255
0.30980393
0.36862746
0.47058824
0.56078434
0.63529414
0.79607844
0.72941178
0.72549021
0.67450982
0.73333335
0.75686276
0.70588237
0.65490198
0.78823531
0.76078433
0.76862746
0.83137256
0.88235295
0.83921570
0.86274511
0.85098040
0.81960785
0.83137256
0.89019608
0.91764706
0.92549020
0.92941177
0.92941177
0.87843138
0.72156864
0.54901963
0.42745098
0.40784314
0.43921569
0.43137255
0.45882353
0.57647061
0.77254903
0.70196080
0.63137257
0.55294120
0.56470591
0.68627453
0.74901962
0.75294119
0.82745099
0.80784315
0.79215688
0.80784315
0.85490197
0.86274511
0.88235295
0.81960785
0.71372551
0.67843139
0.67058825
0.72941178
0.78431374
0.81568629
0.81568629
0.69411767
0.53333336
0.43529412
0.44313726
0.52156866
0.55294120
0.52549022
0.41176471
0.28235295
0.43529412
0.35294119
0.33333334
0.40000001
0.41568628
0.44705883
0.49803922
0.57647061
0.69411767
0.72156864
0.74117649
0.76862746
0.81176472
0.88235295
0.87058824
0.81568629
0.76078433
0.76470590
0.67843139
0.57254905
0.52549022
0.54509807
0.58823532
0.52941179
0.38039216
0.27843139
0.29411766
0.45098040
0.49803922
0.48627451
0.39607844
0.23921569
0.11372549
0.08235294
0.10980392
0.25490198
0.30588236
0.29803923
0.30980393
0.39607844
0.58039218
0.72941178
0.76862746
0.72941178
0.66666669
0.71764708
0.77254903
0.78431374
0.78431374
0.85490197
0.83921570
0.76470590
0.65882355
0.57647061
0.57254905
0.47058824
0.28627452
0.18039216
0.23137255
0.40784314
0.48235294
0.52941179
0.52549022
0.43921569
0.16862746
0.24313726
0.30588236
0.35686275
0.26666668
0.31372550
0.31764707
0.31764707
0.40784314
0.47843137
0.51764709
0.54117650
0.57254905
0.65490198
0.71372551
0.76078433
0.80392158
0.87450981
0.83529413
0.69019610
0.56862748
0.50588238
0.44705883
0.36470589
0.21568628
0.11764706
0.14901961
0.36470589
0.46274510
0.49411765
0.43529412
0.29803923
0.19607843
0.33333334
0.40392157
0.42745098
0.23529412
0.30980393
0.36078432
0.39215687
0.34901962
0.31372550
0.34509805
0.41960785
0.46666667
0.58823532
0.67843139
0.73725492
0.76078433
0.73725492
0.64313728
0.58039218
0.54509807
0.50196081
0.39607844
0.28627452
0.17254902
0.08627451
0.09019608
0.30980393
0.39607844
0.47450981
0.50980395
0.48627451
0.42745098
0.34117648
0.33725491
0.34509805
0.20784314
0.26274511
0.34117648
0.38823530
0.26666668
0.28627452
0.31372550
0.36078432
0.46666667
0.56078434
0.60784316
0.61960787
0.60392159
0.56470591
0.55686277
0.56078434
0.55294120
0.51372552
0.45490196
0.30196080
0.16470589
0.06666667
0.03921569
0.13333334
0.18039216
0.26274511
0.41568628
0.58823532
0.47450981
0.41960785
0.42745098
0.45098040
0.21568628
0.27843139
0.30588236
0.23137255
0.16470589
0.27450982
0.30980393
0.32549021
0.45882353
0.47058824
0.47843137
0.47058824
0.45882353
0.45098040
0.48627451
0.49019608
0.49411765
0.50588238
0.50196081
0.36470589
0.18823530
0.07058824
0.05098039
0.12156863
0.16078432
0.31372550
0.53725493
0.70588237
0.52941179
0.34901962
0.29411766
0.30196080
0.18039216
0.20392157
0.20000000
0.11372549
0.10588235
0.20784314
0.28235295
0.32156864
0.36470589
0.35294119
0.37647060
0.37254903
0.34117648
0.32941177
0.41176471
0.40000001
0.39215687
0.43137255
0.47450981
0.40784314
0.27058825
0.15686275
0.12549020
0.18431373
0.34117648
0.53333336
0.69411767
0.76862746
0.70196080
0.50196081
0.45882353
0.52549022
0.23529412
0.21568628
0.16078432
0.11372549
0.12549020
0.18431373
0.27843139
0.33725491
0.28235295
0.27843139
0.29803923
0.27843139
0.22745098
0.20392157
0.30980393
0.31372550
0.29411766
0.30588236
0.41568628
0.38823530
0.32156864
0.27058825
0.25490198
0.24313726
0.44705883
0.61960787
0.72156864
0.76470590
0.79607844
0.78039217
0.78823531
0.78039217
0.22352941
0.20784314
0.16078432
0.11764706
0.12156863
0.16470589
0.21568628
0.23137255
0.16862746
0.19607843
0.23921569
0.23921569
0.18823530
0.13725491
0.22745098
0.25098041
0.23137255
0.23137255
0.34117648
0.33725491
0.31764707
0.32156864
0.33333334
0.27843139
0.50980395
0.67843139
0.76078433
0.78431374
0.77647060
0.74509805
0.74509805
0.74117649
0.17647059
0.19607843
0.17647059
0.08627451
0.06274510
0.11764706
0.11372549
0.07450981
0.07843138
0.11764706
0.17254902
0.20392157
0.19215687
0.14901961
0.16470589
0.18431373
0.18039216
0.19607843
0.36470589
0.36862746
0.42352942
0.46666667
0.45882353
0.38039216
0.60784316
0.73725492
0.79215688
0.82352942
0.83921570
0.85098040
0.84313726
0.80000001
0.16862746
0.20000000
0.18823530
0.12156863
0.03529412
0.04705882
0.07450981
0.08627451
0.06666667
0.05882353
0.10196079
0.14901961
0.16862746
0.15686275
0.13333334
0.14117648
0.18039216
0.24705882
0.35294119
0.38823530
0.44705883
0.47843137
0.49803922
0.61568630
0.74509805
0.80000001
0.83137256
0.86666667
0.87058824
0.88235295
0.85098040
0.77647060
0.46666667
0.52941179
0.50588238
0.34901962
0.07058824
0.06274510
0.25098041
0.41960785
0.31372550
0.08627451
0.06274510
0.09411765
0.10980392
0.08235294
0.07843138
0.12941177
0.25882354
0.38431373
0.27843139
0.24313726
0.21960784
0.23529412
0.34901962
0.69411767
0.81176472
0.83529413
0.82352942
0.80784315
0.78039217
0.78431374
0.76078433
0.71764708
0.75294119
0.74509805
0.63921571
0.41568628
0.18823530
0.19607843
0.41960785
0.65098041
0.60784316
0.18039216
0.12941177
0.30588236
0.49803922
0.41960785
0.34509805
0.29019609
0.33725491
0.42745098
0.32156864
0.12156863
0.08627451
0.16862746
0.36078432
0.70588237
0.77254903
0.79215688
0.79215688
0.76470590
0.70980394
0.73725492
0.74509805
0.74117649
0.76470590
0.77647060
0.68627453
0.43137255
0.20000000
0.27058825
0.50588238
0.70196080
0.63529414
0.20392157
0.17254902
0.41568628
0.70980394
0.77254903
0.73333335
0.46274510
0.30196080
0.38431373
0.60392159
0.31764707
0.20784314
0.30196080
0.53725493
0.74509805
0.74509805
0.75686276
0.75686276
0.74117649
0.74509805
0.76862746
0.77647060
0.75294119
0.76078433
0.80000001
0.72549021
0.44705883
0.12941177
0.18431373
0.44313726
0.66274512
0.56470591
0.21960784
0.28627452
0.51764709
0.72941178
0.75294119
0.73333335
0.45490196
0.27843139
0.36470589
0.67058825
0.36470589
0.29019609
0.45882353
0.72549021
0.75686276
0.76470590
0.78431374
0.80000001
0.80784315
0.80000001
0.80784315
0.78039217
0.72941178
0.68627453
0.70196080
0.64705884
0.49019608
0.15686275
0.16470589
0.40784314
0.62352943
0.49411765
0.24313726
0.45882353
0.68627453
0.78039217
0.76470590
0.76470590
0.52156866
0.33725491
0.35686275
0.59215689
0.32549021
0.37647060
0.56470591
0.72941178
0.70196080
0.72941178
0.75686276
0.78039217
0.79607844
0.79607844
0.75686276
0.72941178
0.70588237
0.61176473
0.59607846
0.58823532
0.57647061
0.24705882
0.21568628
0.39215687
0.59215689
0.58431375
0.31764707
0.52156866
0.72549021
0.78823531
0.77254903
0.77254903
0.61176473
0.44705883
0.39607844
0.54117650
0.33333334
0.49019608
0.71372551
0.82352942
0.80392158
0.82745099
0.82745099
0.81176472
0.78823531
0.75686276
0.72549021
0.69803923
0.64705884
0.59215689
0.61568630
0.64705884
0.60000002
0.27058825
0.24705882
0.39607844
0.57254905
0.61176473
0.41176471
0.58431375
0.71764708
0.73725492
0.74901962
0.76078433
0.62745100
0.45098040
0.33725491
0.43921569
0.24313726
0.49019608
0.75686276
0.81568629
0.80392158
0.80000001
0.80392158
0.80000001
0.77254903
0.74117649
0.72549021
0.69411767
0.64705884
0.67450982
0.67450982
0.64313728
0.57254905
0.30588236
0.34117648
0.48627451
0.61960787
0.65098041
0.46274510
0.54901963
0.65490198
0.69411767
0.67450982
0.65098041
0.54117650
0.38039216
0.25490198
0.33725491
0.31372550
0.51764709
0.68627453
0.71764708
0.74509805
0.75686276
0.75294119
0.72941178
0.69411767
0.68235296
0.65882355
0.60392159
0.55686277
0.57254905
0.59215689
0.59607846
0.57647061
0.34509805
0.34901962
0.47450981
0.59215689
0.56078434
0.47058824
0.45098040
0.47843137
0.51372552
0.48627451
0.50196081
0.51372552
0.45490196
0.35686275
0.33333334
0.41960785
0.56470591
0.67843139
0.71372551
0.63529414
0.65882355
0.63921571
0.59215689
0.54901963
0.60392159
0.60392159
0.58431375
0.54901963
0.52941179
0.55294120
0.50588238
0.43137255
0.28627452
0.33333334
0.41960785
0.46274510
0.40784314
0.44313726
0.40392157
0.42745098
0.45882353
0.33333334
0.36862746
0.39215687
0.41176471
0.41568628
0.38039216
0.47843137
0.56470591
0.62352943
0.64313728
0.64313728
0.68235296
0.68235296
0.63921571
0.57647061
0.56862748
0.60392159
0.62352943
0.61176473
0.57647061
0.56078434
0.48627451
0.42745098
0.44705883
0.40000001
0.41568628
0.47058824
0.48235294
0.45882353
0.41176471
0.43921569
0.47843137
0.38039216
0.43529412
0.45882353
0.47058824
0.45490196
0.38431373
0.52549022
0.61568630
0.67450982
0.70980394
0.70196080
0.73725492
0.78431374
0.78823531
0.72156864
0.65098041
0.63529414
0.61960787
0.60000002
0.57647061
0.57254905
0.57647061
0.55686277
0.51372552
0.49019608
0.49803922
0.51764709
0.51764709
0.56470591
0.56078434
0.60392159
0.65098041
0.56862748
0.58823532
0.56862748
0.52549022
0.50980395
0.56862748
0.66666669
0.74901962
0.80784315
0.83921570
0.81960785
0.84705883
0.85098040
0.81960785
0.76078433
0.69803923
0.58823532
0.56078434
0.56862748
0.53333336
0.54117650
0.54509807
0.52549022
0.51372552
0.61568630
0.67843139
0.68627453
0.67058825
0.70196080
0.68627453
0.65098041
0.62352943
0.61960787
0.60784316
0.59607846
0.59607846
0.62745100
0.73725492
0.81960785
0.82352942
0.82352942
0.82745099
0.77647060
0.77254903
0.76470590
0.74509805
0.70588237
0.64705884
0.60392159
0.61176473
0.61176473
0.60000002
0.61960787
0.61960787
0.62352943
0.65882355
0.67450982
0.67058825
0.66274512
0.67843139
0.66666669
0.67450982
0.67450982
0.68235296
0.69803923
0.69411767
0.67058825
0.72549021
0.81960785
0.79607844
0.74117649
0.73333335
0.73333335
0.71764708
0.65490198
0.70588237
0.72156864
0.69411767
0.65490198
0.69411767
0.66666669
0.61568630
0.54509807
0.65490198
0.67058825
0.68235296
0.69019610
0.66274512
0.66274512
0.68235296
0.70980394
0.72549021
0.72156864
0.72156864
0.72941178
0.74117649
0.75294119
0.72941178
0.69803923
0.71372551
0.76862746
0.77254903
0.73725492
0.71764708
0.71372551
0.72156864
0.70980394
0.73725492
0.74117649
0.72549021
0.70196080
0.70196080
0.63921571
0.60000002
0.57647061
0.94901961
0.97254902
0.98431373
0.98823529
0.98039216
0.97647059
0.97254902
0.97254902
0.97254902
0.96470588
0.89411765
0.87450981
0.90980393
0.94117647
0.95686275
0.93725491
0.89803922
0.86274511
0.87450981
0.89411765
0.91764706
0.92549020
0.91372550
0.87450981
0.76470590
0.76078433
0.78039217
0.73333335
0.49019608
0.50588238
0.52156866
0.52549022
0.94901961
0.96862745
0.96862745
0.97254902
0.98431373
0.98039216
0.98039216
0.98039216
0.98823529
0.98431373
0.95686275
0.92156863
0.90196079
0.94901961
0.91764706
0.91764706
0.90196079
0.88235295
0.90196079
0.90196079
0.90980393
0.91764706
0.92549020
0.93725491
0.84313726
0.80000001
0.80392158
0.80392158
0.66274512
0.40392157
0.41568628
0.60000002
0.94901961
0.94509804
0.91764706
0.90980393
0.95294118
0.96470588
0.96078432
0.94901961
0.95294118
0.96078432
0.96862745
0.94901961
0.91764706
0.92549020
0.92156863
0.94509804
0.95294118
0.94117647
0.93333334
0.90196079
0.79215688
0.69019610
0.65098041
0.70980394
0.79215688
0.78039217
0.75294119
0.75686276
0.78823531
0.50588238
0.54117650
0.68627453
0.90588236
0.89411765
0.85882354
0.85490197
0.90196079
0.89803922
0.90588236
0.92941177
0.94901961
0.95294118
0.95686275
0.94509804
0.91764706
0.88627452
0.92941177
0.95686275
0.95686275
0.94117647
0.92549020
0.88627452
0.74509805
0.56862748
0.41568628
0.32549021
0.38431373
0.45882353
0.55294120
0.68235296
0.84313726
0.78431374
0.80000001
0.77647060
0.85098040
0.87450981
0.84705883
0.81568629
0.88627452
0.84313726
0.84313726
0.89019608
0.92156863
0.87058824
0.89019608
0.89411765
0.87843138
0.87450981
0.92156863
0.93725491
0.94117647
0.94117647
0.94509804
0.89019608
0.72941178
0.53333336
0.38823530
0.36862746
0.40392157
0.41176471
0.49019608
0.67058825
0.84313726
0.80000001
0.76078433
0.69019610
0.76862746
0.84705883
0.88627452
0.87843138
0.90980393
0.87843138
0.85098040
0.85098040
0.88627452
0.89411765
0.91764706
0.87450981
0.78823531
0.73725492
0.71764708
0.78431374
0.85490197
0.88235295
0.86666667
0.67450982
0.49019608
0.39607844
0.40784314
0.44705883
0.44313726
0.45490196
0.43921569
0.40784314
0.57254905
0.52549022
0.50196081
0.53725493
0.69411767
0.72156864
0.75294119
0.78431374
0.83529413
0.83137256
0.82352942
0.83137256
0.86274511
0.92156863
0.90588236
0.86666667
0.83137256
0.82745099
0.73725492
0.65490198
0.61960787
0.63529414
0.63921571
0.49019608
0.32549021
0.25098041
0.29411766
0.40784314
0.41568628
0.40784314
0.37254903
0.30588236
0.17254902
0.16862746
0.21176471
0.36078432
0.61176473
0.62352943
0.63921571
0.68627453
0.79215688
0.85490197
0.83529413
0.76862746
0.73333335
0.76862746
0.82352942
0.83921570
0.83921570
0.89803922
0.87058824
0.79215688
0.67450982
0.55294120
0.51372552
0.39215687
0.24313726
0.17254902
0.23137255
0.38039216
0.41568628
0.45098040
0.49803922
0.50196081
0.21568628
0.32941177
0.42352942
0.50196081
0.58823532
0.64705884
0.66274512
0.63921571
0.64705884
0.60784316
0.56862748
0.55294120
0.58823532
0.65098041
0.70588237
0.74901962
0.79215688
0.85490197
0.80392158
0.65490198
0.52549022
0.45098040
0.38431373
0.30980393
0.20000000
0.12941177
0.16862746
0.34901962
0.39607844
0.42352942
0.41568628
0.36470589
0.28627452
0.45490196
0.56078434
0.60784316
0.55686277
0.63921571
0.67843139
0.65098041
0.52156866
0.40000001
0.37647060
0.42745098
0.47450981
0.56862748
0.63921571
0.68627453
0.70196080
0.67450982
0.57647061
0.52156866
0.49019608
0.44705883
0.34509805
0.26274511
0.18823530
0.12549020
0.12941177
0.32549021
0.37254903
0.45098040
0.52549022
0.56078434
0.54117650
0.48235294
0.50588238
0.51764709
0.50980395
0.57254905
0.60784316
0.55294120
0.35686275
0.32156864
0.32549021
0.36862746
0.47450981
0.53333336
0.55686277
0.55686277
0.54117650
0.50588238
0.49803922
0.50588238
0.50196081
0.47450981
0.41960785
0.30196080
0.19607843
0.11372549
0.09019608
0.18431373
0.25490198
0.35294119
0.51764709
0.70588237
0.60784316
0.56862748
0.58823532
0.59607846
0.52549022
0.58823532
0.56470591
0.38039216
0.27058825
0.29803923
0.31372550
0.34117648
0.43921569
0.42352942
0.41176471
0.41176471
0.41568628
0.40392157
0.43529412
0.43529412
0.43921569
0.45098040
0.44705883
0.33333334
0.20000000
0.09803922
0.08627451
0.18431373
0.25882354
0.42352942
0.63137257
0.77254903
0.59215689
0.43921569
0.40392157
0.41568628
0.52941179
0.53333336
0.45882353
0.25490198
0.20000000
0.23137255
0.27843139
0.31372550
0.33725491
0.29803923
0.30588236
0.31764707
0.31764707
0.31372550
0.38823530
0.36470589
0.35294119
0.38039216
0.41960785
0.37254903
0.26666668
0.16862746
0.13725491
0.22352941
0.41960785
0.63921571
0.79607844
0.83529413
0.75294119
0.56078434
0.53333336
0.61176473
0.60392159
0.55686277
0.41960785
0.24705882
0.18431373
0.20000000
0.26666668
0.31764707
0.27843139
0.24705882
0.23921569
0.23137255
0.21568628
0.21176471
0.30588236
0.29803923
0.26666668
0.26666668
0.36470589
0.34117648
0.29803923
0.25490198
0.23921569
0.25098041
0.52941179
0.74901962
0.85882354
0.86666667
0.88235295
0.87843138
0.89803922
0.89019608
0.59215689
0.55294120
0.42352942
0.24313726
0.15294118
0.16470589
0.20000000
0.21960784
0.19607843
0.19607843
0.20392157
0.20000000
0.17647059
0.14509805
0.23921569
0.25098041
0.21960784
0.20392157
0.29019609
0.28627452
0.27843139
0.28627452
0.29803923
0.27058825
0.56470591
0.78039217
0.87450981
0.87058824
0.86274511
0.84705883
0.86274511
0.85882354
0.51764709
0.54117650
0.45490196
0.21176471
0.09019608
0.10588235
0.10196079
0.08235294
0.09411765
0.10588235
0.13725491
0.16470589
0.17254902
0.16470589
0.19215687
0.20000000
0.18431373
0.19215687
0.30980393
0.30980393
0.35294119
0.38823530
0.39607844
0.38823530
0.68627453
0.83529413
0.88235295
0.88235295
0.86666667
0.88235295
0.89803922
0.88235295
0.45490196
0.50588238
0.45490196
0.25490198
0.05490196
0.03529412
0.07450981
0.11372549
0.09019608
0.04705882
0.07058824
0.11372549
0.14901961
0.16078432
0.15294118
0.15294118
0.17254902
0.21960784
0.29411766
0.31372550
0.36078432
0.38823530
0.41568628
0.60392159
0.79607844
0.87058824
0.89411765
0.91372550
0.90196079
0.91764706
0.90196079
0.84313726
0.70588237
0.76470590
0.70980394
0.45098040
0.09019608
0.07450981
0.29803923
0.50196081
0.38039216
0.09803922
0.05882353
0.08627451
0.10588235
0.08235294
0.09019608
0.12941177
0.23137255
0.32941177
0.23529412
0.21176471
0.19215687
0.20784314
0.32941177
0.71372551
0.85490197
0.88627452
0.87843138
0.87450981
0.86274511
0.85882354
0.83529413
0.79215688
0.86666667
0.87843138
0.76862746
0.47450981
0.16078432
0.17254902
0.44313726
0.71764708
0.67058825
0.21960784
0.15686275
0.33333334
0.52549022
0.43529412
0.36470589
0.29411766
0.30980393
0.36078432
0.29019609
0.10980392
0.08235294
0.16862746
0.36862746
0.74901962
0.83529413
0.86274511
0.86666667
0.85882354
0.82352942
0.83921570
0.83137256
0.80784315
0.84705883
0.85882354
0.75686276
0.46666667
0.16862746
0.23137255
0.52156866
0.78039217
0.71372551
0.25098041
0.20784314
0.46274510
0.78431374
0.84705883
0.80392158
0.50196081
0.29803923
0.34117648
0.61568630
0.32549021
0.20784314
0.30196080
0.56470591
0.80784315
0.83529413
0.84313726
0.83921570
0.82352942
0.83529413
0.85098040
0.84313726
0.80784315
0.82352942
0.85490197
0.78431374
0.50196081
0.12941177
0.18431373
0.49411765
0.76470590
0.65098041
0.25490198
0.31372550
0.57254905
0.81960785
0.83921570
0.80392158
0.49411765
0.27058825
0.32549021
0.68235296
0.37254903
0.30196080
0.47843137
0.77647060
0.83529413
0.83529413
0.83137256
0.81960785
0.81176472
0.80000001
0.81568629
0.79607844
0.76078433
0.80392158
0.82352942
0.76470590
0.58039218
0.16862746
0.17647059
0.46666667
0.72156864
0.56078434
0.25490198
0.47058824
0.72941178
0.85098040
0.81568629
0.81176472
0.54509807
0.32156864
0.31764707
0.60784316
0.34901962
0.40392157
0.61176473
0.79215688
0.76862746
0.76078433
0.75686276
0.75686276
0.77254903
0.78431374
0.78039217
0.76862746
0.73725492
0.74117649
0.73725492
0.70588237
0.64313728
0.23921569
0.20392157
0.42352942
0.65490198
0.61568630
0.30980393
0.51372552
0.73725492
0.82352942
0.78431374
0.79607844
0.62745100
0.43529412
0.36078432
0.54509807
0.31764707
0.47450981
0.70588237
0.81568629
0.80000001
0.80784315
0.80392158
0.79215688
0.78431374
0.77647060
0.76470590
0.74509805
0.69411767
0.67058825
0.69019610
0.69803923
0.65098041
0.28235295
0.22352941
0.38431373
0.59215689
0.63921571
0.38823530
0.55686277
0.72941178
0.78823531
0.77647060
0.78823531
0.65882355
0.45490196
0.30588236
0.42745098
0.21960784
0.47450981
0.73333335
0.78823531
0.79607844
0.79607844
0.80000001
0.79215688
0.77254903
0.74509805
0.73333335
0.71372551
0.67058825
0.70980394
0.71764708
0.69019610
0.61960787
0.31764707
0.32156864
0.47843137
0.65098041
0.69803923
0.45882353
0.52941179
0.66666669
0.74901962
0.72549021
0.69803923
0.59215689
0.40000001
0.23529412
0.32941177
0.29411766
0.50588238
0.67843139
0.70196080
0.75686276
0.77647060
0.77254903
0.74117649
0.70196080
0.69019610
0.67058825
0.62745100
0.58823532
0.63921571
0.65490198
0.65490198
0.61960787
0.35294119
0.33333334
0.47843137
0.63529414
0.63137257
0.49019608
0.43529412
0.49019608
0.57647061
0.56078434
0.56470591
0.56862748
0.47450981
0.32549021
0.31764707
0.39215687
0.56078434
0.69019610
0.71764708
0.64705884
0.66666669
0.65098041
0.60392159
0.56470591
0.62352943
0.62352943
0.61568630
0.58431375
0.65098041
0.64313728
0.57254905
0.46274510
0.28627452
0.30980393
0.42352942
0.51372552
0.49411765
0.48235294
0.39607844
0.42745098
0.51764709
0.42745098
0.43137255
0.43529412
0.41176471
0.36862746
0.34509805
0.44705883
0.56862748
0.64705884
0.65490198
0.64705884
0.66666669
0.66666669
0.63529414
0.59215689
0.59607846
0.62745100
0.65098041
0.64313728
0.64313728
0.60392159
0.52549022
0.47058824
0.45882353
0.37254903
0.40000001
0.50980395
0.56078434
0.51372552
0.40392157
0.41176471
0.49019608
0.46274510
0.49019608
0.49019608
0.45490196
0.39215687
0.32941177
0.49019608
0.61568630
0.68627453
0.69803923
0.67058825
0.69019610
0.73725492
0.75294119
0.70980394
0.66666669
0.65490198
0.64313728
0.61568630
0.61568630
0.62745100
0.63529414
0.60784316
0.56470591
0.50196081
0.50196081
0.53725493
0.54117650
0.56470591
0.55686277
0.61176473
0.67843139
0.61960787
0.62352943
0.58431375
0.49803922
0.42745098
0.49411765
0.60000002
0.70196080
0.76862746
0.78039217
0.75686276
0.78823531
0.79215688
0.77254903
0.73725492
0.69411767
0.60392159
0.58039218
0.58823532
0.59215689
0.61568630
0.62352943
0.59215689
0.56862748
0.63921571
0.69019610
0.69803923
0.66274512
0.68627453
0.68627453
0.67058825
0.65098041
0.64705884
0.61960787
0.60000002
0.56470591
0.55686277
0.68235296
0.76470590
0.78039217
0.77254903
0.76862746
0.73333335
0.73333335
0.72549021
0.70980394
0.69019610
0.64705884
0.61960787
0.63137257
0.63529414
0.62745100
0.63921571
0.63921571
0.64313728
0.67058825
0.67450982
0.67843139
0.67843139
0.67843139
0.66666669
0.67058825
0.67450982
0.68627453
0.70588237
0.69411767
0.67450982
0.70980394
0.78431374
0.78431374
0.73333335
0.72549021
0.71764708
0.69803923
0.65490198
0.70196080
0.71372551
0.68627453
0.65882355
0.70588237
0.68235296
0.63529414
0.57647061
0.65490198
0.66666669
0.67058825
0.68235296
0.66274512
0.66274512
0.68627453
0.71764708
0.73333335
0.72549021
0.72549021
0.72941178
0.74117649
0.75686276
0.74117649
0.70980394
0.72156864
0.76862746
0.77254903
0.74117649
0.71764708
0.71372551
0.72156864
0.70980394
0.73725492
0.74117649
0.72549021
0.70588237
0.70980394
0.65882355
0.62745100
0.60392159
0.65882355
0.71764708
0.78431374
0.81568629
0.81176472
0.81960785
0.82745099
0.82745099
0.81568629
0.75686276
0.64313728
0.57647061
0.57254905
0.59215689
0.62352943
0.59607846
0.53333336
0.47058824
0.46274510
0.46274510
0.46666667
0.47058824
0.45882353
0.41960785
0.33725491
0.32156864
0.33333334
0.31372550
0.18823530
0.20000000
0.19215687
0.18039216
0.67843139
0.70196080
0.72549021
0.72941178
0.73725492
0.72941178
0.72941178
0.73333335
0.74901962
0.72941178
0.69019610
0.62745100
0.58039218
0.60784316
0.57647061
0.56078434
0.53333336
0.49411765
0.49411765
0.46666667
0.46274510
0.45882353
0.43921569
0.41960785
0.34117648
0.32156864
0.34509805
0.36862746
0.32156864
0.17647059
0.15294118
0.22745098
0.62352943
0.64313728
0.65490198
0.65882355
0.68627453
0.67843139
0.65098041
0.63137257
0.63137257
0.64313728
0.66274512
0.63921571
0.59215689
0.57254905
0.55686277
0.56470591
0.55686277
0.52156866
0.50196081
0.47450981
0.41176471
0.36078432
0.35686275
0.39607844
0.38039216
0.38431373
0.38823530
0.38431373
0.36862746
0.24313726
0.24705882
0.28235295
0.61176473
0.63921571
0.61960787
0.59215689
0.58823532
0.57254905
0.57254905
0.58823532
0.59215689
0.59215689
0.61960787
0.61568630
0.57254905
0.52549022
0.55686277
0.57647061
0.56470591
0.53333336
0.49803922
0.47058824
0.41176471
0.36078432
0.32156864
0.26666668
0.29803923
0.32941177
0.34509805
0.34509805
0.38039216
0.34117648
0.32156864
0.29019609
0.60392159
0.63921571
0.58823532
0.50588238
0.54509807
0.50196081
0.50980395
0.55686277
0.58039218
0.51372552
0.52549022
0.52941179
0.51764709
0.52549022
0.53725493
0.54117650
0.53725493
0.53333336
0.54117650
0.55686277
0.48627451
0.38823530
0.31372550
0.31764707
0.36862746
0.36470589
0.35294119
0.36470589
0.40784314
0.35294119
0.30980393
0.26274511
0.50196081
0.58039218
0.60392159
0.56470591
0.57647061
0.54901963
0.52941179
0.52549022
0.54509807
0.52549022
0.54901963
0.50980395
0.43529412
0.40000001
0.38039216
0.42352942
0.46666667
0.47843137
0.48627451
0.45882353
0.38823530
0.35294119
0.38431373
0.42352942
0.40784314
0.38431373
0.31764707
0.21960784
0.25098041
0.20000000
0.19215687
0.21568628
0.43921569
0.46666667
0.49411765
0.50196081
0.50980395
0.48627451
0.48627451
0.50196081
0.50588238
0.54117650
0.55686277
0.52941179
0.48627451
0.47058824
0.41568628
0.34901962
0.34117648
0.39607844
0.43137255
0.35686275
0.26666668
0.22745098
0.26666668
0.35686275
0.36470589
0.34901962
0.29019609
0.18431373
0.09411765
0.08235294
0.08627451
0.12941177
0.38823530
0.41960785
0.43137255
0.42745098
0.46666667
0.51372552
0.55686277
0.56862748
0.53725493
0.59215689
0.63921571
0.61176473
0.53333336
0.52156866
0.50980395
0.51372552
0.52549022
0.52549022
0.47058824
0.31372550
0.19607843
0.16470589
0.22352941
0.33333334
0.38039216
0.38431373
0.35294119
0.27450982
0.10196079
0.15686275
0.18431373
0.19215687
0.35686275
0.39607844
0.40784314
0.39607844
0.44313726
0.48627451
0.51372552
0.55294120
0.64705884
0.72941178
0.76862746
0.76470590
0.74117649
0.73725492
0.66666669
0.58039218
0.52156866
0.46666667
0.31372550
0.25098041
0.17254902
0.12549020
0.15294118
0.30980393
0.36470589
0.36470589
0.30196080
0.18823530
0.11372549
0.20392157
0.23137255
0.21960784
0.33725491
0.38431373
0.44313726
0.50588238
0.50588238
0.44313726
0.42352942
0.46666667
0.55294120
0.65098041
0.70980394
0.74509805
0.74901962
0.70980394
0.59607846
0.52156866
0.48235294
0.44313726
0.34901962
0.25882354
0.18431373
0.12156863
0.11764706
0.29411766
0.34509805
0.38039216
0.36078432
0.28235295
0.24705882
0.19607843
0.19215687
0.19607843
0.30588236
0.36078432
0.43137255
0.49803922
0.38823530
0.33725491
0.33333334
0.38823530
0.50588238
0.54117650
0.54901963
0.54509807
0.53333336
0.50980395
0.50196081
0.50588238
0.49019608
0.45490196
0.41568628
0.30196080
0.19607843
0.11764706
0.09019608
0.18039216
0.26274511
0.29803923
0.31372550
0.32156864
0.24705882
0.21960784
0.23137255
0.26666668
0.29803923
0.37254903
0.41568628
0.36470589
0.29019609
0.29411766
0.31372550
0.35686275
0.44705883
0.39215687
0.37254903
0.38823530
0.41568628
0.40784314
0.42745098
0.42745098
0.43137255
0.43921569
0.43921569
0.32941177
0.19607843
0.10196079
0.08627451
0.17647059
0.23921569
0.30980393
0.36862746
0.37647060
0.24313726
0.17647059
0.16470589
0.18431373
0.29803923
0.32156864
0.32549021
0.25098041
0.21960784
0.22352941
0.26274511
0.30980393
0.33725491
0.28627452
0.28235295
0.29803923
0.31764707
0.30980393
0.36470589
0.33725491
0.32156864
0.35294119
0.38823530
0.33725491
0.23137255
0.14117648
0.10588235
0.16470589
0.28235295
0.37647060
0.41176471
0.39607844
0.40784314
0.32156864
0.32549021
0.39607844
0.36470589
0.34117648
0.27843139
0.22745098
0.18823530
0.18039216
0.23137255
0.29411766
0.27843139
0.23529412
0.20784314
0.19607843
0.19607843
0.20000000
0.28627452
0.27058825
0.23137255
0.23137255
0.32156864
0.28627452
0.24313726
0.21176471
0.19215687
0.18039216
0.37254903
0.50196081
0.56470591
0.59607846
0.68235296
0.69411767
0.71764708
0.72156864
0.34509805
0.32156864
0.26274511
0.19607843
0.12941177
0.13333334
0.16078432
0.18823530
0.19215687
0.16862746
0.15686275
0.14509805
0.13725491
0.12156863
0.21960784
0.23529412
0.19607843
0.16862746
0.24705882
0.23137255
0.22745098
0.23921569
0.25098041
0.22352941
0.50588238
0.67843139
0.74117649
0.74117649
0.72549021
0.70588237
0.71764708
0.72156864
0.29803923
0.31372550
0.27058825
0.12941177
0.05490196
0.08235294
0.08235294
0.06666667
0.08235294
0.07450981
0.09411765
0.11764706
0.12941177
0.12156863
0.16078432
0.17647059
0.15294118
0.13725491
0.24705882
0.24705882
0.29019609
0.32549021
0.32156864
0.32156864
0.60392159
0.74117649
0.78431374
0.78823531
0.78039217
0.79215688
0.79607844
0.76862746
0.25882354
0.29803923
0.26666668
0.15686275
0.03137255
0.01960784
0.05882353
0.09019608
0.08235294
0.04705882
0.05490196
0.08235294
0.10196079
0.11764706
0.12549020
0.12549020
0.13333334
0.16078432
0.21960784
0.23529412
0.28627452
0.30980393
0.33725491
0.53333336
0.71764708
0.78823531
0.81960785
0.85098040
0.84313726
0.83921570
0.80392158
0.72941178
0.55294120
0.60392159
0.55686277
0.36470589
0.06274510
0.04313726
0.24705882
0.43921569
0.34117648
0.10588235
0.05882353
0.06666667
0.07450981
0.05490196
0.07450981
0.10196079
0.18431373
0.26666668
0.15686275
0.14509805
0.12941177
0.13725491
0.24705882
0.65490198
0.80784315
0.83137256
0.80392158
0.77647060
0.74901962
0.75294119
0.72941178
0.68627453
0.78431374
0.77647060
0.65882355
0.40392157
0.12941177
0.12156863
0.36470589
0.63529414
0.61176473
0.21176471
0.15294118
0.31764707
0.49803922
0.41960785
0.35294119
0.26274511
0.25490198
0.29411766
0.21568628
0.08235294
0.05882353
0.12549020
0.30588236
0.69019610
0.75294119
0.77254903
0.77647060
0.76470590
0.72156864
0.73725492
0.73725492
0.72941178
0.76862746
0.77647060
0.67843139
0.40392157
0.11764706
0.15686275
0.42745098
0.68627453
0.63921571
0.22745098
0.19215687
0.43529412
0.73333335
0.78823531
0.75294119
0.45490196
0.23921569
0.26666668
0.53725493
0.29019609
0.16862746
0.24705882
0.50196081
0.74901962
0.76470590
0.76862746
0.76470590
0.75294119
0.76078433
0.77647060
0.78039217
0.75686276
0.74901962
0.78431374
0.71372551
0.44313726
0.09019608
0.11764706
0.40784314
0.67843139
0.58039218
0.21568628
0.27450982
0.51764709
0.74509805
0.76078433
0.73333335
0.43137255
0.21176471
0.25882354
0.61960787
0.31764707
0.23921569
0.41568628
0.71764708
0.78431374
0.78039217
0.77647060
0.77647060
0.77254903
0.76078433
0.77254903
0.74509805
0.69803923
0.70588237
0.72941178
0.68235296
0.51764709
0.13333334
0.11372549
0.38431373
0.63921571
0.49803922
0.21176471
0.42745098
0.67450982
0.78431374
0.75686276
0.75686276
0.48627451
0.25490198
0.24313726
0.53725493
0.27450982
0.32941177
0.54117650
0.72941178
0.71764708
0.72156864
0.72549021
0.73333335
0.74901962
0.76078433
0.74117649
0.70980394
0.66666669
0.63529414
0.63921571
0.62745100
0.59215689
0.20784314
0.14117648
0.34509805
0.58823532
0.56862748
0.27843139
0.48627451
0.70980394
0.78823531
0.75686276
0.76862746
0.57647061
0.36470589
0.27843139
0.47843137
0.26666668
0.42745098
0.66274512
0.77254903
0.76078433
0.78039217
0.78431374
0.77647060
0.76470590
0.74509805
0.72156864
0.68627453
0.62745100
0.61176473
0.63529414
0.65882355
0.61568630
0.25098041
0.18039216
0.34509805
0.56862748
0.61568630
0.35686275
0.52941179
0.70980394
0.76862746
0.74509805
0.75294119
0.60784316
0.39607844
0.25490198
0.38431373
0.20392157
0.46274510
0.72549021
0.77254903
0.76078433
0.76078433
0.77647060
0.78039217
0.75686276
0.71764708
0.69019610
0.65490198
0.60784316
0.68235296
0.69019610
0.66666669
0.59215689
0.27058825
0.25882354
0.41960785
0.60392159
0.65098041
0.40392157
0.48627451
0.63921571
0.73725492
0.70588237
0.67058825
0.54901963
0.35294119
0.19215687
0.28235295
0.25882354
0.48627451
0.66274512
0.68235296
0.70980394
0.72941178
0.73725492
0.71764708
0.67843139
0.66274512
0.61960787
0.56078434
0.51764709
0.59607846
0.61960787
0.62352943
0.59215689
0.30196080
0.26274511
0.41176471
0.58431375
0.57647061
0.43529412
0.38823530
0.45490196
0.55686277
0.53333336
0.52941179
0.52156866
0.42745098
0.27450982
0.24313726
0.33333334
0.52156866
0.66274512
0.68627453
0.58823532
0.61176473
0.59215689
0.54509807
0.51372552
0.57647061
0.56862748
0.55686277
0.52941179
0.58039218
0.58039218
0.52156866
0.42745098
0.24313726
0.25490198
0.36470589
0.46666667
0.45098040
0.43921569
0.34901962
0.38431373
0.47450981
0.38039216
0.38039216
0.38431373
0.35294119
0.29803923
0.24705882
0.36862746
0.51764709
0.60784316
0.61568630
0.57647061
0.58823532
0.57647061
0.54509807
0.50588238
0.52549022
0.58039218
0.61176473
0.60784316
0.58431375
0.55294120
0.47843137
0.42745098
0.42352942
0.33333334
0.35686275
0.46274510
0.52941179
0.47843137
0.36078432
0.36862746
0.45490196
0.43137255
0.45098040
0.44313726
0.38823530
0.29803923
0.22745098
0.40392157
0.55686277
0.63921571
0.63137257
0.58823532
0.59215689
0.63137257
0.65098041
0.62352943
0.59607846
0.60784316
0.60000002
0.57254905
0.56470591
0.58039218
0.60000002
0.58823532
0.55294120
0.49019608
0.48235294
0.50588238
0.50980395
0.53333336
0.52156866
0.58039218
0.66274512
0.61960787
0.60392159
0.54117650
0.43137255
0.33725491
0.40000001
0.51764709
0.63921571
0.70588237
0.70588237
0.68235296
0.72156864
0.72941178
0.70980394
0.68627453
0.65490198
0.56470591
0.54117650
0.54509807
0.54117650
0.56862748
0.58431375
0.56470591
0.54901963
0.63529414
0.68627453
0.67058825
0.61568630
0.63137257
0.63137257
0.62745100
0.61568630
0.61960787
0.60000002
0.56862748
0.51372552
0.49803922
0.63529414
0.71764708
0.72941178
0.71764708
0.70588237
0.68627453
0.69411767
0.68627453
0.67058825
0.65098041
0.61960787
0.58431375
0.59215689
0.60000002
0.59607846
0.61176473
0.61176473
0.61176473
0.63921571
0.66666669
0.67058825
0.65490198
0.63529414
0.63137257
0.65490198
0.66666669
0.67450982
0.68235296
0.67450982
0.64705884
0.68627453
0.76862746
0.79215688
0.72156864
0.70196080
0.68627453
0.65882355
0.63921571
0.67843139
0.68235296
0.65098041
0.62352943
0.67450982
0.64705884
0.59607846
0.53725493
0.62745100
0.64313728
0.65098041
0.66274512
0.63137257
0.64313728
0.67450982
0.70196080
0.70980394
0.70588237
0.70980394
0.72156864
0.73725492
0.74509805
0.70980394
0.68627453
0.71764708
0.78431374
0.80000001
0.74117649
0.70980394
0.70196080
0.70980394
0.70196080
0.73725492
0.74509805
0.72549021
0.70196080
0.70588237
0.64313728
0.60000002
0.57254905
1 0 0 0 0 0 0 -1 0 0 0
0 1 0 0 0 0 0 -1 0 0 0
0 0 1 0 0 0 0 -1 0 0 0
0 0 0 1 0 0 0 -1 0 0 0
0 0 0 0 1 0 0 -1 0 0 0
0 0 0 0 0 1 0 -1 0 0 0
0 0 0 0 0 0 1 -1 0 0 0
0 0 0 0 0 0 0 -1 1 0 0
0 0 0 0 0 0 0 -1 0 1 0
