0.27843139
0.28235295
0.28627452
0.29411766
0.29411766
0.29411766
0.29411766
0.27450982
0.23529412
0.25882354
0.25098041
0.25098041
0.25098041
0.25098041
0.25882354
0.26274511
0.27058825
0.27450982
0.25882354
0.25098041
0.25098041
0.25882354
0.26666668
0.40000001
0.45490196
0.41176471
0.43921569
0.45490196
0.41176471
0.41960785
0.45490196
0.43529412
0.42745098
0.43137255
0.43529412
0.43921569
0.44313726
0.43529412
0.43529412
0.42352942
0.39607844
0.40000001
0.40784314
0.41176471
0.40784314
0.41568628
0.41176471
0.41960785
0.42352942
0.42352942
0.41960785
0.41568628
0.41960785
0.43921569
0.43137255
0.56862748
0.62745100
0.57647061
0.60000002
0.61960787
0.55686277
0.52156866
0.48627451
0.50980395
0.57254905
0.57254905
0.58039218
0.58039218
0.58431375
0.58431375
0.58431375
0.58039218
0.55686277
0.54509807
0.57647061
0.59215689
0.60392159
0.60000002
0.58039218
0.59215689
0.59607846
0.59607846
0.60392159
0.60000002
0.60000002
0.62745100
0.60784316
0.70588237
0.75294119
0.72549021
0.73333335
0.73725492
0.68627453
0.59607846
0.53333336
0.49803922
0.54509807
0.54509807
0.54901963
0.56078434
0.56470591
0.56470591
0.56470591
0.56862748
0.53725493
0.51372552
0.57254905
0.61960787
0.64313728
0.69803923
0.71372551
0.71764708
0.62745100
0.61568630
0.63921571
0.63921571
0.64313728
0.67843139
0.65098041
0.75686276
0.80784315
0.78823531
0.81568629
0.82352942
0.79607844
0.71764708
0.58039218
0.49019608
0.43137255
0.44313726
0.44313726
0.44313726
0.44705883
0.44705883
0.43529412
0.43137255
0.41568628
0.40000001
0.49411765
0.59607846
0.57647061
0.72156864
0.79607844
0.78431374
0.70588237
0.70588237
0.54509807
0.50980395
0.51764709
0.54901963
0.49019608
0.65098041
0.73725492
0.72941178
0.78823531
0.81568629
0.82352942
0.79607844
0.64313728
0.50980395
0.37647060
0.37254903
0.36078432
0.35686275
0.37647060
0.36862746
0.36470589
0.33725491
0.29019609
0.31764707
0.35294119
0.47450981
0.32549021
0.39607844
0.60784316
0.71372551
0.66274512
0.70196080
0.45490196
0.35686275
0.37254903
0.41568628
0.35294119
0.64705884
0.67843139
0.65490198
0.72941178
0.76862746
0.80392158
0.82352942
0.68627453
0.52156866
0.38431373
0.36862746
0.34901962
0.32549021
0.36078432
0.35294119
0.34117648
0.32156864
0.25098041
0.24705882
0.23137255
0.35686275
0.06274510
0.10196079
0.43137255
0.70196080
0.63529414
0.61568630
0.44705883
0.33333334
0.35294119
0.38823530
0.30588236
0.68627453
0.65490198
0.60392159
0.68235296
0.72941178
0.77647060
0.83137256
0.72941178
0.54117650
0.40392157
0.39607844
0.36862746
0.34117648
0.38431373
0.38823530
0.36470589
0.34117648
0.24705882
0.20392157
0.25882354
0.30196080
0.06274510
0.07058824
0.41960785
0.74509805
0.76078433
0.72941178
0.48627451
0.35294119
0.32941177
0.37647060
0.25490198
0.56078434
0.65490198
0.59607846
0.65098041
0.69019610
0.74509805
0.82745099
0.75686276
0.56078434
0.41568628
0.40784314
0.38039216
0.35294119
0.39215687
0.40000001
0.31764707
0.26666668
0.14117648
0.10980392
0.29019609
0.32549021
0.09803922
0.12549020
0.47058824
0.76862746
0.80784315
0.82745099
0.43529412
0.16862746
0.21176471
0.34901962
0.25490198
0.54117650
0.68235296
0.60784316
0.63529414
0.65098041
0.71372551
0.81176472
0.77647060
0.57254905
0.42352942
0.40000001
0.37647060
0.34509805
0.34901962
0.37254903
0.22352941
0.21176471
0.12156863
0.08235294
0.31764707
0.38823530
0.13333334
0.21960784
0.50588238
0.79607844
0.81176472
0.80392158
0.42745098
0.18431373
0.22352941
0.34117648
0.26666668
0.54901963
0.67843139
0.61568630
0.63529414
0.61960787
0.67450982
0.79607844
0.78823531
0.58039218
0.43137255
0.40000001
0.37254903
0.34509805
0.29803923
0.26274511
0.22352941
0.18431373
0.16078432
0.08627451
0.37647060
0.42745098
0.37254903
0.53333336
0.69803923
0.82352942
0.85490197
0.85882354
0.43921569
0.22352941
0.27450982
0.36078432
0.28235295
0.52549022
0.66666669
0.62352943
0.68235296
0.61568630
0.63921571
0.79215688
0.79607844
0.58431375
0.43921569
0.40392157
0.36862746
0.32941177
0.30196080
0.25882354
0.23137255
0.16078432
0.20392157
0.30980393
0.61960787
0.71372551
0.64313728
0.90980393
0.84705883
0.82745099
0.88235295
0.90588236
0.50588238
0.34509805
0.34117648
0.39607844
0.28235295
0.51372552
0.70196080
0.59607846
0.46666667
0.47058824
0.47843137
0.76078433
0.79607844
0.58823532
0.43529412
0.39607844
0.34901962
0.28627452
0.23921569
0.21960784
0.28235295
0.50588238
0.74901962
0.87058824
0.90588236
0.79607844
0.54901963
0.86666667
0.85882354
0.84705883
0.90196079
0.91372550
0.55686277
0.36862746
0.36862746
0.40392157
0.25098041
0.52156866
0.72156864
0.61176473
0.55294120
0.54901963
0.56862748
0.72156864
0.78823531
0.59215689
0.43137255
0.39607844
0.33333334
0.26666668
0.37254903
0.61960787
0.83529413
0.93333334
0.94509804
0.90980393
0.90196079
0.81960785
0.50588238
0.81568629
0.90196079
0.87058824
0.90588236
0.91372550
0.50196081
0.30980393
0.38431373
0.35294119
0.21176471
0.47843137
0.63921571
0.59607846
0.71372551
0.59215689
0.59607846
0.71372551
0.78823531
0.59215689
0.41960785
0.38823530
0.32941177
0.37647060
0.78431374
0.92941177
0.94117647
0.91764706
0.92156863
0.90196079
0.89411765
0.77647060
0.53725493
0.86666667
0.89019608
0.83137256
0.90196079
0.91764706
0.50588238
0.35294119
0.36862746
0.31372550
0.18431373
0.52941179
0.65490198
0.61176473
0.72156864
0.59215689
0.58823532
0.70980394
0.78039217
0.59215689
0.42352942
0.39215687
0.34117648
0.50588238
0.86666667
0.92549020
0.92941177
0.94117647
0.94901961
0.90196079
0.91764706
0.80784315
0.54117650
0.91372550
0.89803922
0.82745099
0.90196079
0.91764706
0.56078434
0.40784314
0.39607844
0.33333334
0.20000000
0.56078434
0.70588237
0.63921571
0.67058825
0.57254905
0.58431375
0.69019610
0.77254903
0.59215689
0.43137255
0.38823530
0.34901962
0.54509807
0.84705883
0.94117647
0.95686275
0.96078432
0.95686275
0.90980393
0.92549020
0.91764706
0.67450982
0.90588236
0.89019608
0.89803922
0.89803922
0.91372550
0.57647061
0.37647060
0.36862746
0.34117648
0.19607843
0.54509807
0.67843139
0.57254905
0.59215689
0.56078434
0.57254905
0.64705884
0.75686276
0.59215689
0.42745098
0.40000001
0.38823530
0.58823532
0.80000001
0.95294118
0.96470588
0.97647059
0.98039216
0.92941177
0.93333334
0.92941177
0.87058824
0.81960785
0.78823531
0.90196079
0.89411765
0.90980393
0.60392159
0.25490198
0.35686275
0.37647060
0.19607843
0.46274510
0.66666669
0.60392159
0.60784316
0.58039218
0.58431375
0.63137257
0.73725492
0.58431375
0.45098040
0.44705883
0.44313726
0.63137257
0.83921570
0.94509804
0.96862745
0.96862745
0.97254902
0.94901961
0.81176472
0.89019608
0.80000001
0.76862746
0.81960785
0.90980393
0.89411765
0.91372550
0.63137257
0.38431373
0.42352942
0.37647060
0.23921569
0.36078432
0.52549022
0.38823530
0.36862746
0.31764707
0.30588236
0.44705883
0.60392159
0.41568628
0.46274510
0.44313726
0.43921569
0.64313728
0.92941177
0.96078432
1.00000000
0.98431373
0.95294118
0.90980393
0.64313728
0.78823531
0.86274511
0.86666667
0.90196079
0.94901961
0.92941177
0.91764706
0.66666669
0.44313726
0.40784314
0.34901962
0.23921569
0.20000000
0.10980392
0.02745098
0.00000000
0.00000000
0.02745098
0.18431373
0.42745098
0.36078432
0.45882353
0.43921569
0.41960785
0.70196080
0.94117647
0.86666667
0.54901963
0.43529412
0.51764709
0.81960785
0.70588237
0.61960787
0.78431374
0.76470590
0.74901962
0.73725492
0.74509805
0.57647061
0.48235294
0.40000001
0.17254902
0.17254902
0.09411765
0.07450981
0.14901961
0.10588235
0.01960784
0.02352941
0.01960784
0.11764706
0.43921569
0.36078432
0.46666667
0.44705883
0.44705883
0.69411767
0.91764706
0.49803922
0.10980392
0.15294118
0.20392157
0.88235295
0.77254903
0.24313726
0.32549021
0.23921569
0.42745098
0.11372549
0.10196079
0.10980392
0.14509805
0.23529412
0.14117648
0.14901961
0.19607843
0.18823530
0.16862746
0.14117648
0.07450981
0.01568628
0.01568628
0.18431373
0.36862746
0.34901962
0.47843137
0.46274510
0.46274510
0.80392158
0.89019608
0.24705882
0.28627452
0.40000001
0.29019609
0.70980394
0.75294119
0.43529412
0.64705884
0.60392159
0.76078433
0.19607843
0.13333334
0.25882354
0.43529412
0.76078433
0.34117648
0.12549020
0.11764706
0.14117648
0.20784314
0.18039216
0.11764706
0.02745098
0.06274510
0.18431373
0.36862746
0.47450981
0.47058824
0.46274510
0.47450981
0.72156864
0.69803923
0.18431373
0.38431373
0.60000002
0.43137255
0.53333336
0.78823531
0.46666667
0.50588238
0.50980395
0.56078434
0.20392157
0.21176471
0.43137255
0.54509807
0.72941178
0.32549021
0.09411765
0.08627451
0.19215687
0.39607844
0.36470589
0.14509805
0.04705882
0.10196079
0.18039216
0.35294119
0.37647060
0.47450981
0.46666667
0.42745098
0.30980393
0.18823530
0.16470589
0.45882353
0.89411765
0.52156866
0.42745098
0.77647060
0.53725493
0.78823531
0.83921570
0.82352942
0.32549021
0.46274510
0.78431374
0.78823531
0.78823531
0.37254903
0.07058824
0.11372549
0.27450982
0.23921569
0.38431373
0.24313726
0.06274510
0.09411765
0.17647059
0.23529412
0.27450982
0.49411765
0.47450981
0.42352942
0.25098041
0.16078432
0.20000000
0.56862748
0.92156863
0.56078434
0.36078432
0.74117649
0.60000002
0.87450981
0.90196079
0.79607844
0.43921569
0.58823532
0.72549021
0.69411767
0.67843139
0.44705883
0.06666667
0.11764706
0.30980393
0.12941177
0.40784314
0.38039216
0.06666667
0.07843138
0.19215687
0.27843139
0.22745098
0.51372552
0.50980395
0.46274510
0.26666668
0.24313726
0.23529412
0.58039218
0.65098041
0.45490196
0.27843139
0.70196080
0.54117650
0.78431374
0.82352942
0.72156864
0.26666668
0.22352941
0.14901961
0.27450982
0.37647060
0.44313726
0.13333334
0.10588235
0.43137255
0.25882354
0.68627453
0.43921569
0.06274510
0.04705882
0.16862746
0.53725493
0.41568628
0.53725493
0.53725493
0.52156866
0.29019609
0.17647059
0.22745098
0.52941179
0.55294120
0.41176471
0.23529412
0.64705884
0.58039218
0.85098040
0.85098040
0.78039217
0.20392157
0.27450982
0.61960787
0.66666669
0.69019610
0.41568628
0.06666667
0.09019608
0.42352942
0.62352943
0.87843138
0.36470589
0.05490196
0.02745098
0.12941177
0.54509807
0.69019610
0.54901963
0.54509807
0.55294120
0.34901962
0.16078432
0.22745098
0.48627451
0.68235296
0.39607844
0.16078432
0.35294119
0.41960785
0.61176473
0.55294120
0.56078434
0.13725491
0.11372549
0.21568628
0.18039216
0.14509805
0.16470589
0.03921569
0.08235294
0.24705882
0.86274511
0.84313726
0.18039216
0.02745098
0.01568628
0.10588235
0.23529412
0.54901963
0.52941179
0.50980395
0.50196081
0.47058824
0.37647060
0.26666668
0.40000001
0.48627451
0.34117648
0.12156863
0.05098039
0.07058824
0.10196079
0.06666667
0.08627451
0.05882353
0.11372549
0.01960784
0.01176471
0.01960784
0.10196079
0.03529412
0.05098039
0.12941177
0.36862746
0.32549021
0.14509805
0.23137255
0.03137255
0.04705882
0.12549020
0.27843139
0.52941179
0.50980395
0.49411765
0.47843137
0.37254903
0.23921569
0.29019609
0.37647060
0.20392157
0.09019608
0.07058824
0.08627451
0.10980392
0.03137255
0.02745098
0.10980392
0.37647060
0.12941177
0.12156863
0.12941177
0.20392157
0.21568628
0.09411765
0.07058824
0.07058824
0.07843138
0.10196079
0.39607844
0.25882354
0.09803922
0.10196079
0.32941177
0.52156866
0.50980395
0.49411765
0.47843137
0.27843139
0.29411766
0.18039216
0.15294118
0.12156863
0.03137255
0.19215687
0.27058825
0.16470589
0.14117648
0.13333334
0.26666668
0.41568628
0.35686275
0.38039216
0.38431373
0.40392157
0.44705883
0.33333334
0.16862746
0.14901961
0.17647059
0.27843139
0.40392157
0.44705883
0.40784314
0.36470589
0.52549022
0.43529412
0.43529412
0.44313726
0.43921569
0.43921569
0.43921569
0.43921569
0.41568628
0.34901962
0.38431373
0.40392157
0.40784314
0.41960785
0.41960785
0.42745098
0.43137255
0.43137255
0.43137255
0.43137255
0.42352942
0.40000001
0.34901962
0.31764707
0.43529412
0.49019608
0.45098040
0.48235294
0.49411765
0.45490196
0.45882353
0.49803922
0.43137255
0.56078434
0.56470591
0.57254905
0.57647061
0.57647061
0.56862748
0.56862748
0.54117650
0.46666667
0.50196081
0.55294120
0.56470591
0.57254905
0.58431375
0.58823532
0.59607846
0.58431375
0.57647061
0.59607846
0.59215689
0.58039218
0.51372552
0.47450981
0.61568630
0.67450982
0.62745100
0.65098041
0.67450982
0.61176473
0.58823532
0.55294120
0.52549022
0.66666669
0.66666669
0.67058825
0.67843139
0.68235296
0.67843139
0.67843139
0.66274512
0.59215689
0.60000002
0.67450982
0.68627453
0.69803923
0.69411767
0.69019610
0.70196080
0.70196080
0.69803923
0.71372551
0.70588237
0.70980394
0.67058825
0.63529414
0.74117649
0.78039217
0.76078433
0.76862746
0.77254903
0.72941178
0.65490198
0.59215689
0.52156866
0.65882355
0.65098041
0.65490198
0.67058825
0.67843139
0.68235296
0.67843139
0.67450982
0.59215689
0.59215689
0.67450982
0.70196080
0.70196080
0.76078433
0.78431374
0.79215688
0.71764708
0.71372551
0.73725492
0.72941178
0.74117649
0.72941178
0.67843139
0.77647060
0.81960785
0.80392158
0.83137256
0.83921570
0.81960785
0.76078433
0.62745100
0.51764709
0.57254905
0.56470591
0.56078434
0.56862748
0.58431375
0.58823532
0.57647061
0.56862748
0.49803922
0.52156866
0.60000002
0.66666669
0.61960787
0.76862746
0.82745099
0.81960785
0.78039217
0.79607844
0.69019610
0.65490198
0.65098041
0.60000002
0.53333336
0.69411767
0.77254903
0.76862746
0.81960785
0.83529413
0.84313726
0.81568629
0.67058825
0.52941179
0.51372552
0.50980395
0.50196081
0.50588238
0.54117650
0.53725493
0.52941179
0.51372552
0.42745098
0.46666667
0.45098040
0.55686277
0.39607844
0.47058824
0.66666669
0.78039217
0.73725492
0.74509805
0.62352943
0.58039218
0.57647061
0.50588238
0.40392157
0.69411767
0.71372551
0.69411767
0.76470590
0.79215688
0.82352942
0.84313726
0.71372551
0.54117650
0.52156866
0.51372552
0.49803922
0.49019608
0.54117650
0.53725493
0.52156866
0.50980395
0.40000001
0.39607844
0.30980393
0.44705883
0.14901961
0.18431373
0.50980395
0.77647060
0.64313728
0.55686277
0.59607846
0.56862748
0.57254905
0.47843137
0.35294119
0.73333335
0.69411767
0.64705884
0.71764708
0.75294119
0.80000001
0.85098040
0.75686276
0.56470591
0.54117650
0.52156866
0.49411765
0.49019608
0.55294120
0.56078434
0.53725493
0.49019608
0.33333334
0.30196080
0.32156864
0.39607844
0.13333334
0.12156863
0.47450981
0.81176472
0.78823531
0.70196080
0.61568630
0.52549022
0.49803922
0.43921569
0.30196080
0.61176473
0.69411767
0.64313728
0.68627453
0.71372551
0.76862746
0.84705883
0.78431374
0.58039218
0.55686277
0.53725493
0.49803922
0.49019608
0.55686277
0.57254905
0.46274510
0.38823530
0.18431373
0.16078432
0.34117648
0.38039216
0.16470589
0.21960784
0.57254905
0.83921570
0.87843138
0.87843138
0.54901963
0.27058825
0.30588236
0.40784314
0.29411766
0.57254905
0.71764708
0.64705884
0.68235296
0.69019610
0.74509805
0.83921570
0.80000001
0.59215689
0.56470591
0.53725493
0.49411765
0.46666667
0.50588238
0.53725493
0.33333334
0.32549021
0.17647059
0.12549020
0.37254903
0.40392157
0.19215687
0.33333334
0.60392159
0.83921570
0.87843138
0.87058824
0.50196081
0.23529412
0.25882354
0.40000001
0.29411766
0.58039218
0.72156864
0.64313728
0.68235296
0.67450982
0.71764708
0.82745099
0.80784315
0.60000002
0.56862748
0.52941179
0.48627451
0.43921569
0.40784314
0.38039216
0.30588236
0.28235295
0.23921569
0.14117648
0.43137255
0.45882353
0.41176471
0.55686277
0.71764708
0.85098040
0.91372550
0.91764706
0.48235294
0.25490198
0.29411766
0.38823530
0.29803923
0.58431375
0.72156864
0.65882355
0.70588237
0.66274512
0.67843139
0.82745099
0.81568629
0.60392159
0.56078434
0.52156866
0.47450981
0.41176471
0.38431373
0.34509805
0.29411766
0.22745098
0.26666668
0.36470589
0.67058825
0.75686276
0.70196080
0.92549020
0.90980393
0.90588236
0.93333334
0.95294118
0.53333336
0.36862746
0.36470589
0.41176471
0.29411766
0.56862748
0.72156864
0.63137257
0.48627451
0.50980395
0.50588238
0.79607844
0.81568629
0.61176473
0.55294120
0.50980395
0.44705883
0.36862746
0.32549021
0.30196080
0.35294119
0.54117650
0.77647060
0.90196079
0.94901961
0.84313726
0.64313728
0.92941177
0.92941177
0.90196079
0.94509804
0.95686275
0.58431375
0.41176471
0.41176471
0.42745098
0.27450982
0.54901963
0.66666669
0.64313728
0.58823532
0.58039218
0.59215689
0.75686276
0.81176472
0.61568630
0.55294120
0.50588238
0.44313726
0.36470589
0.43921569
0.66666669
0.88235295
0.96862745
0.98039216
0.94901961
0.94509804
0.86666667
0.60392159
0.89803922
0.94117647
0.90980393
0.94509804
0.95294118
0.51372552
0.34117648
0.39215687
0.35294119
0.22745098
0.51764709
0.65490198
0.64705884
0.75686276
0.62745100
0.62745100
0.74901962
0.80784315
0.61568630
0.53725493
0.49019608
0.43137255
0.47058824
0.83921570
0.96078432
0.97647059
0.95686275
0.96470588
0.94509804
0.93725491
0.82352942
0.63529414
0.92549020
0.92549020
0.88235295
0.94509804
0.96078432
0.54117650
0.37254903
0.39607844
0.31372550
0.19215687
0.57647061
0.70196080
0.64705884
0.77254903
0.62745100
0.62745100
0.74901962
0.80000001
0.61176473
0.52549022
0.48235294
0.43137255
0.58039218
0.91764706
0.96078432
0.96470588
0.97254902
0.98039216
0.93725491
0.96078432
0.85882354
0.63529414
0.94117647
0.92941177
0.87843138
0.94509804
0.95686275
0.56470591
0.36862746
0.38039216
0.28627452
0.18431373
0.60784316
0.71764708
0.64705884
0.72156864
0.60784316
0.62352943
0.72941178
0.79215688
0.61176473
0.51764709
0.45882353
0.42352942
0.60000002
0.89019608
0.98039216
0.99215686
0.98823529
0.98039216
0.93725491
0.96862745
0.95686275
0.74117649
0.92156863
0.92549020
0.95294118
0.94117647
0.95294118
0.55686277
0.28627452
0.32941177
0.32156864
0.19607843
0.58823532
0.69803923
0.58431375
0.63137257
0.60000002
0.61176473
0.68627453
0.77647060
0.61176473
0.50196081
0.46274510
0.45490196
0.63137257
0.83921570
0.98823529
1.00000000
1.00000000
0.99607843
0.95294118
0.97254902
0.96078432
0.91764706
0.85490197
0.82745099
0.94901961
0.93725491
0.95294118
0.65490198
0.29019609
0.27450982
0.34509805
0.20000000
0.50196081
0.70196080
0.62745100
0.63529414
0.61568630
0.62352943
0.66666669
0.75686276
0.60392159
0.52941179
0.52549022
0.51372552
0.69019610
0.87058824
0.96470588
0.98823529
0.97647059
0.97254902
0.96078432
0.84313726
0.92941177
0.89019608
0.86666667
0.85490197
0.94509804
0.92941177
0.96078432
0.66274512
0.37254903
0.42352942
0.40000001
0.25490198
0.37647060
0.54117650
0.39607844
0.37647060
0.33333334
0.32156864
0.46666667
0.61960787
0.44313726
0.52941179
0.51372552
0.49803922
0.67843139
0.96470588
0.98431373
1.00000000
0.99607843
0.96470588
0.91764706
0.67843139
0.81960785
0.91372550
0.92549020
0.92156863
0.96862745
0.96078432
0.90196079
0.66666669
0.43529412
0.42745098
0.37647060
0.25098041
0.21176471
0.11764706
0.03137255
0.00392157
0.00392157
0.03137255
0.19607843
0.44313726
0.38431373
0.50980395
0.49019608
0.45098040
0.69803923
0.98039216
0.89411765
0.58039218
0.47450981
0.54901963
0.83921570
0.75294119
0.64705884
0.78823531
0.78039217
0.75294119
0.74117649
0.77254903
0.52941179
0.49019608
0.41176471
0.21960784
0.22352941
0.11764706
0.09411765
0.16078432
0.11764706
0.02745098
0.02745098
0.02352941
0.13333334
0.45098040
0.37647060
0.49803922
0.47843137
0.45098040
0.64705884
0.96862745
0.53725493
0.14901961
0.21568628
0.25882354
0.90980393
0.83137256
0.27843139
0.34117648
0.27058825
0.44705883
0.12941177
0.12156863
0.12156863
0.19215687
0.27058825
0.18431373
0.19607843
0.22745098
0.21176471
0.18823530
0.16470589
0.09019608
0.01960784
0.02352941
0.20392157
0.38823530
0.36470589
0.49803922
0.47843137
0.45490196
0.76470590
0.94117647
0.29411766
0.33333334
0.46666667
0.35686275
0.74117649
0.81176472
0.48627451
0.70196080
0.67058825
0.79607844
0.22745098
0.16862746
0.35686275
0.52549022
0.83529413
0.38039216
0.15686275
0.14509805
0.16862746
0.23137255
0.20784314
0.13333334
0.03529412
0.07450981
0.21176471
0.39607844
0.49803922
0.50196081
0.47450981
0.48627451
0.76078433
0.74117649
0.23529412
0.45490196
0.64313728
0.48627451
0.56862748
0.83529413
0.52156866
0.54509807
0.54901963
0.58431375
0.22352941
0.27450982
0.54509807
0.64313728
0.83137256
0.37254903
0.10980392
0.10196079
0.21568628
0.41960785
0.40392157
0.16470589
0.05882353
0.10588235
0.20000000
0.38039216
0.40000001
0.50588238
0.48235294
0.44705883
0.35686275
0.23529412
0.22745098
0.52941179
0.91764706
0.57647061
0.47843137
0.82745099
0.58431375
0.78823531
0.84313726
0.84705883
0.35686275
0.51764709
0.86666667
0.85098040
0.85490197
0.41176471
0.08627451
0.12549020
0.29411766
0.26666668
0.44313726
0.27450982
0.07843138
0.09803922
0.19607843
0.25882354
0.29019609
0.52549022
0.49803922
0.45098040
0.30196080
0.20784314
0.26666668
0.64313728
0.94901961
0.62352943
0.41568628
0.78823531
0.65490198
0.92549020
0.94901961
0.82745099
0.48235294
0.61960787
0.76078433
0.72941178
0.71764708
0.48235294
0.08627451
0.12941177
0.32941177
0.16078432
0.47450981
0.41960785
0.07843138
0.08235294
0.21176471
0.29803923
0.23921569
0.53725493
0.53725493
0.49411765
0.32156864
0.29019609
0.29019609
0.67450982
0.72941178
0.52941179
0.31372550
0.75294119
0.60392159
0.83921570
0.87843138
0.76862746
0.30980393
0.25490198
0.17647059
0.31764707
0.42352942
0.48235294
0.14509805
0.11764706
0.45098040
0.28235295
0.72941178
0.45882353
0.07450981
0.04705882
0.18823530
0.56470591
0.43529412
0.56078434
0.56078434
0.54901963
0.33725491
0.21176471
0.25882354
0.61960787
0.66274512
0.49411765
0.26274511
0.68235296
0.61568630
0.86274511
0.86666667
0.81960785
0.23137255
0.30196080
0.64313728
0.70196080
0.72549021
0.44313726
0.07843138
0.10196079
0.43921569
0.63529414
0.89803922
0.37254903
0.06666667
0.03137255
0.14901961
0.56862748
0.70588237
0.57254905
0.56862748
0.57647061
0.39215687
0.18431373
0.25098041
0.55294120
0.78039217
0.47843137
0.20000000
0.36470589
0.43529412
0.63529414
0.57254905
0.57647061
0.14901961
0.11372549
0.21960784
0.18039216
0.14509805
0.16862746
0.04705882
0.09019608
0.25490198
0.87058824
0.84705883
0.18431373
0.03529412
0.02352941
0.12156863
0.25490198
0.56078434
0.55294120
0.53333336
0.52549022
0.51372552
0.40784314
0.30196080
0.45490196
0.56470591
0.40784314
0.15686275
0.06666667
0.08235294
0.11764706
0.08235294
0.09803922
0.07450981
0.12549020
0.02352941
0.01568628
0.02352941
0.10980392
0.04313726
0.05882353
0.13725491
0.37647060
0.32941177
0.15294118
0.24705882
0.03921569
0.06274510
0.14509805
0.29019609
0.55294120
0.53333336
0.51764709
0.50588238
0.41176471
0.28235295
0.33725491
0.42745098
0.24705882
0.11764706
0.08627451
0.10196079
0.12156863
0.04705882
0.03921569
0.12549020
0.39607844
0.14117648
0.12941177
0.14117648
0.21568628
0.23137255
0.10588235
0.07843138
0.07843138
0.08235294
0.10980392
0.41176471
0.27450982
0.11372549
0.12549020
0.34509805
0.54901963
0.53725493
0.51764709
0.49803922
0.31764707
0.34901962
0.21960784
0.18039216
0.14901961
0.05882353
0.21176471
0.29411766
0.18431373
0.16078432
0.15686275
0.29411766
0.43137255
0.37254903
0.39607844
0.40000001
0.42352942
0.46274510
0.34509805
0.18039216
0.16078432
0.18823530
0.29019609
0.41960785
0.46274510
0.43529412
0.39215687
0.54509807
0.52156866
0.52156866
0.52941179
0.53725493
0.53725493
0.53333336
0.52941179
0.49411765
0.40000001
0.47058824
0.50588238
0.50980395
0.51372552
0.51764709
0.53333336
0.53725493
0.53333336
0.52941179
0.52549022
0.51764709
0.49411765
0.39215687
0.33333334
0.43137255
0.47058824
0.42745098
0.45882353
0.47843137
0.43529412
0.43529412
0.47058824
0.41568628
0.63529414
0.63921571
0.64313728
0.65490198
0.65490198
0.65490198
0.65098041
0.60392159
0.50196081
0.57254905
0.65882355
0.66274512
0.66274512
0.67058825
0.68235296
0.69019610
0.68235296
0.67843139
0.69019610
0.68627453
0.66274512
0.52156866
0.46274510
0.59607846
0.64313728
0.60000002
0.62352943
0.63921571
0.57647061
0.54117650
0.50196081
0.48627451
0.69803923
0.69803923
0.70196080
0.72156864
0.72941178
0.73333335
0.73333335
0.70196080
0.60392159
0.64705884
0.74117649
0.75294119
0.74901962
0.74509805
0.74509805
0.75686276
0.76470590
0.76078433
0.77254903
0.76862746
0.76470590
0.65490198
0.61568630
0.71764708
0.75686276
0.74117649
0.74117649
0.74117649
0.69019610
0.60392159
0.53333336
0.46274510
0.69803923
0.70196080
0.70196080
0.72156864
0.73333335
0.74117649
0.74117649
0.73333335
0.63137257
0.65490198
0.74117649
0.76078433
0.74509805
0.80000001
0.82745099
0.83921570
0.77647060
0.77647060
0.81176472
0.80392158
0.81176472
0.75294119
0.67843139
0.75294119
0.79607844
0.78823531
0.80784315
0.81176472
0.78823531
0.71764708
0.56862748
0.45098040
0.62352943
0.63529414
0.61568630
0.61568630
0.65882355
0.65490198
0.64313728
0.64313728
0.54901963
0.59215689
0.64705884
0.69803923
0.63137257
0.77254903
0.82745099
0.83137256
0.81176472
0.83137256
0.74117649
0.72156864
0.72156864
0.60392159
0.50980395
0.65882355
0.73333335
0.73333335
0.78431374
0.80392158
0.81568629
0.78823531
0.61960787
0.47843137
0.58823532
0.57254905
0.54509807
0.55686277
0.62745100
0.61568630
0.61176473
0.60392159
0.48627451
0.52549022
0.45098040
0.56470591
0.40392157
0.47058824
0.66666669
0.77647060
0.74901962
0.73725492
0.66274512
0.65490198
0.66274512
0.47843137
0.35294119
0.65490198
0.66666669
0.64705884
0.71764708
0.75294119
0.78823531
0.81568629
0.66274512
0.49019608
0.60000002
0.56470591
0.52549022
0.54117650
0.62745100
0.62352943
0.61568630
0.60000002
0.44705883
0.42352942
0.27450982
0.44705883
0.16470589
0.19607843
0.50980395
0.76078433
0.65098041
0.54509807
0.69019610
0.69411767
0.70196080
0.49411765
0.31372550
0.68235296
0.63529414
0.59215689
0.66274512
0.70196080
0.75686276
0.82352942
0.70196080
0.51372552
0.60000002
0.56862748
0.52549022
0.52941179
0.62352943
0.63529414
0.63137257
0.56078434
0.34117648
0.29803923
0.28235295
0.41176471
0.16078432
0.15294118
0.49019608
0.78431374
0.76078433
0.69019610
0.68627453
0.58039218
0.52156866
0.41568628
0.26274511
0.55294120
0.62745100
0.57647061
0.62352943
0.65490198
0.72156864
0.81960785
0.72941178
0.52941179
0.60000002
0.57647061
0.52549022
0.50980395
0.61176473
0.63921571
0.50588238
0.42352942
0.18823530
0.15294118
0.31372550
0.39607844
0.18039216
0.21568628
0.55294120
0.80784315
0.84313726
0.86274511
0.54901963
0.21568628
0.20392157
0.34509805
0.24313726
0.50980395
0.64705884
0.57647061
0.61568630
0.61568630
0.68627453
0.80784315
0.75686276
0.54117650
0.60784316
0.57647061
0.52156866
0.47058824
0.53725493
0.57647061
0.30196080
0.30980393
0.17647059
0.12156863
0.34117648
0.39215687
0.18431373
0.28235295
0.56078434
0.81568629
0.85882354
0.85098040
0.47058824
0.12549020
0.12156863
0.34117648
0.24313726
0.50980395
0.64705884
0.56862748
0.61960787
0.58431375
0.63921571
0.79215688
0.77647060
0.55294120
0.60392159
0.56078434
0.50588238
0.43137255
0.40000001
0.35686275
0.23137255
0.21176471
0.19607843
0.12549020
0.37647060
0.41960785
0.39607844
0.52156866
0.70196080
0.83529413
0.88627452
0.89411765
0.40392157
0.09411765
0.11764706
0.28627452
0.24313726
0.50588238
0.64313728
0.57254905
0.63921571
0.56862748
0.59215689
0.78039217
0.77647060
0.55686277
0.59607846
0.54901963
0.48627451
0.40392157
0.35294119
0.28235295
0.21568628
0.15294118
0.22352941
0.34117648
0.61960787
0.70980394
0.68627453
0.89019608
0.87843138
0.87058824
0.90196079
0.92156863
0.40784314
0.16470589
0.16078432
0.28235295
0.24313726
0.49019608
0.64705884
0.53725493
0.41176471
0.40784314
0.41568628
0.74117649
0.76862746
0.56078434
0.57647061
0.52941179
0.45490196
0.37254903
0.28627452
0.23137255
0.30196080
0.50980395
0.76470590
0.88627452
0.92156863
0.81568629
0.64313728
0.89803922
0.89803922
0.87450981
0.90980393
0.91764706
0.43921569
0.18431373
0.19607843
0.29019609
0.22745098
0.48235294
0.61568630
0.53725493
0.50196081
0.47450981
0.49803922
0.69411767
0.75686276
0.56470591
0.56470591
0.52549022
0.43529412
0.34509805
0.41176471
0.63921571
0.85882354
0.94901961
0.96470588
0.92941177
0.92549020
0.84705883
0.61568630
0.87058824
0.92156863
0.88627452
0.91372550
0.92156863
0.42352942
0.16078432
0.20000000
0.25882354
0.18039216
0.42745098
0.59215689
0.56078434
0.66666669
0.50980395
0.52549022
0.67450982
0.75686276
0.56470591
0.54117650
0.49803922
0.40784314
0.43529412
0.81960785
0.94509804
0.95686275
0.93725491
0.94117647
0.92156863
0.91372550
0.80392158
0.64313728
0.90196079
0.90588236
0.85882354
0.91372550
0.92941177
0.43137255
0.16078432
0.18039216
0.19607843
0.14117648
0.47450981
0.61176473
0.56078434
0.66666669
0.50588238
0.51764709
0.67450982
0.74901962
0.56470591
0.51764709
0.47058824
0.38431373
0.54901963
0.89803922
0.94509804
0.94509804
0.95294118
0.96078432
0.91764706
0.93725491
0.83137256
0.63529414
0.92549020
0.91372550
0.85098040
0.91372550
0.92941177
0.48235294
0.19215687
0.21960784
0.18823530
0.16470589
0.51372552
0.61568630
0.54117650
0.60000002
0.49019608
0.51372552
0.65098041
0.74509805
0.56078434
0.49411765
0.42745098
0.35686275
0.56470591
0.87450981
0.96078432
0.97254902
0.97254902
0.96470588
0.92156863
0.94509804
0.93333334
0.74117649
0.90196079
0.90588236
0.92549020
0.90980393
0.92549020
0.53333336
0.23137255
0.23529412
0.24705882
0.18431373
0.50980395
0.60784316
0.47450981
0.50980395
0.47843137
0.50196081
0.61176473
0.72941178
0.56470591
0.47058824
0.41176471
0.36862746
0.59607846
0.82352942
0.97254902
0.98039216
0.98823529
0.98431373
0.93725491
0.95294118
0.93725491
0.91764706
0.82745099
0.80392158
0.92549020
0.90588236
0.92156863
0.56862748
0.20000000
0.14509805
0.20000000
0.15686275
0.42745098
0.62745100
0.53333336
0.53333336
0.49803922
0.51764709
0.58431375
0.70196080
0.54901963
0.47450981
0.43921569
0.40000001
0.62745100
0.85882354
0.95294118
0.98431373
0.97647059
0.97254902
0.95294118
0.83137256
0.91764706
0.87843138
0.84313726
0.83529413
0.92156863
0.89411765
0.89803922
0.44705883
0.18823530
0.23921569
0.16862746
0.13725491
0.27450982
0.46666667
0.34117648
0.33333334
0.28627452
0.26274511
0.34117648
0.51764709
0.36470589
0.46666667
0.42745098
0.37647060
0.60784316
0.94901961
0.97254902
1.00000000
0.99607843
0.96078432
0.91764706
0.67058825
0.81176472
0.90980393
0.91372550
0.90980393
0.95294118
0.93333334
0.84705883
0.49411765
0.24705882
0.27843139
0.23137255
0.18039216
0.14117648
0.07058824
0.00784314
0.00000000
0.00000000
0.01568628
0.12156863
0.38431373
0.34509805
0.44313726
0.40392157
0.32941177
0.61176473
0.95686275
0.88235295
0.56862748
0.45882353
0.53725493
0.83529413
0.73725492
0.63921571
0.78823531
0.77647060
0.74509805
0.73333335
0.76470590
0.50196081
0.46274510
0.34509805
0.14509805
0.17254902
0.10588235
0.06666667
0.14509805
0.10980392
0.03529412
0.03529412
0.03137255
0.11764706
0.44705883
0.38039216
0.42745098
0.40000001
0.32941177
0.54901963
0.93725491
0.52156866
0.13333334
0.19607843
0.23921569
0.90196079
0.81568629
0.26274511
0.32549021
0.25098041
0.43137255
0.11764706
0.12941177
0.13725491
0.22745098
0.27058825
0.17254902
0.18431373
0.21960784
0.18823530
0.17647059
0.14901961
0.09019608
0.01960784
0.02352941
0.19607843
0.38039216
0.36078432
0.43137255
0.40392157
0.34117648
0.67843139
0.90980393
0.27843139
0.31372550
0.43529412
0.32941177
0.72941178
0.79607844
0.46666667
0.66666669
0.63137257
0.76862746
0.21176471
0.18823530
0.40000001
0.51372552
0.79215688
0.38039216
0.15294118
0.12549020
0.13725491
0.20000000
0.17254902
0.11764706
0.01960784
0.05490196
0.18039216
0.35686275
0.45882353
0.42352942
0.37647060
0.38039216
0.72941178
0.73725492
0.23137255
0.42352942
0.58039218
0.44313726
0.55294120
0.81960785
0.49803922
0.52156866
0.52156866
0.55294120
0.20392157
0.25882354
0.55686277
0.63137257
0.80392158
0.36470589
0.11764706
0.09411765
0.18431373
0.36470589
0.33725491
0.15294118
0.05490196
0.09803922
0.17647059
0.34509805
0.34901962
0.41568628
0.37254903
0.33333334
0.32156864
0.23137255
0.23137255
0.52941179
0.88627452
0.54117650
0.45882353
0.80784315
0.56862748
0.78039217
0.83137256
0.82745099
0.27843139
0.40392157
0.81568629
0.83921570
0.83137256
0.38823530
0.07450981
0.11372549
0.26666668
0.23137255
0.37647060
0.24705882
0.07450981
0.09411765
0.17254902
0.23137255
0.27450982
0.43137255
0.39215687
0.35294119
0.26666668
0.20392157
0.27058825
0.65882355
0.94509804
0.59215689
0.39215687
0.77647060
0.63529414
0.89803922
0.92549020
0.81176472
0.40000001
0.54117650
0.75294119
0.71764708
0.68235296
0.45098040
0.06274510
0.11372549
0.30196080
0.13333334
0.41568628
0.38823530
0.07450981
0.07843138
0.18823530
0.27843139
0.24313726
0.47450981
0.46274510
0.43529412
0.29019609
0.28627452
0.28235295
0.67058825
0.71764708
0.50980395
0.29411766
0.73333335
0.58039218
0.81176472
0.84705883
0.73725492
0.30588236
0.24705882
0.18039216
0.28627452
0.36862746
0.45882353
0.14509805
0.10980392
0.42352942
0.24705882
0.69019610
0.45882353
0.07058824
0.04313726
0.16470589
0.53333336
0.39607844
0.51764709
0.50980395
0.50980395
0.31372550
0.21568628
0.25490198
0.60392159
0.64705884
0.47058824
0.23921569
0.67450982
0.60000002
0.84313726
0.83529413
0.78039217
0.26274511
0.31372550
0.63137257
0.67843139
0.68627453
0.43529412
0.08235294
0.09019608
0.41176471
0.60000002
0.87058824
0.38431373
0.06666667
0.03137255
0.12156863
0.53725493
0.67058825
0.52549022
0.51764709
0.51764709
0.35686275
0.18039216
0.25098041
0.54509807
0.77647060
0.45490196
0.16862746
0.36862746
0.43137255
0.60784316
0.54901963
0.55686277
0.15294118
0.13333334
0.23921569
0.19607843
0.16078432
0.16078432
0.03529412
0.07450981
0.23529412
0.85882354
0.83921570
0.18431373
0.02745098
0.02745098
0.10196079
0.23529412
0.56862748
0.50196081
0.47843137
0.47058824
0.45490196
0.37254903
0.27843139
0.44313726
0.55686277
0.38823530
0.13725491
0.08235294
0.09411765
0.11764706
0.08235294
0.09803922
0.07843138
0.09803922
0.03921569
0.02745098
0.03529412
0.09411765
0.02745098
0.05098039
0.13333334
0.37647060
0.33725491
0.14901961
0.19607843
0.01568628
0.05882353
0.13725491
0.28235295
0.50588238
0.47843137
0.46274510
0.44705883
0.36470589
0.24705882
0.31764707
0.41960785
0.23137255
0.10980392
0.09411765
0.10588235
0.12549020
0.05098039
0.03921569
0.10980392
0.33725491
0.12156863
0.11372549
0.11764706
0.18039216
0.19215687
0.08627451
0.06666667
0.07058824
0.08627451
0.09803922
0.34509805
0.23137255
0.09803922
0.10196079
0.31764707
0.49803922
0.47843137
0.45882353
0.45098040
0.28235295
0.30588236
0.19215687
0.16862746
0.14117648
0.04705882
0.18431373
0.26274511
0.16078432
0.13333334
0.12549020
0.23529412
0.36470589
0.30588236
0.32549021
0.32549021
0.35294119
0.39607844
0.29411766
0.13333334
0.11764706
0.15294118
0.25490198
0.35686275
0.41176471
0.38039216
0.33725491
0.49803922
1 0 0 0 0 0 0 0 0 -1 0
0 1 0 0 0 0 0 0 0 -1 0
0 0 1 0 0 0 0 0 0 -1 0
0 0 0 1 0 0 0 0 0 -1 0
0 0 0 0 1 0 0 0 0 -1 0
0 0 0 0 0 1 0 0 0 -1 0
0 0 0 0 0 0 1 0 0 -1 0
0 0 0 0 0 0 0 1 0 -1 0
0 0 0 0 0 0 0 0 1 -1 0
