0.27843139
0.28627452
0.25098041
0.26274511
0.29019609
0.35686275
0.34117648
0.42352942
0.42352942
0.32549021
0.37254903
0.43137255
0.42352942
0.53725493
0.51372552
0.55686277
0.53725493
0.49803922
0.47058824
0.37647060
0.40000001
0.40000001
0.40000001
0.39607844
0.36470589
0.30980393
0.27450982
0.18823530
0.07843138
0.01568628
0.00000000
0.00392157
0.31764707
0.29019609
0.28627452
0.32549021
0.30980393
0.34117648
0.32941177
0.44705883
0.48627451
0.38431373
0.35294119
0.43529412
0.41568628
0.41176471
0.54901963
0.59215689
0.50196081
0.47843137
0.44705883
0.46274510
0.43137255
0.38431373
0.36470589
0.34901962
0.36862746
0.33333334
0.32549021
0.23921569
0.09411765
0.02745098
0.00000000
0.00392157
0.32549021
0.25882354
0.27450982
0.31372550
0.29411766
0.30196080
0.32156864
0.44705883
0.52156866
0.44313726
0.32549021
0.43921569
0.40784314
0.39215687
0.43529412
0.52941179
0.51372552
0.52941179
0.47058824
0.50980395
0.39215687
0.37254903
0.37254903
0.38431373
0.42352942
0.38823530
0.37647060
0.32156864
0.12941177
0.03529412
0.00392157
0.00392157
0.29411766
0.27058825
0.26666668
0.30588236
0.34901962
0.35686275
0.37254903
0.46666667
0.50980395
0.42745098
0.34117648
0.40392157
0.49411765
0.40000001
0.42352942
0.47843137
0.55686277
0.57254905
0.51372552
0.56470591
0.54117650
0.46274510
0.40392157
0.41176471
0.42745098
0.42745098
0.41568628
0.39215687
0.18431373
0.05098039
0.00784314
0.00392157
0.36470589
0.33333334
0.31372550
0.37647060
0.41568628
0.45490196
0.45490196
0.51764709
0.51764709
0.39215687
0.38039216
0.40784314
0.72156864
0.58823532
0.45490196
0.48627451
0.49019608
0.54901963
0.55294120
0.59607846
0.76078433
0.59607846
0.47843137
0.42745098
0.41176471
0.43529412
0.43529412
0.41568628
0.21960784
0.06274510
0.01176471
0.00392157
0.39215687
0.34901962
0.36862746
0.40784314
0.44313726
0.48235294
0.47843137
0.55294120
0.57254905
0.43921569
0.39215687
0.41960785
0.70980394
0.84313726
0.65098041
0.54117650
0.46666667
0.58431375
0.66274512
0.61960787
0.67058825
0.54117650
0.56862748
0.50980395
0.41960785
0.39215687
0.41960785
0.40784314
0.25490198
0.09019608
0.01960784
0.00392157
0.37647060
0.34901962
0.40000001
0.38431373
0.39607844
0.39215687
0.45490196
0.55294120
0.58431375
0.47450981
0.38823530
0.46274510
0.66666669
0.85882354
0.83529413
0.68235296
0.64313728
0.64313728
0.65098041
0.56862748
0.49411765
0.49803922
0.57254905
0.52941179
0.47843137
0.45882353
0.52941179
0.50196081
0.35294119
0.14509805
0.03921569
0.00392157
0.28627452
0.30588236
0.33333334
0.31372550
0.33725491
0.31764707
0.37254903
0.50588238
0.54901963
0.44313726
0.32941177
0.40000001
0.64313728
0.82352942
0.86274511
0.83921570
0.78039217
0.65098041
0.60392159
0.52549022
0.43921569
0.51764709
0.63529414
0.63137257
0.55686277
0.58039218
0.60784316
0.52549022
0.37254903
0.16470589
0.05098039
0.00784314
0.25490198
0.25882354
0.29019609
0.32156864
0.29411766
0.42745098
0.46274510
0.52156866
0.55294120
0.41176471
0.30588236
0.34117648
0.56862748
0.85882354
0.83137256
0.78431374
0.79215688
0.62352943
0.52156866
0.47058824
0.47058824
0.54901963
0.65098041
0.61960787
0.57254905
0.48627451
0.49411765
0.49019608
0.34509805
0.16078432
0.05882353
0.01176471
0.34901962
0.36470589
0.43921569
0.45098040
0.35686275
0.51764709
0.53333336
0.45490196
0.47058824
0.37647060
0.30980393
0.32941177
0.63137257
0.90196079
0.79607844
0.65490198
0.76470590
0.54509807
0.37647060
0.44705883
0.48627451
0.58431375
0.67450982
0.57254905
0.39607844
0.32941177
0.34117648
0.37647060
0.35686275
0.17647059
0.07058824
0.01568628
0.32549021
0.37647060
0.47843137
0.44705883
0.40784314
0.45098040
0.49803922
0.36862746
0.40000001
0.44313726
0.33333334
0.52156866
0.77254903
0.89803922
0.90196079
0.85882354
0.77647060
0.47450981
0.50980395
0.54509807
0.50980395
0.65490198
0.59215689
0.44705883
0.50196081
0.50980395
0.50588238
0.40000001
0.31764707
0.18039216
0.07058824
0.01176471
0.28627452
0.38039216
0.42352942
0.33725491
0.34509805
0.39215687
0.44313726
0.32941177
0.40392157
0.49019608
0.43921569
0.75686276
0.83921570
0.88235295
0.95294118
0.97254902
0.72156864
0.42745098
0.60000002
0.64313728
0.55294120
0.59607846
0.40392157
0.42745098
0.50588238
0.59215689
0.59215689
0.54117650
0.41176471
0.15686275
0.05882353
0.01176471
0.32941177
0.40000001
0.40000001
0.30588236
0.33725491
0.37647060
0.38431373
0.32941177
0.40784314
0.53725493
0.64705884
0.87058824
0.83921570
0.93725491
0.94117647
0.92941177
0.76470590
0.55294120
0.65098041
0.67843139
0.56470591
0.45098040
0.41176471
0.41176471
0.47058824
0.58823532
0.65882355
0.59215689
0.43921569
0.28627452
0.10196079
0.01960784
0.46274510
0.55686277
0.50980395
0.41176471
0.42745098
0.42352942
0.42352942
0.43529412
0.44705883
0.52941179
0.81176472
0.87450981
0.84705883
0.98039216
0.94117647
0.84313726
0.75294119
0.63137257
0.65882355
0.64313728
0.47450981
0.43137255
0.50980395
0.50980395
0.45490196
0.59215689
0.68235296
0.72156864
0.54117650
0.33725491
0.12156863
0.02745098
0.49411765
0.56078434
0.56078434
0.46274510
0.44313726
0.45882353
0.46666667
0.56470591
0.45490196
0.57254905
0.85882354
0.88235295
0.90980393
0.98823529
0.93725491
0.83529413
0.74901962
0.66274512
0.62352943
0.59215689
0.45490196
0.51764709
0.61176473
0.63529414
0.64313728
0.68235296
0.69411767
0.70196080
0.58431375
0.33725491
0.12941177
0.02745098
0.45098040
0.56862748
0.57254905
0.47058824
0.47450981
0.42352942
0.38039216
0.48235294
0.41568628
0.65490198
0.85490197
0.91372550
0.95294118
0.98039216
0.89411765
0.77647060
0.71372551
0.65490198
0.62352943
0.59215689
0.52156866
0.58823532
0.66274512
0.72156864
0.75294119
0.74117649
0.66666669
0.64705884
0.55294120
0.35294119
0.13333334
0.02745098
0.41176471
0.54509807
0.57254905
0.52941179
0.49411765
0.42745098
0.36078432
0.34901962
0.43921569
0.69411767
0.84705883
0.94509804
0.97647059
0.94509804
0.83137256
0.72156864
0.66666669
0.65098041
0.63921571
0.58823532
0.58039218
0.66274512
0.71764708
0.75294119
0.77647060
0.71764708
0.62745100
0.64705884
0.53333336
0.34117648
0.13333334
0.02352941
0.37254903
0.46274510
0.57647061
0.43137255
0.39215687
0.47450981
0.43921569
0.28235295
0.41176471
0.72941178
0.89411765
0.96078432
0.98431373
0.89803922
0.75294119
0.69803923
0.67450982
0.64313728
0.61176473
0.57254905
0.68235296
0.75686276
0.75686276
0.76470590
0.74901962
0.65882355
0.59215689
0.57647061
0.44313726
0.28235295
0.10980392
0.01960784
0.35686275
0.40392157
0.45490196
0.32549021
0.44705883
0.53333336
0.47058824
0.24313726
0.36470589
0.78039217
0.93725491
0.93725491
0.95686275
0.86274511
0.76078433
0.69803923
0.66274512
0.61960787
0.59215689
0.67843139
0.77647060
0.78823531
0.76078433
0.69803923
0.60000002
0.41960785
0.36862746
0.31372550
0.24705882
0.16078432
0.06274510
0.00784314
0.34509805
0.38039216
0.27843139
0.31764707
0.52156866
0.52156866
0.34117648
0.23529412
0.47058824
0.83921570
0.94901961
0.94117647
0.93725491
0.84705883
0.80392158
0.68235296
0.61960787
0.54901963
0.59215689
0.81568629
0.78431374
0.74117649
0.54117650
0.36078432
0.29019609
0.25882354
0.23529412
0.21568628
0.17647059
0.11764706
0.03921569
0.00392157
0.32941177
0.38431373
0.27450982
0.22745098
0.36078432
0.45098040
0.24313726
0.27450982
0.61568630
0.84313726
0.93725491
0.92156863
0.92549020
0.86666667
0.77254903
0.61960787
0.55686277
0.51372552
0.63921571
0.75686276
0.55686277
0.39215687
0.29019609
0.23921569
0.20392157
0.25490198
0.24313726
0.24705882
0.17254902
0.09803922
0.03529412
0.00392157
0.34117648
0.36470589
0.30196080
0.18823530
0.19215687
0.23137255
0.16862746
0.23137255
0.64313728
0.81176472
0.92549020
0.82352942
0.83529413
0.80392158
0.64705884
0.55686277
0.56470591
0.58823532
0.51764709
0.40784314
0.42745098
0.36078432
0.26666668
0.25490198
0.23921569
0.24705882
0.23137255
0.22352941
0.14117648
0.06666667
0.02352941
0.00392157
0.35294119
0.34901962
0.28627452
0.18823530
0.13725491
0.10588235
0.08235294
0.15294118
0.62745100
0.81568629
0.86274511
0.89411765
0.73725492
0.61960787
0.59607846
0.55294120
0.63137257
0.65490198
0.43137255
0.47058824
0.40392157
0.25098041
0.22352941
0.23921569
0.24313726
0.23137255
0.20784314
0.20000000
0.14117648
0.08235294
0.02352941
0.00392157
0.36470589
0.33333334
0.27450982
0.13725491
0.08235294
0.06666667
0.04313726
0.14117648
0.62745100
0.77254903
0.72941178
0.78823531
0.75686276
0.64705884
0.59215689
0.53725493
0.64313728
0.77647060
0.42745098
0.31764707
0.25490198
0.21568628
0.21568628
0.23137255
0.24313726
0.23529412
0.21568628
0.20000000
0.15294118
0.06666667
0.01568628
0.00392157
0.55686277
0.39215687
0.27843139
0.10196079
0.05098039
0.05098039
0.03921569
0.16470589
0.68627453
0.68235296
0.49803922
0.65490198
0.60784316
0.44313726
0.47450981
0.39607844
0.55294120
0.87058824
0.54901963
0.39215687
0.36470589
0.32549021
0.30196080
0.27058825
0.25490198
0.23137255
0.22745098
0.20784314
0.13725491
0.05882353
0.01568628
0.00392157
0.72156864
0.56862748
0.42352942
0.24705882
0.15294118
0.13333334
0.09411765
0.23921569
0.72941178
0.50980395
0.22745098
0.72549021
0.79607844
0.49019608
0.50980395
0.47058824
0.66274512
0.92941177
0.77254903
0.52549022
0.38039216
0.40000001
0.34509805
0.29803923
0.26666668
0.25490198
0.25490198
0.21176471
0.13333334
0.05098039
0.00784314
0.00392157
0.66666669
0.69019610
0.63137257
0.56078434
0.52156866
0.48627451
0.43529412
0.51764709
0.73333335
0.58431375
0.46274510
0.78039217
0.82352942
0.61568630
0.68627453
0.76078433
0.73725492
0.71372551
0.57647061
0.40000001
0.35686275
0.34509805
0.32156864
0.33725491
0.32941177
0.32549021
0.29019609
0.23137255
0.13725491
0.04313726
0.00784314
0.00392157
0.73333335
0.76078433
0.74901962
0.76862746
0.78823531
0.76862746
0.75294119
0.74509805
0.73725492
0.75686276
0.70588237
0.75686276
0.75294119
0.63921571
0.61176473
0.57254905
0.49803922
0.42352942
0.37254903
0.40392157
0.42745098
0.46666667
0.49411765
0.49803922
0.52549022
0.51764709
0.42745098
0.32156864
0.16862746
0.04313726
0.00392157
0.00392157
0.78823531
0.78431374
0.79215688
0.76078433
0.75686276
0.74509805
0.74901962
0.70980394
0.72156864
0.79607844
0.70980394
0.64705884
0.73725492
0.62745100
0.47843137
0.38431373
0.44313726
0.43529412
0.50588238
0.56078434
0.56862748
0.62352943
0.62352943
0.63137257
0.62745100
0.63529414
0.53333336
0.33333334
0.15294118
0.03137255
0.00392157
0.00392157
0.70980394
0.68235296
0.69803923
0.66666669
0.69411767
0.74901962
0.75686276
0.72941178
0.74901962
0.74901962
0.64313728
0.61960787
0.76470590
0.54901963
0.39215687
0.49803922
0.68235296
0.66274512
0.66666669
0.58823532
0.66274512
0.68235296
0.65490198
0.67058825
0.62745100
0.62352943
0.44705883
0.21960784
0.10588235
0.02352941
0.00392157
0.00392157
0.61960787
0.63137257
0.69803923
0.70980394
0.67843139
0.66274512
0.62745100
0.61568630
0.64705884
0.67843139
0.63137257
0.62352943
0.81960785
0.57254905
0.56470591
0.76470590
0.78823531
0.72156864
0.67450982
0.67058825
0.77254903
0.73333335
0.74509805
0.70980394
0.65098041
0.56470591
0.38039216
0.19607843
0.08235294
0.01568628
0.00392157
0.00392157
0.63921571
0.62745100
0.57647061
0.58823532
0.52156866
0.45098040
0.54509807
0.61176473
0.70588237
0.80392158
0.78823531
0.71764708
0.72941178
0.69411767
0.74509805
0.75294119
0.72941178
0.69411767
0.68627453
0.76470590
0.72941178
0.70980394
0.70196080
0.63137257
0.60392159
0.53725493
0.40000001
0.19215687
0.06274510
0.01176471
0.00392157
0.00392157
0.21960784
0.22745098
0.19607843
0.21176471
0.23921569
0.29803923
0.27450982
0.34509805
0.34117648
0.25098041
0.28627452
0.32156864
0.31764707
0.45882353
0.41568628
0.40000001
0.36862746
0.34901962
0.34509805
0.29019609
0.31372550
0.31764707
0.32156864
0.31764707
0.29803923
0.25490198
0.20784314
0.13333334
0.05490196
0.01176471
0.00000000
0.00392157
0.26666668
0.24313726
0.23529412
0.27450982
0.25490198
0.27450982
0.25882354
0.35686275
0.39215687
0.30980393
0.26666668
0.32941177
0.30980393
0.32549021
0.43921569
0.43137255
0.32941177
0.32549021
0.32156864
0.36078432
0.34901962
0.30588236
0.28235295
0.26666668
0.30196080
0.27450982
0.25098041
0.18039216
0.06666667
0.02352941
0.00000000
0.00392157
0.28235295
0.21568628
0.22745098
0.26274511
0.23137255
0.23137255
0.24705882
0.34901962
0.41568628
0.36078432
0.23921569
0.34117648
0.31372550
0.30588236
0.32549021
0.37647060
0.35686275
0.38431373
0.34509805
0.40392157
0.31764707
0.29803923
0.28235295
0.29411766
0.35294119
0.32549021
0.30196080
0.25882354
0.09803922
0.03529412
0.00392157
0.00392157
0.24313726
0.21568628
0.21176471
0.24705882
0.28235295
0.28235295
0.29019609
0.36078432
0.38823530
0.33333334
0.25490198
0.31372550
0.41960785
0.32156864
0.31764707
0.34509805
0.41960785
0.44313726
0.40000001
0.46274510
0.47450981
0.39215687
0.30196080
0.31372550
0.35294119
0.35686275
0.33333334
0.32156864
0.14901961
0.04705882
0.00784314
0.00392157
0.29803923
0.26666668
0.24705882
0.30980393
0.34509805
0.37647060
0.36862746
0.40000001
0.38431373
0.29411766
0.29411766
0.32941177
0.67450982
0.52549022
0.36862746
0.38039216
0.38039216
0.44705883
0.45882353
0.50196081
0.70588237
0.52941179
0.36470589
0.32549021
0.33725491
0.35686275
0.34509805
0.33725491
0.17647059
0.05882353
0.01568628
0.00392157
0.30980393
0.27058825
0.29019609
0.33725491
0.36862746
0.40000001
0.38823530
0.43137255
0.43137255
0.33333334
0.30588236
0.34117648
0.67450982
0.79215688
0.58039218
0.46274510
0.38039216
0.50588238
0.58823532
0.54117650
0.62352943
0.47450981
0.44705883
0.40000001
0.34117648
0.31372550
0.32549021
0.32549021
0.20784314
0.08627451
0.01960784
0.00392157
0.29019609
0.25882354
0.30196080
0.30588236
0.32549021
0.30196080
0.34901962
0.41960785
0.43529412
0.36862746
0.29411766
0.37254903
0.61960787
0.82352942
0.78823531
0.62352943
0.56470591
0.57254905
0.58431375
0.49803922
0.44705883
0.41960785
0.44313726
0.41568628
0.39607844
0.36862746
0.43921569
0.42352942
0.29803923
0.12156863
0.02352941
0.00392157
0.20392157
0.21176471
0.22745098
0.23529412
0.26666668
0.22352941
0.25490198
0.35686275
0.40000001
0.33333334
0.23137255
0.29803923
0.58823532
0.80000001
0.83921570
0.78823531
0.70588237
0.58431375
0.54509807
0.45490196
0.38039216
0.42745098
0.49411765
0.51372552
0.47058824
0.48627451
0.52156866
0.44705883
0.30588236
0.12549020
0.02745098
0.00000000
0.17647059
0.16470589
0.18431373
0.23137255
0.20392157
0.31764707
0.32941177
0.37647060
0.41176471
0.30588236
0.21176471
0.24313726
0.51372552
0.83529413
0.81568629
0.74509805
0.72549021
0.56078434
0.46666667
0.39607844
0.39607844
0.43921569
0.49803922
0.49019608
0.47450981
0.39215687
0.40392157
0.41176471
0.27450982
0.11372549
0.03137255
0.00392157
0.26666668
0.27058825
0.33333334
0.34901962
0.24705882
0.39215687
0.39215687
0.30980393
0.34117648
0.27058825
0.21960784
0.24313726
0.57254905
0.87843138
0.78823531
0.62352943
0.70980394
0.49411765
0.32941177
0.37647060
0.39607844
0.45882353
0.52156866
0.43529412
0.28627452
0.22745098
0.24705882
0.29411766
0.28235295
0.13333334
0.03921569
0.00784314
0.24313726
0.28235295
0.37254903
0.33725491
0.28627452
0.32549021
0.36862746
0.23529412
0.27843139
0.33333334
0.24313726
0.44705883
0.70588237
0.87450981
0.89411765
0.83529413
0.73333335
0.43529412
0.46666667
0.47450981
0.40784314
0.52156866
0.44705883
0.31372550
0.38823530
0.40000001
0.40392157
0.30588236
0.24313726
0.13333334
0.04313726
0.00392157
0.20392157
0.28235295
0.31764707
0.22352941
0.22745098
0.27450982
0.32549021
0.21176471
0.28235295
0.37647060
0.34901962
0.69019610
0.76862746
0.85490197
0.94901961
0.96078432
0.69019610
0.40000001
0.55686277
0.56862748
0.44313726
0.46666667
0.28235295
0.31372550
0.39215687
0.47843137
0.48627451
0.44313726
0.32941177
0.10980392
0.02745098
0.00392157
0.24705882
0.30588236
0.29411766
0.19607843
0.22745098
0.27058825
0.28627452
0.23137255
0.29411766
0.41568628
0.56078434
0.80784315
0.76078433
0.90588236
0.94117647
0.92156863
0.73725492
0.52941179
0.60784316
0.59607846
0.44705883
0.33333334
0.30980393
0.31764707
0.36470589
0.47450981
0.54901963
0.49019608
0.35686275
0.23921569
0.07450981
0.01176471
0.37647060
0.45882353
0.40392157
0.30196080
0.31764707
0.32549021
0.32941177
0.33725491
0.32941177
0.41568628
0.72941178
0.81176472
0.76862746
0.94117647
0.92549020
0.82745099
0.72156864
0.60000002
0.61568630
0.56078434
0.35686275
0.31372550
0.40784314
0.41960785
0.35686275
0.47843137
0.57254905
0.61960787
0.45490196
0.28627452
0.08627451
0.01568628
0.40000001
0.45490196
0.45098040
0.34901962
0.32941177
0.34901962
0.36078432
0.44705883
0.32941177
0.47843137
0.79607844
0.81960785
0.83529413
0.93333334
0.89411765
0.79215688
0.70196080
0.62352943
0.57254905
0.50588238
0.34117648
0.38823530
0.48235294
0.52549022
0.54509807
0.57647061
0.59215689
0.59607846
0.49019608
0.27843139
0.09019608
0.01176471
0.35294119
0.46274510
0.45882353
0.35294119
0.35686275
0.30980393
0.27058825
0.35686275
0.29019609
0.57647061
0.79607844
0.85490197
0.89411765
0.92156863
0.82745099
0.70980394
0.66666669
0.61960787
0.57647061
0.50980395
0.40784314
0.45490196
0.52156866
0.60784316
0.65882355
0.64313728
0.57254905
0.54901963
0.46274510
0.29411766
0.09019608
0.00784314
0.32156864
0.44313726
0.46274510
0.41568628
0.38431373
0.31764707
0.25098041
0.23137255
0.32549021
0.62352943
0.80000001
0.89803922
0.93725491
0.89019608
0.75294119
0.63529414
0.61960787
0.62352943
0.59607846
0.51372552
0.47450981
0.53725493
0.58431375
0.64705884
0.69019610
0.63529414
0.54117650
0.56078434
0.45490196
0.28627452
0.09803922
0.01176471
0.29019609
0.36862746
0.47058824
0.32156864
0.28235295
0.36470589
0.33333334
0.16862746
0.30980393
0.67058825
0.85490197
0.92549020
0.95686275
0.85098040
0.67843139
0.60784316
0.62352943
0.61176473
0.57254905
0.49803922
0.58431375
0.63921571
0.63529414
0.67058825
0.67450982
0.58431375
0.51764709
0.50196081
0.37254903
0.23529412
0.08235294
0.00784314
0.27843139
0.31764707
0.35686275
0.21960784
0.33725491
0.42352942
0.36470589
0.13725491
0.27450982
0.73333335
0.90980393
0.91372550
0.93725491
0.82745099
0.69803923
0.62352943
0.60784316
0.58039218
0.54117650
0.59215689
0.68235296
0.68627453
0.65098041
0.61176473
0.53333336
0.35686275
0.30588236
0.24705882
0.18431373
0.12156863
0.03921569
0.00784314
0.27450982
0.30196080
0.18823530
0.21176471
0.41176471
0.41176471
0.23529412
0.12941177
0.39215687
0.80392158
0.93725491
0.92941177
0.92156863
0.82745099
0.77254903
0.63921571
0.56470591
0.49803922
0.52549022
0.71764708
0.69019610
0.65098041
0.44705883
0.29019609
0.23921569
0.20392157
0.18039216
0.16470589
0.12549020
0.08235294
0.02352941
0.00392157
0.26274511
0.30980393
0.18823530
0.12156863
0.25098041
0.34117648
0.13333334
0.17254902
0.54117650
0.81176472
0.92549020
0.90980393
0.90588236
0.85098040
0.76078433
0.59607846
0.49803922
0.44705883
0.56078434
0.64313728
0.46274510
0.30980393
0.20392157
0.17647059
0.16078432
0.20784314
0.20000000
0.20392157
0.12941177
0.06666667
0.01960784
0.00392157
0.27058825
0.29803923
0.22745098
0.10196079
0.10588235
0.14509805
0.08235294
0.14117648
0.57254905
0.78823531
0.90196079
0.76862746
0.78823531
0.75686276
0.58823532
0.49019608
0.50196081
0.52156866
0.43137255
0.29411766
0.31764707
0.26274511
0.18431373
0.20000000
0.19215687
0.20000000
0.19215687
0.18823530
0.11372549
0.05882353
0.01960784
0.00392157
0.28235295
0.28235295
0.21568628
0.11764706
0.07058824
0.03921569
0.01960784
0.08235294
0.56862748
0.79607844
0.83137256
0.82352942
0.67058825
0.54901963
0.50980395
0.46274510
0.57647061
0.59607846
0.34509805
0.36470589
0.29411766
0.15294118
0.14901961
0.18823530
0.20000000
0.18823530
0.17254902
0.17254902
0.12941177
0.08235294
0.02352941
0.00392157
0.29411766
0.26274511
0.20000000
0.07450981
0.02745098
0.01176471
0.00000000
0.08235294
0.57254905
0.75294119
0.69803923
0.72549021
0.69411767
0.57254905
0.50196081
0.44705883
0.59215689
0.72549021
0.35294119
0.22745098
0.16470589
0.14117648
0.15686275
0.18823530
0.20784314
0.20000000
0.19215687
0.18823530
0.14901961
0.06666667
0.01568628
0.00392157
0.48627451
0.32156864
0.20392157
0.04313726
0.00784314
0.00784314
0.00000000
0.11372549
0.63137257
0.64705884
0.45882353
0.59607846
0.53725493
0.36078432
0.37647060
0.29803923
0.49803922
0.82745099
0.48627451
0.31372550
0.29019609
0.26274511
0.25098041
0.23529412
0.22352941
0.20392157
0.20784314
0.19607843
0.13725491
0.05882353
0.01568628
0.00392157
0.64705884
0.49803922
0.34901962
0.18823530
0.10980392
0.09019608
0.04705882
0.18823530
0.66666669
0.45490196
0.17254902
0.66274512
0.72156864
0.40392157
0.40784314
0.36470589
0.60000002
0.88235295
0.70588237
0.45098040
0.31372550
0.34509805
0.29803923
0.25098041
0.22745098
0.21960784
0.22745098
0.19607843
0.12549020
0.05098039
0.00784314
0.00392157
0.58823532
0.61568630
0.55294120
0.49411765
0.46666667
0.43137255
0.38039216
0.45490196
0.65490198
0.50196081
0.38431373
0.70980394
0.74509805
0.52156866
0.58039218
0.65098041
0.65882355
0.65490198
0.50588238
0.32941177
0.29411766
0.29019609
0.26274511
0.27843139
0.27058825
0.27058825
0.24313726
0.19607843
0.11372549
0.03921569
0.00784314
0.00392157
0.65490198
0.68627453
0.67058825
0.69803923
0.72156864
0.69803923
0.68627453
0.67058825
0.63921571
0.65098041
0.60392159
0.67450982
0.67058825
0.54509807
0.50588238
0.46274510
0.40784314
0.34117648
0.29019609
0.32941177
0.35686275
0.40000001
0.42352942
0.41960785
0.45098040
0.44705883
0.36470589
0.27058825
0.12941177
0.03921569
0.00392157
0.00392157
0.70588237
0.70588237
0.71372551
0.68235296
0.68235296
0.67058825
0.67058825
0.62352943
0.61176473
0.67450982
0.59215689
0.54509807
0.65490198
0.54117650
0.38431373
0.28627452
0.35294119
0.34117648
0.41176471
0.47450981
0.49411765
0.54509807
0.54509807
0.54509807
0.54117650
0.55686277
0.47058824
0.28627452
0.12549020
0.03137255
0.00392157
0.00392157
0.62745100
0.60000002
0.61568630
0.58431375
0.61568630
0.67450982
0.67843139
0.63921571
0.63921571
0.63137257
0.51764709
0.50196081
0.68627453
0.47450981
0.31372550
0.41960785
0.59607846
0.56470591
0.56862748
0.49411765
0.58039218
0.60000002
0.57254905
0.58823532
0.54117650
0.54901963
0.39215687
0.18823530
0.09411765
0.02352941
0.00392157
0.00392157
0.53725493
0.54901963
0.61568630
0.62745100
0.60000002
0.58823532
0.55294120
0.52549022
0.55294120
0.57647061
0.51764709
0.51372552
0.74117649
0.49803922
0.49019608
0.69019610
0.69803923
0.62745100
0.57647061
0.57254905
0.68235296
0.65098041
0.65882355
0.62745100
0.56862748
0.49019608
0.32941177
0.17254902
0.07450981
0.01568628
0.00392157
0.00392157
0.55686277
0.54901963
0.49411765
0.50196081
0.43921569
0.36862746
0.46274510
0.52941179
0.63529414
0.72549021
0.69803923
0.62745100
0.65098041
0.61960787
0.67058825
0.67450982
0.63529414
0.60392159
0.60000002
0.66666669
0.63921571
0.62745100
0.61960787
0.54901963
0.52156866
0.45882353
0.34901962
0.16470589
0.05490196
0.01176471
0.00392157
0.00392157
0.17647059
0.18431373
0.15294118
0.17647059
0.21176471
0.26274511
0.23529412
0.28627452
0.27843139
0.21568628
0.25490198
0.28627452
0.31372550
0.48235294
0.42745098
0.36470589
0.30196080
0.30588236
0.32941177
0.25098041
0.27450982
0.29019609
0.29803923
0.29803923
0.26666668
0.20392157
0.16470589
0.11372549
0.05490196
0.01568628
0.00000000
0.00392157
0.23137255
0.20392157
0.20000000
0.24313726
0.22352941
0.23529412
0.21176471
0.29803923
0.32549021
0.26666668
0.23137255
0.28235295
0.27843139
0.32549021
0.43921569
0.40392157
0.26666668
0.27450982
0.29019609
0.32549021
0.30980393
0.26666668
0.24313726
0.22745098
0.26274511
0.22745098
0.20784314
0.16078432
0.07058824
0.02745098
0.00000000
0.00392157
0.24313726
0.18039216
0.19215687
0.23137255
0.19607843
0.18823530
0.20000000
0.28627452
0.35294119
0.31372550
0.20000000
0.28627452
0.26274511
0.28235295
0.31764707
0.35686275
0.30196080
0.32941177
0.30980393
0.37254903
0.28627452
0.25490198
0.22745098
0.24313726
0.30588236
0.27843139
0.25882354
0.23921569
0.10196079
0.03529412
0.00392157
0.00392157
0.20000000
0.17647059
0.17254902
0.21176471
0.24313726
0.23529412
0.23529412
0.29411766
0.32156864
0.28627452
0.20392157
0.25490198
0.36862746
0.29019609
0.29803923
0.32549021
0.37647060
0.39215687
0.36470589
0.44705883
0.46274510
0.35686275
0.24313726
0.25882354
0.30980393
0.31372550
0.29019609
0.30196080
0.15294118
0.04705882
0.00784314
0.00392157
0.24705882
0.21568628
0.19607843
0.26666668
0.30196080
0.32549021
0.31372550
0.33333334
0.31764707
0.24313726
0.23921569
0.27058825
0.64313728
0.50196081
0.34117648
0.35686275
0.35294119
0.40392157
0.42745098
0.50588238
0.72156864
0.50588238
0.30980393
0.27450982
0.29803923
0.31372550
0.30588236
0.32156864
0.18431373
0.05882353
0.01176471
0.00392157
0.24705882
0.20784314
0.22745098
0.28627452
0.32156864
0.34509805
0.32941177
0.36078432
0.36470589
0.28235295
0.24705882
0.28627452
0.67058825
0.78039217
0.54901963
0.43137255
0.36470589
0.47843137
0.56470591
0.56470591
0.66274512
0.47058824
0.40392157
0.36078432
0.30980393
0.27450982
0.29019609
0.31372550
0.21568628
0.08627451
0.01960784
0.00392157
0.23529412
0.20392157
0.25098041
0.25490198
0.27450982
0.24705882
0.29019609
0.34509805
0.36470589
0.32156864
0.24705882
0.32549021
0.61960787
0.80784315
0.76470590
0.61176473
0.55294120
0.56078434
0.58823532
0.52549022
0.47058824
0.41568628
0.41568628
0.38431373
0.36470589
0.34117648
0.41960785
0.41568628
0.30196080
0.11764706
0.01960784
0.00000000
0.16078432
0.16862746
0.19215687
0.18823530
0.21176471
0.16862746
0.20000000
0.28627452
0.32156864
0.28627452
0.18823530
0.25490198
0.57254905
0.76470590
0.81568629
0.80000001
0.69411767
0.57647061
0.56078434
0.47058824
0.37647060
0.41960785
0.48235294
0.48235294
0.43529412
0.46666667
0.50980395
0.44313726
0.30980393
0.11764706
0.01960784
0.00000000
0.13333334
0.12549020
0.14901961
0.18823530
0.15686275
0.26666668
0.27843139
0.30196080
0.32156864
0.24313726
0.15686275
0.19215687
0.47450981
0.78039217
0.77647060
0.74509805
0.70588237
0.54509807
0.47058824
0.39607844
0.38039216
0.42745098
0.49411765
0.46274510
0.43921569
0.37254903
0.39215687
0.40392157
0.27450982
0.10980392
0.02352941
0.00000000
0.22352941
0.23137255
0.29803923
0.30980393
0.20392157
0.34901962
0.34509805
0.23529412
0.24313726
0.19215687
0.14901961
0.18039216
0.50980395
0.80392158
0.73725492
0.61176473
0.68235296
0.47450981
0.32549021
0.36470589
0.37254903
0.44313726
0.51372552
0.41176471
0.25882354
0.20784314
0.23137255
0.28627452
0.27843139
0.12549020
0.03137255
0.00392157
0.20000000
0.24313726
0.34117648
0.30196080
0.24705882
0.28627452
0.31764707
0.16470589
0.18431373
0.24705882
0.17254902
0.38823530
0.63137257
0.78823531
0.83529413
0.82352942
0.71372551
0.41960785
0.45882353
0.45490196
0.37647060
0.49411765
0.42745098
0.28627452
0.35686275
0.37647060
0.38431373
0.29411766
0.23529412
0.12549020
0.03921569
0.00000000
0.16078432
0.24313726
0.28235295
0.18823530
0.18823530
0.22745098
0.27058825
0.14901961
0.20784314
0.29803923
0.29411766
0.64313728
0.69019610
0.76862746
0.89411765
0.95294118
0.68627453
0.40000001
0.56862748
0.56078434
0.40784314
0.42745098
0.24705882
0.28235295
0.36470589
0.44705883
0.46274510
0.42745098
0.31764707
0.10196079
0.02352941
0.00392157
0.20392157
0.26666668
0.26274511
0.16470589
0.18431373
0.21960784
0.22352941
0.16862746
0.23529412
0.35294119
0.51764709
0.78431374
0.69411767
0.82352942
0.89411765
0.92941177
0.75294119
0.55294120
0.63529414
0.60392159
0.41176471
0.27843139
0.26274511
0.28235295
0.33333334
0.44313726
0.52549022
0.47450981
0.34117648
0.23137255
0.06666667
0.01176471
0.32941177
0.41960785
0.36470589
0.27450982
0.28627452
0.27843139
0.27450982
0.28235295
0.28627452
0.36862746
0.69803923
0.79215688
0.70980394
0.86666667
0.87843138
0.82352942
0.73725492
0.62352943
0.63529414
0.56078434
0.31372550
0.25098041
0.35294119
0.37254903
0.31764707
0.44313726
0.54509807
0.60000002
0.43921569
0.27843139
0.08235294
0.01176471
0.35294119
0.41176471
0.40784314
0.32941177
0.32156864
0.32941177
0.32941177
0.40000001
0.28627452
0.45098040
0.77254903
0.79607844
0.78823531
0.85882354
0.81176472
0.73333335
0.67843139
0.61568630
0.56470591
0.48235294
0.27843139
0.31764707
0.42352942
0.47058824
0.50196081
0.54901963
0.56470591
0.56862748
0.47058824
0.27450982
0.08627451
0.01176471
0.30588236
0.41960785
0.41568628
0.33333334
0.34509805
0.28627452
0.23529412
0.30980393
0.24705882
0.54901963
0.77647060
0.82745099
0.85490197
0.84313726
0.72941178
0.62352943
0.62352943
0.60392159
0.56078434
0.47843137
0.35294119
0.39607844
0.47450981
0.56470591
0.61960787
0.61960787
0.54509807
0.52549022
0.43921569
0.29019609
0.09019608
0.00784314
0.27058825
0.39607844
0.41960785
0.38431373
0.34901962
0.27450982
0.20000000
0.17254902
0.27843139
0.60000002
0.78039217
0.87450981
0.89411765
0.81176472
0.65490198
0.54509807
0.58039218
0.61568630
0.59215689
0.49019608
0.43137255
0.49411765
0.55294120
0.61960787
0.65882355
0.60784316
0.51764709
0.53333336
0.43137255
0.28235295
0.09019608
0.00784314
0.23921569
0.32156864
0.42745098
0.28235295
0.24313726
0.30980393
0.26666668
0.10588235
0.26666668
0.65098041
0.83921570
0.90196079
0.91764706
0.77254903
0.58039218
0.52156866
0.58823532
0.60784316
0.56470591
0.47450981
0.54509807
0.60784316
0.61568630
0.65098041
0.64705884
0.56078434
0.49019608
0.47450981
0.35294119
0.22745098
0.07450981
0.00784314
0.22745098
0.26666668
0.30980393
0.17647059
0.29019609
0.36862746
0.29411766
0.07058824
0.23921569
0.71372551
0.89803922
0.89411765
0.89803922
0.75686276
0.61960787
0.56078434
0.57647061
0.56470591
0.52941179
0.56078434
0.63529414
0.65098041
0.62745100
0.58823532
0.50980395
0.33333334
0.28235295
0.22352941
0.16470589
0.11372549
0.03137255
0.00392157
0.21960784
0.24705882
0.13725491
0.17254902
0.36862746
0.36078432
0.17254902
0.07450981
0.35686275
0.78431374
0.92549020
0.90980393
0.87843138
0.76470590
0.71764708
0.60784316
0.52941179
0.46666667
0.49803922
0.67450982
0.63529414
0.60000002
0.40784314
0.25490198
0.20784314
0.18431373
0.16078432
0.14117648
0.10588235
0.07058824
0.01568628
0.00000000
0.20392157
0.25490198
0.13725491
0.08627451
0.21960784
0.30196080
0.09019608
0.12156863
0.50588238
0.79607844
0.91764706
0.88627452
0.85882354
0.79607844
0.72549021
0.58823532
0.46274510
0.40392157
0.52156866
0.58823532
0.40000001
0.25490198
0.15686275
0.12941177
0.12549020
0.18823530
0.18039216
0.18431373
0.11372549
0.05490196
0.01176471
0.00000000
0.21176471
0.23529412
0.17647059
0.07843138
0.08627451
0.12549020
0.05882353
0.11372549
0.55686277
0.79215688
0.89019608
0.73333335
0.73333335
0.70980394
0.56078434
0.47843137
0.46274510
0.47058824
0.37254903
0.22352941
0.26274511
0.22745098
0.15294118
0.16862746
0.16470589
0.17647059
0.17647059
0.17647059
0.10196079
0.05098039
0.01568628
0.00392157
0.22745098
0.21568628
0.16862746
0.10196079
0.06666667
0.03529412
0.01176471
0.07843138
0.56862748
0.81176472
0.82352942
0.78431374
0.61568630
0.50196081
0.47843137
0.43921569
0.54117650
0.55294120
0.29411766
0.30980393
0.25490198
0.12941177
0.12549020
0.16862746
0.17647059
0.16078432
0.15686275
0.16078432
0.11764706
0.08235294
0.02352941
0.00392157
0.24705882
0.20784314
0.16470589
0.06666667
0.03137255
0.01568628
0.00000000
0.08235294
0.57647061
0.77254903
0.69803923
0.68627453
0.63137257
0.52156866
0.46666667
0.42352942
0.57254905
0.70196080
0.32549021
0.20000000
0.13333334
0.10980392
0.12549020
0.16470589
0.18039216
0.17254902
0.16862746
0.16862746
0.13333334
0.06666667
0.01568628
0.00392157
0.44705883
0.27450982
0.18039216
0.04705882
0.01960784
0.01960784
0.00784314
0.11764706
0.63529414
0.67450982
0.46274510
0.55294120
0.47450981
0.30980393
0.34117648
0.27058825
0.48627451
0.81960785
0.47843137
0.30980393
0.26666668
0.22745098
0.21960784
0.20784314
0.19607843
0.17254902
0.18039216
0.17647059
0.12156863
0.05882353
0.01568628
0.00392157
0.62352943
0.46274510
0.33333334
0.19607843
0.12156863
0.09803922
0.05882353
0.18431373
0.65882355
0.47450981
0.16862746
0.61176473
0.65490198
0.34901962
0.36470589
0.33725491
0.58039218
0.87058824
0.69803923
0.45098040
0.29019609
0.30588236
0.26274511
0.22745098
0.20000000
0.18823530
0.20392157
0.18039216
0.11372549
0.04705882
0.00784314
0.00392157
0.57647061
0.59607846
0.55294120
0.50196081
0.46666667
0.43529412
0.38431373
0.43921569
0.63137257
0.50980395
0.36470589
0.63921571
0.67058825
0.46274510
0.53333336
0.61568630
0.61960787
0.61960787
0.47843137
0.31372550
0.26274511
0.25098041
0.23137255
0.25882354
0.25098041
0.24705882
0.22745098
0.18823530
0.10588235
0.03921569
0.00784314
0.00392157
0.65098041
0.67058825
0.67843139
0.70196080
0.71372551
0.69411767
0.67843139
0.64313728
0.60392159
0.64705884
0.56862748
0.58823532
0.59215689
0.48235294
0.45490196
0.41960785
0.34901962
0.28235295
0.24705882
0.29411766
0.32156864
0.36470589
0.39607844
0.40784314
0.43529412
0.43137255
0.35294119
0.26666668
0.12941177
0.03921569
0.00392157
0.00392157
0.69803923
0.69019610
0.70980394
0.67450982
0.65882355
0.64313728
0.65098041
0.59215689
0.57254905
0.65098041
0.54509807
0.46666667
0.58039218
0.48235294
0.32941177
0.23529412
0.29803923
0.29019609
0.37254903
0.44705883
0.46666667
0.51764709
0.52156866
0.53333336
0.52549022
0.53725493
0.45882353
0.28627452
0.12549020
0.03137255
0.00392157
0.00392157
0.61568630
0.58431375
0.60392159
0.57254905
0.58431375
0.62745100
0.64705884
0.61568630
0.60392159
0.59607846
0.47058824
0.44313726
0.62745100
0.41568628
0.25490198
0.36470589
0.56078434
0.53725493
0.54509807
0.49019608
0.56862748
0.58039218
0.55294120
0.56862748
0.51764709
0.52156866
0.37647060
0.18039216
0.09411765
0.02352941
0.00392157
0.00392157
0.52549022
0.53725493
0.60000002
0.61176473
0.56470591
0.53725493
0.51764709
0.50980395
0.52941179
0.54509807
0.48235294
0.47058824
0.68627453
0.44313726
0.43529412
0.63921571
0.66666669
0.60392159
0.56078434
0.56862748
0.67058825
0.63137257
0.63921571
0.60784316
0.54509807
0.46274510
0.30980393
0.16470589
0.07450981
0.01568628
0.00392157
0.00392157
0.54901963
0.54117650
0.49019608
0.49411765
0.40784314
0.32156864
0.43137255
0.51764709
0.61568630
0.70588237
0.67058825
0.59215689
0.60392159
0.57254905
0.62352943
0.62745100
0.60000002
0.58039218
0.58823532
0.65882355
0.62352943
0.60784316
0.60000002
0.52941179
0.49803922
0.43529412
0.32941177
0.15686275
0.05490196
0.01176471
0.00392157
0.00392157
1 0 0 -1 0 0 0 0 0 0 0
0 1 0 -1 0 0 0 0 0 0 0
0 0 1 -1 0 0 0 0 0 0 0
0 0 0 -1 1 0 0 0 0 0 0
0 0 0 -1 0 1 0 0 0 0 0
0 0 0 -1 0 0 1 0 0 0 0
0 0 0 -1 0 0 0 1 0 0 0
0 0 0 -1 0 0 0 0 1 0 0
0 0 0 -1 0 0 0 0 0 1 0
