0.18039216
0.18039216
0.18431373
0.18431373
0.17647059
0.18431373
0.20392157
0.24313726
0.27843139
0.29411766
0.29803923
0.30588236
0.31372550
0.32941177
0.35686275
0.38431373
0.40392157
0.40784314
0.40392157
0.39607844
0.38431373
0.38431373
0.38823530
0.38431373
0.38823530
0.40784314
0.42745098
0.45490196
0.48235294
0.49803922
0.49803922
0.48627451
0.18823530
0.18431373
0.18431373
0.18039216
0.18039216
0.18823530
0.21960784
0.27450982
0.32549021
0.35686275
0.36470589
0.36470589
0.36862746
0.37254903
0.38823530
0.40784314
0.43529412
0.45490196
0.48235294
0.47843137
0.47450981
0.44313726
0.42352942
0.40392157
0.38039216
0.40392157
0.41960785
0.43529412
0.46666667
0.49019608
0.50196081
0.49803922
0.24313726
0.23529412
0.23137255
0.22745098
0.22352941
0.21960784
0.24705882
0.30588236
0.35294119
0.38823530
0.41176471
0.46666667
0.49803922
0.48627451
0.45098040
0.35686275
0.34901962
0.45882353
0.50588238
0.49019608
0.48627451
0.36078432
0.21960784
0.36078432
0.43921569
0.38431373
0.37647060
0.43921569
0.47058824
0.49411765
0.49803922
0.48627451
0.30196080
0.30196080
0.30588236
0.30588236
0.30588236
0.30196080
0.32156864
0.35294119
0.38823530
0.41568628
0.43137255
0.42745098
0.36078432
0.31764707
0.32549021
0.26666668
0.29411766
0.46274510
0.44705883
0.34117648
0.21176471
0.12941177
0.09803922
0.29803923
0.45882353
0.32156864
0.41960785
0.50980395
0.53333336
0.49411765
0.50980395
0.49019608
0.32549021
0.33333334
0.34509805
0.35686275
0.36078432
0.36078432
0.36862746
0.38431373
0.40392157
0.41568628
0.41176471
0.38431373
0.31372550
0.24705882
0.20000000
0.16862746
0.26274511
0.40784314
0.34117648
0.31764707
0.27843139
0.19215687
0.21568628
0.29803923
0.34117648
0.36862746
0.54509807
0.56078434
0.34509805
0.29803923
0.47843137
0.47843137
0.36470589
0.36862746
0.37647060
0.38431373
0.38823530
0.39215687
0.39607844
0.40000001
0.40392157
0.41176471
0.41960785
0.42745098
0.43137255
0.41568628
0.37254903
0.27843139
0.18431373
0.15294118
0.25882354
0.43921569
0.49411765
0.43529412
0.40392157
0.34117648
0.25490198
0.30980393
0.41176471
0.28235295
0.20784314
0.39215687
0.45490196
0.43137255
0.40392157
0.40392157
0.40784314
0.41176471
0.41568628
0.41568628
0.41960785
0.41960785
0.41960785
0.42352942
0.43529412
0.43921569
0.44705883
0.44705883
0.45882353
0.45490196
0.35686275
0.19607843
0.22352941
0.37254903
0.37647060
0.37647060
0.40000001
0.36078432
0.16862746
0.06666667
0.10196079
0.26274511
0.41960785
0.44705883
0.42352942
0.41176471
0.47058824
0.48235294
0.48627451
0.49411765
0.49411765
0.49019608
0.48627451
0.47843137
0.48235294
0.49019608
0.50196081
0.51764709
0.52941179
0.53725493
0.54117650
0.54509807
0.57254905
0.45098040
0.21568628
0.17254902
0.42745098
0.60392159
0.61960787
0.61568630
0.42352942
0.15294118
0.21568628
0.55686277
0.58039218
0.53333336
0.52549022
0.51764709
0.59607846
0.61176473
0.61960787
0.62352943
0.61960787
0.61568630
0.61176473
0.60392159
0.61176473
0.63137257
0.64705884
0.66666669
0.69019610
0.70980394
0.71372551
0.71764708
0.74509805
0.72941178
0.45098040
0.23921569
0.54117650
0.76862746
0.78431374
0.79607844
0.66274512
0.27058825
0.33725491
0.74117649
0.77254903
0.73333335
0.73333335
0.73333335
0.72549021
0.72941178
0.73333335
0.74117649
0.74117649
0.73725492
0.73333335
0.72941178
0.74117649
0.75686276
0.77254903
0.79215688
0.81960785
0.84313726
0.85098040
0.85490197
0.85882354
0.87843138
0.69803923
0.33333334
0.49803922
0.81568629
0.87058824
0.88235295
0.80784315
0.37254903
0.36862746
0.80392158
0.86274511
0.83137256
0.83137256
0.83137256
0.79215688
0.79215688
0.79215688
0.80000001
0.80392158
0.80000001
0.80000001
0.80000001
0.80784315
0.81960785
0.83137256
0.84705883
0.86666667
0.88235295
0.89019608
0.89019608
0.88627452
0.88235295
0.80392158
0.45882353
0.43529412
0.76470590
0.87843138
0.88627452
0.82352942
0.44313726
0.43137255
0.78431374
0.84313726
0.83137256
0.83137256
0.82745099
0.81960785
0.81568629
0.81568629
0.84705883
0.85098040
0.84313726
0.85098040
0.85882354
0.88235295
0.86666667
0.85882354
0.86666667
0.87058824
0.87450981
0.88627452
0.89411765
0.89019608
0.88627452
0.85882354
0.57254905
0.42352942
0.70980394
0.86274511
0.86666667
0.78431374
0.42352942
0.52156866
0.79215688
0.83137256
0.83137256
0.82745099
0.83137256
0.81568629
0.81960785
0.81568629
0.71764708
0.66666669
0.87058824
0.83921570
0.76470590
0.62352943
0.69019610
0.85490197
0.85882354
0.85490197
0.85490197
0.86274511
0.87450981
0.87450981
0.86666667
0.85098040
0.59607846
0.41960785
0.67843139
0.85098040
0.86666667
0.69803923
0.38431373
0.63137257
0.82745099
0.84313726
0.83921570
0.84313726
0.84705883
0.78431374
0.80000001
0.77254903
0.45098040
0.39215687
0.71372551
0.61176473
0.52549022
0.38823530
0.38823530
0.72941178
0.78431374
0.80392158
0.82745099
0.83137256
0.84705883
0.85098040
0.84705883
0.81960785
0.55294120
0.37647060
0.66274512
0.84313726
0.74509805
0.43137255
0.45490196
0.76862746
0.83921570
0.82745099
0.82352942
0.83529413
0.84313726
0.77254903
0.78823531
0.75294119
0.45882353
0.25882354
0.35686275
0.45882353
0.39607844
0.51372552
0.35686275
0.45490196
0.61960787
0.77647060
0.80000001
0.79607844
0.81568629
0.83137256
0.84705883
0.75686276
0.44313726
0.40784314
0.69411767
0.65490198
0.36078432
0.34901962
0.66666669
0.78039217
0.77647060
0.76470590
0.75294119
0.76470590
0.77254903
0.76470590
0.77647060
0.78039217
0.70588237
0.41176471
0.24313726
0.36470589
0.39215687
0.41960785
0.37254903
0.38823530
0.60000002
0.80392158
0.80000001
0.80000001
0.82352942
0.80784315
0.70980394
0.49019608
0.27450982
0.28627452
0.37254903
0.32156864
0.38431373
0.61960787
0.72549021
0.70588237
0.68627453
0.67058825
0.65490198
0.67450982
0.68627453
0.72549021
0.73725492
0.74509805
0.73725492
0.52156866
0.28627452
0.49411765
0.55686277
0.47450981
0.40784314
0.39215687
0.50196081
0.66666669
0.74509805
0.70196080
0.57254905
0.41568628
0.28627452
0.18823530
0.15294118
0.20784314
0.34117648
0.53333336
0.66666669
0.69019610
0.66274512
0.63921571
0.61568630
0.60000002
0.58823532
0.59215689
0.59607846
0.69411767
0.70196080
0.71372551
0.66274512
0.32156864
0.16078432
0.27058825
0.49411765
0.60392159
0.59607846
0.49019608
0.38823530
0.36078432
0.30980393
0.24313726
0.25490198
0.26274511
0.27058825
0.30980393
0.40000001
0.54117650
0.61960787
0.63137257
0.61960787
0.60784316
0.60000002
0.58431375
0.56862748
0.55686277
0.54901963
0.54901963
0.54901963
0.70196080
0.71372551
0.72549021
0.69019610
0.38039216
0.23137255
0.11764706
0.12156863
0.20000000
0.24313726
0.27058825
0.32549021
0.29019609
0.14901961
0.19215687
0.41568628
0.54509807
0.53725493
0.50980395
0.58039218
0.60784316
0.57647061
0.56470591
0.56470591
0.55686277
0.55294120
0.54509807
0.54117650
0.53333336
0.52156866
0.51764709
0.51372552
0.73333335
0.74117649
0.74901962
0.71372551
0.43137255
0.15294118
0.14117648
0.10980392
0.08627451
0.17254902
0.32549021
0.39607844
0.25490198
0.12549020
0.23137255
0.31764707
0.28627452
0.36862746
0.51764709
0.61960787
0.65490198
0.64705884
0.62352943
0.60392159
0.59215689
0.58431375
0.57647061
0.57254905
0.56470591
0.55686277
0.54509807
0.53725493
0.75686276
0.76862746
0.76862746
0.75294119
0.54509807
0.21176471
0.12549020
0.13725491
0.38039216
0.57254905
0.49411765
0.24705882
0.08235294
0.09019608
0.15686275
0.16470589
0.15686275
0.21176471
0.29803923
0.38431373
0.52156866
0.66666669
0.72941178
0.73725492
0.73333335
0.72549021
0.70980394
0.68627453
0.68627453
0.69019610
0.68627453
0.67058825
0.76078433
0.77254903
0.77254903
0.77647060
0.74509805
0.67843139
0.48627451
0.35686275
0.37254903
0.29803923
0.27843139
0.23529412
0.21176471
0.21960784
0.22745098
0.21568628
0.22745098
0.23137255
0.20784314
0.18823530
0.22745098
0.32549021
0.47058824
0.57254905
0.64313728
0.69019610
0.70196080
0.67058825
0.61176473
0.56470591
0.50980395
0.51372552
0.75294119
0.76470590
0.76862746
0.78039217
0.78823531
0.77647060
0.63529414
0.37647060
0.20784314
0.16470589
0.21960784
0.25098041
0.24313726
0.22745098
0.18431373
0.18431373
0.20000000
0.19607843
0.18823530
0.18823530
0.21960784
0.24313726
0.25490198
0.27058825
0.30196080
0.34901962
0.35686275
0.35294119
0.38431373
0.34901962
0.25882354
0.20784314
0.73333335
0.74117649
0.74509805
0.76078433
0.75294119
0.53725493
0.19607843
0.15686275
0.16470589
0.14117648
0.16470589
0.19215687
0.25098041
0.31764707
0.27450982
0.17647059
0.18039216
0.20784314
0.23921569
0.25098041
0.25098041
0.25882354
0.23137255
0.18039216
0.19607843
0.26274511
0.34117648
0.40784314
0.50588238
0.36862746
0.23137255
0.16862746
0.73333335
0.74117649
0.74509805
0.75294119
0.73725492
0.57254905
0.23529412
0.19215687
0.26274511
0.40784314
0.53333336
0.59215689
0.67058825
0.71764708
0.64313728
0.38039216
0.20784314
0.21568628
0.30196080
0.36470589
0.36470589
0.34117648
0.32549021
0.31372550
0.38039216
0.52156866
0.52549022
0.35686275
0.22352941
0.11372549
0.07450981
0.07058824
0.74509805
0.74901962
0.74901962
0.75686276
0.74901962
0.75294119
0.69411767
0.65490198
0.71372551
0.78039217
0.80392158
0.80000001
0.78431374
0.77254903
0.76862746
0.66666669
0.47843137
0.33333334
0.27058825
0.29019609
0.33725491
0.41176471
0.45490196
0.45490196
0.42745098
0.32941177
0.19607843
0.09019608
0.04705882
0.05882353
0.04705882
0.03921569
0.74509805
0.76078433
0.72941178
0.74117649
0.73725492
0.74117649
0.76470590
0.78431374
0.77647060
0.77254903
0.76862746
0.76470590
0.76470590
0.77254903
0.77647060
0.76470590
0.69411767
0.54901963
0.38039216
0.24705882
0.21176471
0.31764707
0.32941177
0.24313726
0.21176471
0.16470589
0.07058824
0.04313726
0.07843138
0.05490196
0.03921569
0.03529412
0.69411767
0.71764708
0.65882355
0.69411767
0.67843139
0.66274512
0.67843139
0.67843139
0.69411767
0.69411767
0.68235296
0.67450982
0.68235296
0.69803923
0.69803923
0.69019610
0.67058825
0.61568630
0.52941179
0.45490196
0.36862746
0.29803923
0.21176471
0.18431373
0.23921569
0.29019609
0.21568628
0.17254902
0.21176471
0.19607843
0.18039216
0.23529412
0.52156866
0.51372552
0.50980395
0.53725493
0.52941179
0.55686277
0.56862748
0.60392159
0.63137257
0.63137257
0.63921571
0.62745100
0.62352943
0.63921571
0.63137257
0.60000002
0.58039218
0.51764709
0.41960785
0.40784314
0.40392157
0.36078432
0.36862746
0.36862746
0.30196080
0.30980393
0.34117648
0.36862746
0.40392157
0.48627451
0.54901963
0.61960787
0.31372550
0.25490198
0.20392157
0.23137255
0.22745098
0.26274511
0.43137255
0.54117650
0.56470591
0.60784316
0.65490198
0.65098041
0.60784316
0.55686277
0.52156866
0.47058824
0.42352942
0.33333334
0.34117648
0.38431373
0.32549021
0.30196080
0.37647060
0.32156864
0.27843139
0.32549021
0.41176471
0.43137255
0.44705883
0.53333336
0.56470591
0.54117650
0.33725491
0.36862746
0.41176471
0.40392157
0.40000001
0.40392157
0.48627451
0.56078434
0.55686277
0.58823532
0.58431375
0.54509807
0.54901963
0.49411765
0.46666667
0.48627451
0.51372552
0.55294120
0.59607846
0.58431375
0.48627451
0.38823530
0.37647060
0.37254903
0.38823530
0.44313726
0.49803922
0.47058824
0.49019608
0.47058824
0.53333336
0.51372552
0.44313726
0.49019608
0.55294120
0.56470591
0.54509807
0.56078434
0.54509807
0.58431375
0.60392159
0.63529414
0.63137257
0.58431375
0.57647061
0.56078434
0.55294120
0.58039218
0.61176473
0.63529414
0.60784316
0.59607846
0.60392159
0.56862748
0.56078434
0.55686277
0.56470591
0.52941179
0.47843137
0.43921569
0.48627451
0.49803922
0.44705883
0.47058824
0.30588236
0.30980393
0.32156864
0.32549021
0.32941177
0.33725491
0.35686275
0.38431373
0.41176471
0.43137255
0.43529412
0.44313726
0.45098040
0.47058824
0.49411765
0.51372552
0.52941179
0.53725493
0.53333336
0.52549022
0.51764709
0.51372552
0.52941179
0.53333336
0.52941179
0.54117650
0.55686277
0.57254905
0.59215689
0.60392159
0.60784316
0.60000002
0.32156864
0.32156864
0.32549021
0.33333334
0.34117648
0.35686275
0.38431373
0.41960785
0.45882353
0.48627451
0.48627451
0.48235294
0.47843137
0.47843137
0.49411765
0.51372552
0.53725493
0.55294120
0.57647061
0.56862748
0.56078434
0.52941179
0.52941179
0.53333336
0.51372552
0.53333336
0.54509807
0.55686277
0.58823532
0.61176473
0.61960787
0.61176473
0.36078432
0.35686275
0.36078432
0.36470589
0.36862746
0.36862746
0.39607844
0.43921569
0.47843137
0.50588238
0.52156866
0.56470591
0.58431375
0.56470591
0.52941179
0.43921569
0.42352942
0.52549022
0.56078434
0.53725493
0.52156866
0.38823530
0.27450982
0.44313726
0.53333336
0.48235294
0.47843137
0.54509807
0.58431375
0.60392159
0.61176473
0.60000002
0.38823530
0.39215687
0.40000001
0.41176471
0.41568628
0.41568628
0.43921569
0.47058824
0.50196081
0.52156866
0.52941179
0.51372552
0.43529412
0.38039216
0.38823530
0.32549021
0.34901962
0.50588238
0.47450981
0.35686275
0.21960784
0.12941177
0.11764706
0.34117648
0.50980395
0.38039216
0.48627451
0.58431375
0.61176473
0.58039218
0.61176473
0.60000002
0.42352942
0.43137255
0.44705883
0.45882353
0.46274510
0.47058824
0.47843137
0.49803922
0.51372552
0.52156866
0.50980395
0.47450981
0.40000001
0.32549021
0.25490198
0.18039216
0.27843139
0.43921569
0.37254903
0.35294119
0.31764707
0.24313726
0.25490198
0.31764707
0.36078432
0.39215687
0.57254905
0.59607846
0.38431373
0.34509805
0.56078434
0.58039218
0.49019608
0.49411765
0.50196081
0.50980395
0.51372552
0.51764709
0.52156866
0.52549022
0.52941179
0.52941179
0.52941179
0.52941179
0.52549022
0.50980395
0.43137255
0.29411766
0.20000000
0.18823530
0.29411766
0.47843137
0.53725493
0.49019608
0.44705883
0.36862746
0.28235295
0.33725491
0.44313726
0.31372550
0.24313726
0.43529412
0.53725493
0.53725493
0.52941179
0.52941179
0.53333336
0.53725493
0.54117650
0.54509807
0.54509807
0.54901963
0.54117650
0.54117650
0.54509807
0.53725493
0.53725493
0.53725493
0.53333336
0.50196081
0.40000001
0.23529412
0.25490198
0.39215687
0.39215687
0.38823530
0.42352942
0.39607844
0.20784314
0.10588235
0.14509805
0.30980393
0.47843137
0.50980395
0.50980395
0.51372552
0.56470591
0.57647061
0.58431375
0.59215689
0.58823532
0.58431375
0.58431375
0.58039218
0.58039218
0.58039218
0.58431375
0.59215689
0.59607846
0.60000002
0.61176473
0.61568630
0.62352943
0.47843137
0.22745098
0.18039216
0.43529412
0.61960787
0.65490198
0.65882355
0.45490196
0.16862746
0.23137255
0.58823532
0.63921571
0.60784316
0.60784316
0.60000002
0.65098041
0.66666669
0.67450982
0.67843139
0.67843139
0.67450982
0.67058825
0.66666669
0.67450982
0.68235296
0.69019610
0.70588237
0.72549021
0.74901962
0.77254903
0.78823531
0.78823531
0.72941178
0.43529412
0.23921569
0.57254905
0.82352942
0.84313726
0.83529413
0.67450982
0.25098041
0.30980393
0.73725492
0.81176472
0.81176472
0.80000001
0.78431374
0.74901962
0.75294119
0.76078433
0.77254903
0.77254903
0.76862746
0.76862746
0.76470590
0.77254903
0.78431374
0.80000001
0.81568629
0.83529413
0.85882354
0.88235295
0.89019608
0.87843138
0.87450981
0.69019610
0.34509805
0.52549022
0.85490197
0.89803922
0.89411765
0.80392158
0.36078432
0.36078432
0.80784315
0.89019608
0.87450981
0.86274511
0.85490197
0.80392158
0.80392158
0.80392158
0.81960785
0.81960785
0.81960785
0.81960785
0.81960785
0.82352942
0.83529413
0.84705883
0.86274511
0.87843138
0.89411765
0.90196079
0.90196079
0.89411765
0.88627452
0.81568629
0.47450981
0.45098040
0.77647060
0.87450981
0.87058824
0.81568629
0.45098040
0.45098040
0.80784315
0.86666667
0.85490197
0.84705883
0.83921570
0.83921570
0.83137256
0.82745099
0.85490197
0.85490197
0.84705883
0.85098040
0.85882354
0.87843138
0.86666667
0.86666667
0.87843138
0.88627452
0.89411765
0.90588236
0.90980393
0.89803922
0.89019608
0.86666667
0.59215689
0.44313726
0.72156864
0.85882354
0.85882354
0.78039217
0.42352942
0.53333336
0.81176472
0.85490197
0.85490197
0.84313726
0.84313726
0.83921570
0.83137256
0.82352942
0.71764708
0.65490198
0.85098040
0.81960785
0.74117649
0.60000002
0.67450982
0.85098040
0.86666667
0.87450981
0.88235295
0.88627452
0.89019608
0.88235295
0.87058824
0.85882354
0.61568630
0.43921569
0.69019610
0.85098040
0.86274511
0.69411767
0.38823530
0.63921571
0.84313726
0.86666667
0.86274511
0.85882354
0.85882354
0.81176472
0.81568629
0.77647060
0.43921569
0.36470589
0.67843139
0.56862748
0.48235294
0.35294119
0.36470589
0.72156864
0.78823531
0.82352942
0.85882354
0.85882354
0.86274511
0.85882354
0.85098040
0.82745099
0.57254905
0.40000001
0.67450982
0.84705883
0.74509805
0.43137255
0.45490196
0.77647060
0.85098040
0.84705883
0.84705883
0.85098040
0.85490197
0.80784315
0.80784315
0.75294119
0.45098040
0.23529412
0.32156864
0.41568628
0.34509805
0.46666667
0.31372550
0.42352942
0.61176473
0.79607844
0.84313726
0.84313726
0.84705883
0.85098040
0.85490197
0.76078433
0.43921569
0.39215687
0.67058825
0.63529414
0.35294119
0.34509805
0.67058825
0.79607844
0.80392158
0.80000001
0.79607844
0.79607844
0.80000001
0.80000001
0.79607844
0.78431374
0.69803923
0.39215687
0.21176471
0.33333334
0.36078432
0.38431373
0.32941177
0.34117648
0.57254905
0.80784315
0.83921570
0.83921570
0.83921570
0.81568629
0.70980394
0.48235294
0.25490198
0.25882354
0.33725491
0.29803923
0.38039216
0.61960787
0.74117649
0.74117649
0.73725492
0.73333335
0.72549021
0.72941178
0.72941178
0.76078433
0.76078433
0.74901962
0.72549021
0.50196081
0.25882354
0.47058824
0.55686277
0.47450981
0.39607844
0.36862746
0.47843137
0.64705884
0.72941178
0.67450982
0.53725493
0.38039216
0.26666668
0.18431373
0.16470589
0.22745098
0.36862746
0.56078434
0.69411767
0.71764708
0.70196080
0.68627453
0.67450982
0.66666669
0.65882355
0.65882355
0.65882355
0.72549021
0.72156864
0.71764708
0.65098041
0.29803923
0.12941177
0.24313726
0.49803922
0.61960787
0.60784316
0.49019608
0.37254903
0.32549021
0.26274511
0.18039216
0.18431373
0.20784314
0.24313726
0.31372550
0.43137255
0.59607846
0.69019610
0.70196080
0.68235296
0.66666669
0.65882355
0.65098041
0.64313728
0.63137257
0.62352943
0.62745100
0.62745100
0.73333335
0.72941178
0.72549021
0.67450982
0.34901962
0.19607843
0.08235294
0.10196079
0.19215687
0.25098041
0.28235295
0.32941177
0.27450982
0.10588235
0.13725491
0.36078432
0.50196081
0.51764709
0.52156866
0.61960787
0.67058825
0.64705884
0.65098041
0.65490198
0.65098041
0.63921571
0.63137257
0.62745100
0.61568630
0.60784316
0.61176473
0.61176473
0.76078433
0.76078433
0.75294119
0.70980394
0.41568628
0.12941177
0.11764706
0.09803922
0.09019608
0.18431373
0.34117648
0.40392157
0.25098041
0.10196079
0.19215687
0.27058825
0.25098041
0.34901962
0.51372552
0.63137257
0.68235296
0.69019610
0.68235296
0.68235296
0.67450982
0.66274512
0.65882355
0.65098041
0.64705884
0.63529414
0.63137257
0.63137257
0.78431374
0.78823531
0.78431374
0.75686276
0.54509807
0.21176471
0.12549020
0.15686275
0.40392157
0.58823532
0.50196081
0.24313726
0.07058824
0.07058824
0.11764706
0.11372549
0.10980392
0.17254902
0.27058825
0.36470589
0.50980395
0.66666669
0.74117649
0.76078433
0.76470590
0.75686276
0.74901962
0.73725492
0.74509805
0.74509805
0.73725492
0.72156864
0.78823531
0.79215688
0.78823531
0.78039217
0.74509805
0.67843139
0.48235294
0.34509805
0.35686275
0.28235295
0.25490198
0.20784314
0.18039216
0.18039216
0.18431373
0.17647059
0.18823530
0.19215687
0.17647059
0.16470589
0.20784314
0.30980393
0.45098040
0.55686277
0.62745100
0.68235296
0.70196080
0.67843139
0.63137257
0.58431375
0.52549022
0.52549022
0.78039217
0.78431374
0.78431374
0.78823531
0.78823531
0.77647060
0.62352943
0.34117648
0.16862746
0.12941177
0.18431373
0.21568628
0.21176471
0.20000000
0.15686275
0.15686275
0.17647059
0.17254902
0.15686275
0.15686275
0.18431373
0.21176471
0.21568628
0.22745098
0.26274511
0.30980393
0.32549021
0.33333334
0.36862746
0.33725491
0.24705882
0.19607843
0.76078433
0.76470590
0.76078433
0.76470590
0.75294119
0.53725493
0.18823530
0.12941177
0.13333334
0.12156863
0.14901961
0.18431373
0.25098041
0.32549021
0.27843139
0.17254902
0.16862746
0.18823530
0.21176471
0.21176471
0.20392157
0.20784314
0.18039216
0.13333334
0.15294118
0.22352941
0.31372550
0.38823530
0.49411765
0.36078432
0.21960784
0.15686275
0.75686276
0.76078433
0.76078433
0.76078433
0.74117649
0.57254905
0.23137255
0.18039216
0.25098041
0.40392157
0.53725493
0.60392159
0.68627453
0.74117649
0.65882355
0.38039216
0.20000000
0.20000000
0.27843139
0.33333334
0.32549021
0.29411766
0.28627452
0.28627452
0.35294119
0.50196081
0.50980395
0.34901962
0.21960784
0.11372549
0.07450981
0.07058824
0.76078433
0.76470590
0.76470590
0.77254903
0.76470590
0.76470590
0.70588237
0.65882355
0.71372551
0.78039217
0.80392158
0.80000001
0.78431374
0.77254903
0.76470590
0.65882355
0.47058824
0.32549021
0.25882354
0.27843139
0.32156864
0.39607844
0.44705883
0.45098040
0.42352942
0.32941177
0.19215687
0.09019608
0.04705882
0.05490196
0.05098039
0.04313726
0.77254903
0.79215688
0.76078433
0.77254903
0.76862746
0.77254903
0.79215688
0.80000001
0.79215688
0.78431374
0.77647060
0.77254903
0.77254903
0.78039217
0.78823531
0.78431374
0.71372551
0.56470591
0.39215687
0.25490198
0.21960784
0.32156864
0.33333334
0.24313726
0.21176471
0.16470589
0.07058824
0.04705882
0.07843138
0.05490196
0.02745098
0.01568628
0.74509805
0.77254903
0.71372551
0.75294119
0.73725492
0.72156864
0.73333335
0.72156864
0.73333335
0.73333335
0.72156864
0.70980394
0.71764708
0.72941178
0.74117649
0.74509805
0.72549021
0.65882355
0.56862748
0.48627451
0.40000001
0.32549021
0.22745098
0.19215687
0.24313726
0.29411766
0.21960784
0.18039216
0.21568628
0.20392157
0.16470589
0.20392157
0.56470591
0.56078434
0.55686277
0.58823532
0.58431375
0.61568630
0.62745100
0.65882355
0.68235296
0.68235296
0.69019610
0.67843139
0.67058825
0.68627453
0.67843139
0.64705884
0.61960787
0.54509807
0.44313726
0.42352942
0.42352942
0.38039216
0.38039216
0.37254903
0.30588236
0.31372550
0.34901962
0.37647060
0.41568628
0.49803922
0.55686277
0.61960787
0.34117648
0.28235295
0.23921569
0.26666668
0.27058825
0.30980393
0.47058824
0.57647061
0.59607846
0.63921571
0.68627453
0.68235296
0.63921571
0.58823532
0.54901963
0.48627451
0.43137255
0.33333334
0.33333334
0.37647060
0.31764707
0.29411766
0.38039216
0.32941177
0.29411766
0.34509805
0.43529412
0.45882353
0.47843137
0.56470591
0.60392159
0.58823532
0.37254903
0.40784314
0.45882353
0.46274510
0.46274510
0.47058824
0.53725493
0.57254905
0.54901963
0.58431375
0.58431375
0.55686277
0.57254905
0.52549022
0.49803922
0.51764709
0.54117650
0.58039218
0.62745100
0.61176473
0.51372552
0.41176471
0.41176471
0.42352942
0.46274510
0.53725493
0.60000002
0.56862748
0.57254905
0.54509807
0.61960787
0.60392159
0.49019608
0.54509807
0.61960787
0.64313728
0.63137257
0.64705884
0.62352943
0.63529414
0.64313728
0.67450982
0.67450982
0.63921571
0.63529414
0.62745100
0.62745100
0.66666669
0.70196080
0.72549021
0.70196080
0.69019610
0.69411767
0.65490198
0.64705884
0.65098041
0.67450982
0.65882355
0.61176473
0.55686277
0.58039218
0.57254905
0.53333336
0.56862748
0.47058824
0.47450981
0.48235294
0.48627451
0.48627451
0.49411765
0.51372552
0.53725493
0.56470591
0.58823532
0.59215689
0.60392159
0.61568630
0.63529414
0.64705884
0.65098041
0.66274512
0.67058825
0.66666669
0.66274512
0.65098041
0.65098041
0.67058825
0.67843139
0.67843139
0.69019610
0.70980394
0.72941178
0.74901962
0.75686276
0.74901962
0.72941178
0.47058824
0.47058824
0.47058824
0.47843137
0.48235294
0.49411765
0.51764709
0.54509807
0.58431375
0.61568630
0.61568630
0.61568630
0.61568630
0.61960787
0.61960787
0.61960787
0.63529414
0.64705884
0.67058825
0.65490198
0.64313728
0.61176473
0.63137257
0.65098041
0.63921571
0.66274512
0.68235296
0.70588237
0.74117649
0.76470590
0.75686276
0.73725492
0.50196081
0.50196081
0.50196081
0.50196081
0.50196081
0.50196081
0.52941179
0.57647061
0.61176473
0.62745100
0.63137257
0.65882355
0.67058825
0.63921571
0.60000002
0.50588238
0.49019608
0.58431375
0.61176473
0.57647061
0.55294120
0.41960785
0.32156864
0.51764709
0.61568630
0.57254905
0.58431375
0.65882355
0.70980394
0.73725492
0.74117649
0.72549021
0.53333336
0.53725493
0.54509807
0.54901963
0.55294120
0.55294120
0.58431375
0.63921571
0.67058825
0.66274512
0.63137257
0.57647061
0.46666667
0.38823530
0.40000001
0.36078432
0.38823530
0.53725493
0.50196081
0.37254903
0.21960784
0.12156863
0.11372549
0.36078432
0.54509807
0.43137255
0.55686277
0.66666669
0.70196080
0.67843139
0.72549021
0.72549021
0.57254905
0.58431375
0.59607846
0.60784316
0.61176473
0.61568630
0.63137257
0.66274512
0.68627453
0.68235296
0.65098041
0.58431375
0.47450981
0.36862746
0.28235295
0.20000000
0.27058825
0.43529412
0.41960785
0.44313726
0.38431373
0.23529412
0.18823530
0.25098041
0.33725491
0.42352942
0.64313728
0.67058825
0.43529412
0.38431373
0.65882355
0.72156864
0.65098041
0.65490198
0.66274512
0.67058825
0.67450982
0.67843139
0.68235296
0.68627453
0.69803923
0.71372551
0.72156864
0.71372551
0.69019610
0.65490198
0.56470591
0.39607844
0.23137255
0.18431373
0.32549021
0.56862748
0.63529414
0.53725493
0.44313726
0.35294119
0.27843139
0.36078432
0.49411765
0.38431373
0.32549021
0.52549022
0.68235296
0.71764708
0.70196080
0.70588237
0.70588237
0.71372551
0.71372551
0.71764708
0.71764708
0.71372551
0.72156864
0.74509805
0.76470590
0.76470590
0.75686276
0.74509805
0.74117649
0.70196080
0.52156866
0.26274511
0.23921569
0.39607844
0.45098040
0.49411765
0.54509807
0.50588238
0.26666668
0.12549020
0.16078432
0.36862746
0.60392159
0.69803923
0.71764708
0.72156864
0.73333335
0.74509805
0.74901962
0.75686276
0.75686276
0.75294119
0.74901962
0.74117649
0.75294119
0.77254903
0.79215688
0.80784315
0.80000001
0.78823531
0.78823531
0.79215688
0.76078433
0.54509807
0.21568628
0.14117648
0.45098040
0.72549021
0.80392158
0.78823531
0.53333336
0.20392157
0.25098041
0.64313728
0.75686276
0.78039217
0.79215688
0.78431374
0.80000001
0.81568629
0.81960785
0.82745099
0.82352942
0.81960785
0.81568629
0.81568629
0.82745099
0.84705883
0.85882354
0.86274511
0.85882354
0.85098040
0.84705883
0.85882354
0.89019608
0.83137256
0.46666667
0.20392157
0.55294120
0.87843138
0.92156863
0.90196079
0.72941178
0.30196080
0.35686275
0.79215688
0.87843138
0.88235295
0.90196079
0.90588236
0.85098040
0.85882354
0.86666667
0.87843138
0.88235295
0.88235295
0.88235295
0.88627452
0.89803922
0.90980393
0.91372550
0.91372550
0.91372550
0.91764706
0.91372550
0.91372550
0.94509804
0.96470588
0.73333335
0.32549021
0.50196081
0.87450981
0.95294118
0.94901961
0.83921570
0.38039216
0.36862746
0.81960785
0.91372550
0.91372550
0.92941177
0.93333334
0.87843138
0.88235295
0.88235295
0.89803922
0.90196079
0.90196079
0.90588236
0.91764706
0.92549020
0.92941177
0.92941177
0.93725491
0.94117647
0.94901961
0.94117647
0.92941177
0.94901961
0.95686275
0.84705883
0.46274510
0.43529412
0.79607844
0.93725491
0.94117647
0.84705883
0.43921569
0.41960785
0.79215688
0.89019608
0.90980393
0.91372550
0.90588236
0.90588236
0.89803922
0.89019608
0.91764706
0.91764706
0.90588236
0.91372550
0.92941177
0.95294118
0.93725491
0.92941177
0.93725491
0.94117647
0.94509804
0.93725491
0.93333334
0.95294118
0.96078432
0.90196079
0.57647061
0.42745098
0.74117649
0.90980393
0.90588236
0.80000001
0.42352942
0.52549022
0.81568629
0.88627452
0.90980393
0.90980393
0.90980393
0.89803922
0.89019608
0.87058824
0.75686276
0.68627453
0.87843138
0.84313726
0.78039217
0.64313728
0.71764708
0.89411765
0.90980393
0.91764706
0.92156863
0.91764706
0.91764706
0.93725491
0.94117647
0.89411765
0.60392159
0.42352942
0.70588237
0.88235295
0.87843138
0.70588237
0.39607844
0.65490198
0.86666667
0.90980393
0.92156863
0.92549020
0.92549020
0.86666667
0.86274511
0.81176472
0.46274510
0.37647060
0.67843139
0.57254905
0.49411765
0.36862746
0.38431373
0.74509805
0.81960785
0.85882354
0.89411765
0.88627452
0.88627452
0.91372550
0.92156863
0.86274511
0.56078434
0.38431373
0.69411767
0.85882354
0.73333335
0.42745098
0.47058824
0.80784315
0.89803922
0.89803922
0.90196079
0.91372550
0.92156863
0.82745099
0.83137256
0.77647060
0.46666667
0.23529412
0.30980393
0.40000001
0.34117648
0.46274510
0.30588236
0.41568628
0.60784316
0.80392158
0.86666667
0.86274511
0.85882354
0.87058824
0.87450981
0.75294119
0.40784314
0.36862746
0.67058825
0.63137257
0.33725491
0.34117648
0.68627453
0.82745099
0.84705883
0.85098040
0.85098040
0.85490197
0.85490197
0.78823531
0.80392158
0.80392158
0.71764708
0.39607844
0.20000000
0.31372550
0.35686275
0.37647060
0.30980393
0.31372550
0.54509807
0.79215688
0.83529413
0.84313726
0.83921570
0.79607844
0.67058825
0.43137255
0.20784314
0.22352941
0.31764707
0.29019609
0.37647060
0.62352943
0.75294119
0.76862746
0.77647060
0.78039217
0.78039217
0.78039217
0.77647060
0.76078433
0.77647060
0.78039217
0.75686276
0.51372552
0.25098041
0.45882353
0.56470591
0.48627451
0.39215687
0.35294119
0.45490196
0.62352943
0.70588237
0.66274512
0.53333336
0.37254903
0.24313726
0.14901961
0.13333334
0.21176471
0.37647060
0.57647061
0.71372551
0.74117649
0.72941178
0.72156864
0.72156864
0.72156864
0.71764708
0.71372551
0.71372551
0.73725492
0.75294119
0.76078433
0.69411767
0.32156864
0.13725491
0.23921569
0.49803922
0.62352943
0.60784316
0.48627451
0.36470589
0.30588236
0.23921569
0.16470589
0.18039216
0.20392157
0.23137255
0.29803923
0.42745098
0.61960787
0.73333335
0.74901962
0.72549021
0.71372551
0.70980394
0.70196080
0.69803923
0.69411767
0.68627453
0.68627453
0.68627453
0.75686276
0.77254903
0.77647060
0.72941178
0.38823530
0.21176471
0.07843138
0.07450981
0.16862746
0.24313726
0.29019609
0.33725491
0.27450982
0.09803922
0.12156863
0.34117648
0.48235294
0.50196081
0.51764709
0.64705884
0.73725492
0.74509805
0.74117649
0.72941178
0.72156864
0.70980394
0.70196080
0.69411767
0.68235296
0.67450982
0.67843139
0.67843139
0.78823531
0.79607844
0.79215688
0.74901962
0.44313726
0.14117648
0.10980392
0.05882353
0.05098039
0.16470589
0.33725491
0.40784314
0.25490198
0.10196079
0.18431373
0.26274511
0.23921569
0.34509805
0.51764709
0.65882355
0.73725492
0.76470590
0.76078433
0.74901962
0.74117649
0.72549021
0.71764708
0.70588237
0.69803923
0.68627453
0.69019610
0.69411767
0.80784315
0.80784315
0.79607844
0.76470590
0.54901963
0.20784314
0.11764706
0.13333334
0.37647060
0.56470591
0.48235294
0.22745098
0.05882353
0.05882353
0.12156863
0.12549020
0.12549020
0.18823530
0.27843139
0.37254903
0.51372552
0.67058825
0.75686276
0.79215688
0.79607844
0.78823531
0.78039217
0.76078433
0.76470590
0.77254903
0.78039217
0.77647060
0.81176472
0.81176472
0.80000001
0.78823531
0.74509805
0.67843139
0.47450981
0.33333334
0.34509805
0.27058825
0.24313726
0.19607843
0.17254902
0.17647059
0.18823530
0.18823530
0.20000000
0.20784314
0.18823530
0.17254902
0.21176471
0.31372550
0.45882353
0.56862748
0.64313728
0.69411767
0.70980394
0.68627453
0.63137257
0.58823532
0.54117650
0.55294120
0.80392158
0.80392158
0.79607844
0.79607844
0.78823531
0.77647060
0.61960787
0.33725491
0.16470589
0.12156863
0.17647059
0.21176471
0.20784314
0.19215687
0.15294118
0.16078432
0.18431373
0.18039216
0.16862746
0.16862746
0.19607843
0.22352941
0.22352941
0.22745098
0.26274511
0.30980393
0.32156864
0.32549021
0.36078432
0.32549021
0.24313726
0.19607843
0.78431374
0.78039217
0.77254903
0.77254903
0.75294119
0.53333336
0.18039216
0.12156863
0.12549020
0.10980392
0.13725491
0.16862746
0.23529412
0.30196080
0.26666668
0.17254902
0.17254902
0.19607843
0.21960784
0.22745098
0.22352941
0.22745098
0.19607843
0.14901961
0.16862746
0.23529412
0.32156864
0.39607844
0.49411765
0.36078432
0.22352941
0.16078432
0.77647060
0.77647060
0.77254903
0.77254903
0.74901962
0.58039218
0.23137255
0.17254902
0.23921569
0.39215687
0.52156866
0.59215689
0.67450982
0.72549021
0.64705884
0.37647060
0.19607843
0.19607843
0.27450982
0.33333334
0.32941177
0.30196080
0.30196080
0.30588236
0.37254903
0.52156866
0.52941179
0.36862746
0.23529412
0.12941177
0.08235294
0.07843138
0.76078433
0.76470590
0.76470590
0.77647060
0.77254903
0.77647060
0.71372551
0.65098041
0.70196080
0.77647060
0.80392158
0.80784315
0.80000001
0.79215688
0.77647060
0.65490198
0.45882353
0.30980393
0.24313726
0.26666668
0.31764707
0.40000001
0.45098040
0.45098040
0.42745098
0.33333334
0.20000000
0.10196079
0.06274510
0.07058824
0.04705882
0.02745098
0.69019610
0.70196080
0.67450982
0.68627453
0.68235296
0.68627453
0.70588237
0.71764708
0.70980394
0.70980394
0.71372551
0.71764708
0.72156864
0.73333335
0.72941178
0.71372551
0.64705884
0.52156866
0.37254903
0.25882354
0.23921569
0.34901962
0.34509805
0.23921569
0.20392157
0.15686275
0.05882353
0.03529412
0.07058824
0.04313726
0.01568628
0.00000000
0.52941179
0.54901963
0.48235294
0.50980395
0.48627451
0.46666667
0.47843137
0.47058824
0.48627451
0.49411765
0.48627451
0.48627451
0.49803922
0.51764709
0.51764709
0.51764709
0.52156866
0.50980395
0.47058824
0.42352942
0.34901962
0.27843139
0.19607843
0.17254902
0.21960784
0.27058825
0.18823530
0.14117648
0.17254902
0.15686275
0.12549020
0.16470589
0.38431373
0.36470589
0.34901962
0.36470589
0.34509805
0.36078432
0.35294119
0.35294119
0.36470589
0.36862746
0.38431373
0.38039216
0.38039216
0.40392157
0.39607844
0.37647060
0.40000001
0.38823530
0.33725491
0.34509805
0.34117648
0.28627452
0.32156864
0.34901962
0.28235295
0.27843139
0.29803923
0.30588236
0.33333334
0.40784314
0.45098040
0.50980395
0.27058825
0.20000000
0.13725491
0.14901961
0.13725491
0.16862746
0.29803923
0.34509805
0.34509805
0.39607844
0.45490196
0.45490196
0.41960785
0.36862746
0.34117648
0.30588236
0.29411766
0.24313726
0.28235295
0.33725491
0.26274511
0.22352941
0.31764707
0.28627452
0.24313726
0.27843139
0.34901962
0.35294119
0.36078432
0.43529412
0.43529412
0.39607844
0.21960784
0.23921569
0.26666668
0.25882354
0.26274511
0.28235295
0.34509805
0.36470589
0.34901962
0.40000001
0.41960785
0.39215687
0.40000001
0.34117648
0.31372550
0.34901962
0.37647060
0.40784314
0.45098040
0.44313726
0.35294119
0.26274511
0.25490198
0.25098041
0.26666668
0.31764707
0.37254903
0.34901962
0.37254903
0.35294119
0.38039216
0.33333334
0.28627452
0.30980393
0.35686275
0.36862746
0.35686275
0.38431373
0.36862746
0.36862746
0.38039216
0.43921569
0.45490196
0.41960785
0.40784314
0.38823530
0.37647060
0.40392157
0.42745098
0.43529412
0.39607844
0.39215687
0.41176471
0.38823530
0.35686275
0.32941177
0.33725491
0.31764707
0.27843139
0.25882354
0.32549021
0.34901962
0.29803923
0.31764707
1 0 0 0 -1 0 0 0 0 0 0
0 1 0 0 -1 0 0 0 0 0 0
0 0 1 0 -1 0 0 0 0 0 0
0 0 0 1 -1 0 0 0 0 0 0
0 0 0 0 -1 1 0 0 0 0 0
0 0 0 0 -1 0 1 0 0 0 0
0 0 0 0 -1 0 0 1 0 0 0
0 0 0 0 -1 0 0 0 1 0 0
0 0 0 0 -1 0 0 0 0 1 0
