0.78823531
0.73333335
0.57254905
0.43921569
0.40000001
0.47450981
0.57254905
0.62352943
0.51372552
0.31764707
0.23137255
0.15294118
0.18039216
0.34901962
0.57254905
0.52156866
0.30196080
0.18039216
0.13333334
0.11764706
0.11764706
0.16862746
0.14117648
0.13725491
0.18039216
0.20000000
0.25490198
0.25490198
0.25882354
0.35294119
0.29411766
0.19215687
0.85098040
0.66666669
0.50980395
0.38823530
0.34509805
0.32549021
0.33725491
0.41568628
0.40392157
0.34117648
0.27450982
0.13333334
0.43137255
0.68235296
0.40784314
0.14901961
0.12549020
0.12549020
0.12549020
0.13333334
0.20000000
0.27843139
0.23529412
0.14901961
0.16470589
0.16470589
0.24313726
0.24705882
0.21568628
0.29019609
0.28235295
0.25098041
0.83529413
0.63921571
0.46274510
0.34509805
0.30588236
0.29803923
0.21568628
0.14901961
0.14509805
0.22745098
0.25098041
0.41176471
0.57254905
0.34901962
0.11764706
0.08235294
0.16078432
0.18431373
0.12549020
0.09411765
0.16862746
0.18431373
0.14117648
0.18039216
0.19215687
0.17647059
0.20392157
0.23529412
0.22352941
0.21176471
0.29411766
0.40784314
0.78823531
0.56862748
0.39215687
0.30588236
0.31372550
0.30196080
0.16470589
0.10196079
0.10980392
0.14901961
0.44705883
0.55686277
0.31372550
0.15686275
0.16862746
0.11372549
0.05882353
0.09803922
0.09803922
0.07843138
0.19607843
0.20000000
0.12549020
0.19215687
0.21568628
0.17254902
0.18431373
0.21568628
0.17647059
0.22745098
0.35294119
0.36862746
0.73725492
0.53333336
0.35686275
0.28627452
0.33333334
0.29019609
0.15686275
0.16862746
0.19607843
0.41568628
0.54509807
0.37647060
0.26274511
0.18039216
0.23921569
0.21176471
0.06274510
0.06274510
0.07843138
0.08627451
0.22352941
0.29019609
0.20784314
0.26274511
0.27843139
0.19215687
0.16078432
0.21568628
0.26274511
0.33725491
0.30980393
0.27058825
0.69019610
0.49019608
0.33725491
0.30980393
0.34901962
0.25490198
0.14509805
0.16470589
0.42745098
0.53333336
0.30588236
0.31764707
0.32941177
0.27450982
0.27058825
0.27450982
0.23529412
0.17647059
0.12156863
0.09803922
0.26666668
0.32549021
0.19215687
0.22745098
0.24313726
0.14509805
0.13725491
0.23921569
0.36862746
0.32549021
0.23137255
0.27843139
0.62352943
0.43921569
0.32156864
0.30980393
0.33333334
0.18039216
0.11764706
0.35686275
0.54509807
0.23921569
0.28627452
0.47843137
0.53333336
0.53333336
0.47843137
0.42745098
0.41176471
0.18823530
0.07058824
0.08235294
0.21960784
0.26274511
0.10980392
0.10588235
0.13725491
0.14117648
0.18431373
0.23529412
0.28627452
0.28627452
0.27058825
0.34117648
0.56470591
0.40392157
0.32941177
0.33725491
0.30588236
0.11372549
0.29019609
0.56862748
0.31372550
0.18039216
0.38823530
0.47843137
0.52549022
0.56470591
0.58039218
0.62745100
0.56078434
0.27450982
0.09411765
0.13333334
0.17647059
0.15686275
0.09411765
0.08235294
0.09803922
0.17254902
0.23921569
0.28235295
0.26666668
0.32156864
0.34509805
0.33725491
0.49019608
0.35686275
0.32941177
0.36862746
0.26666668
0.24705882
0.53333336
0.37647060
0.26274511
0.34901962
0.36078432
0.35294119
0.47843137
0.50196081
0.50196081
0.56862748
0.58039218
0.47843137
0.23137255
0.13725491
0.14509805
0.12549020
0.11372549
0.14509805
0.16078432
0.16470589
0.19607843
0.25490198
0.27058825
0.28627452
0.28627452
0.25490198
0.45490196
0.33725491
0.32941177
0.37647060
0.39215687
0.56862748
0.39607844
0.12156863
0.14509805
0.20000000
0.35686275
0.49411765
0.50588238
0.45098040
0.45490196
0.50196081
0.53725493
0.53333336
0.39215687
0.14509805
0.08627451
0.10980392
0.11764706
0.18039216
0.36078432
0.29411766
0.11372549
0.15686275
0.21176471
0.17647059
0.12941177
0.14509805
0.43921569
0.33725491
0.32549021
0.38823530
0.56470591
0.46666667
0.14901961
0.07843138
0.11764706
0.12549020
0.38431373
0.56862748
0.47058824
0.41568628
0.44313726
0.49411765
0.51764709
0.54117650
0.50980395
0.37647060
0.21568628
0.13725491
0.13333334
0.11764706
0.23921569
0.27450982
0.14901961
0.12156863
0.13333334
0.10980392
0.06666667
0.13725491
0.42352942
0.34509805
0.34901962
0.47843137
0.50196081
0.21176471
0.07843138
0.07450981
0.12941177
0.17254902
0.37647060
0.55294120
0.50980395
0.40392157
0.41960785
0.46666667
0.47058824
0.50980395
0.53725493
0.56470591
0.47450981
0.25882354
0.18823530
0.15294118
0.13333334
0.18823530
0.16470589
0.19215687
0.16470589
0.12549020
0.10588235
0.24705882
0.40392157
0.36078432
0.41176471
0.54117650
0.39215687
0.18039216
0.14117648
0.11764706
0.15686275
0.16470589
0.37254903
0.60000002
0.59607846
0.49411765
0.47450981
0.50196081
0.51764709
0.56470591
0.62745100
0.61176473
0.57254905
0.46274510
0.24705882
0.14117648
0.11372549
0.12941177
0.17254902
0.20784314
0.18039216
0.19215687
0.24705882
0.30588236
0.40392157
0.39607844
0.44313726
0.47450981
0.26274511
0.12941177
0.07058824
0.13333334
0.24705882
0.21960784
0.41176471
0.58039218
0.56470591
0.50196081
0.50196081
0.55294120
0.59215689
0.63137257
0.63529414
0.58431375
0.45882353
0.47450981
0.32941177
0.14901961
0.25490198
0.26274511
0.23529412
0.19607843
0.18823530
0.21176471
0.25882354
0.14117648
0.41960785
0.41176471
0.43137255
0.33333334
0.19607843
0.21960784
0.20000000
0.23137255
0.35686275
0.26274511
0.34509805
0.51372552
0.48627451
0.41568628
0.47450981
0.54117650
0.57647061
0.57254905
0.54509807
0.52941179
0.46666667
0.42352942
0.39215687
0.28235295
0.40392157
0.53333336
0.35686275
0.12549020
0.11372549
0.18039216
0.19215687
0.24705882
0.43921569
0.37647060
0.38039216
0.27058825
0.27058825
0.38431373
0.44313726
0.40784314
0.30588236
0.24705882
0.31764707
0.49411765
0.47450981
0.39215687
0.43529412
0.49803922
0.54117650
0.49803922
0.47058824
0.47058824
0.40392157
0.30980393
0.34117648
0.37647060
0.38823530
0.41960785
0.27450982
0.09019608
0.09019608
0.13333334
0.14509805
0.30588236
0.36078432
0.28627452
0.34901962
0.33333334
0.34901962
0.34901962
0.31764707
0.29019609
0.23137255
0.20784314
0.29803923
0.43921569
0.47450981
0.44313726
0.41960785
0.47058824
0.47843137
0.46274510
0.41176471
0.44313726
0.45490196
0.38039216
0.31764707
0.39215687
0.42352942
0.25490198
0.16862746
0.17254902
0.14117648
0.15294118
0.15294118
0.18823530
0.27450982
0.31764707
0.48235294
0.62745100
0.69019610
0.53725493
0.34509805
0.21960784
0.19215687
0.22352941
0.28627452
0.37647060
0.43137255
0.45882353
0.45098040
0.44705883
0.43921569
0.42745098
0.43137255
0.43921569
0.43529412
0.44705883
0.45882353
0.34901962
0.30980393
0.26666668
0.16862746
0.15294118
0.19215687
0.18039216
0.20000000
0.15294118
0.27843139
0.37254903
0.60392159
0.78039217
0.77647060
0.60784316
0.55686277
0.49803922
0.36470589
0.26666668
0.24313726
0.30980393
0.38823530
0.43529412
0.43137255
0.36862746
0.36078432
0.35686275
0.36078432
0.39215687
0.40000001
0.37647060
0.42352942
0.38039216
0.16862746
0.15294118
0.19607843
0.30980393
0.39215687
0.33333334
0.23921569
0.22352941
0.26274511
0.32156864
0.35686275
0.38431373
0.34901962
0.34901962
0.42745098
0.51372552
0.65098041
0.56862748
0.28627452
0.19607843
0.29411766
0.39607844
0.38039216
0.32549021
0.29411766
0.31764707
0.32156864
0.32549021
0.34117648
0.37647060
0.37647060
0.33725491
0.24313726
0.20000000
0.23529412
0.49411765
0.51764709
0.54901963
0.53333336
0.60784316
0.28627452
0.36078432
0.30196080
0.21568628
0.26666668
0.35294119
0.33725491
0.23921569
0.32941177
0.40392157
0.18431373
0.20000000
0.35294119
0.39607844
0.41568628
0.32156864
0.28627452
0.25490198
0.27450982
0.31372550
0.30588236
0.29019609
0.31764707
0.30588236
0.26274511
0.22352941
0.20000000
0.24313726
0.29411766
0.23921569
0.25882354
0.40392157
0.31764707
0.51372552
0.52549022
0.25490198
0.34901962
0.50588238
0.50196081
0.37647060
0.26274511
0.32941177
0.38431373
0.54509807
0.61568630
0.55686277
0.45882353
0.35294119
0.28627452
0.25098041
0.25098041
0.27058825
0.30588236
0.28235295
0.23921569
0.25490198
0.24313726
0.22352941
0.17647059
0.16078432
0.28235295
0.20784314
0.12549020
0.14509805
0.32156864
0.50588238
0.60784316
0.56862748
0.59607846
0.67058825
0.72156864
0.72549021
0.72549021
0.74901962
0.73725492
0.58431375
0.39215687
0.37254903
0.38431373
0.35686275
0.31372550
0.25882354
0.22745098
0.22352941
0.23529412
0.24313726
0.23137255
0.18039216
0.19607843
0.27450982
0.18039216
0.15294118
0.23529412
0.20000000
0.12549020
0.09411765
0.30588236
0.39215687
0.51372552
0.58823532
0.67450982
0.72941178
0.79215688
0.77647060
0.74117649
0.76470590
0.72156864
0.69019610
0.61568630
0.48235294
0.41176471
0.44705883
0.42745098
0.30588236
0.24313726
0.24313726
0.32156864
0.35294119
0.24705882
0.12156863
0.10980392
0.16862746
0.20000000
0.24313726
0.21960784
0.17647059
0.17647059
0.16078432
0.38823530
0.60000002
0.62352943
0.44705883
0.38039216
0.33333334
0.36470589
0.36862746
0.39215687
0.41960785
0.43137255
0.54509807
0.62352943
0.53725493
0.57254905
0.55294120
0.43529412
0.34117648
0.50196081
0.46666667
0.50980395
0.48627451
0.31372550
0.15686275
0.13333334
0.10980392
0.13725491
0.27843139
0.27450982
0.25882354
0.34509805
0.20000000
0.38039216
0.46666667
0.44705883
0.47058824
0.50980395
0.40392157
0.40000001
0.42745098
0.59215689
0.57647061
0.54901963
0.55294120
0.51372552
0.40784314
0.45490196
0.55294120
0.56862748
0.52941179
0.67450982
0.60784316
0.48235294
0.21568628
0.20784314
0.24705882
0.19607843
0.14901961
0.16078432
0.14117648
0.29019609
0.28235295
0.21176471
0.14509805
0.24313726
0.27058825
0.38039216
0.49803922
0.63529414
0.72156864
0.72549021
0.71764708
0.64705884
0.61176473
0.72156864
0.66666669
0.55294120
0.38431373
0.35294119
0.44313726
0.62352943
0.70980394
0.72941178
0.63921571
0.40784314
0.30196080
0.32156864
0.45098040
0.41568628
0.25490198
0.19215687
0.17254902
0.23137255
0.30196080
0.20000000
0.19215687
0.19607843
0.29019609
0.41176471
0.52156866
0.60000002
0.60392159
0.66274512
0.63921571
0.58039218
0.62745100
0.72156864
0.59215689
0.46666667
0.45490196
0.39607844
0.36470589
0.46274510
0.63529414
0.71372551
0.53725493
0.28235295
0.52549022
0.68627453
0.70196080
0.70980394
0.36862746
0.15294118
0.23529412
0.17647059
0.19215687
0.19607843
0.16078432
0.23529412
0.43921569
0.44313726
0.52156866
0.58823532
0.59215689
0.61960787
0.58431375
0.65882355
0.62745100
0.51764709
0.50588238
0.41176471
0.39607844
0.44313726
0.38431373
0.35686275
0.46666667
0.61960787
0.54509807
0.31372550
0.48235294
0.66666669
0.63529414
0.48235294
0.20392157
0.17647059
0.22352941
0.13725491
0.10588235
0.14509805
0.10980392
0.32156864
0.50196081
0.45490196
0.46274510
0.60000002
0.63921571
0.60784316
0.60392159
0.58431375
0.41960785
0.25882354
0.27450982
0.34509805
0.40784314
0.43921569
0.38823530
0.40784314
0.45882353
0.49411765
0.66666669
0.53725493
0.43921569
0.50196081
0.56862748
0.30588236
0.10588235
0.19215687
0.19607843
0.23529412
0.20784314
0.18431373
0.12549020
0.21176471
0.25490198
0.34901962
0.29803923
0.31764707
0.44705883
0.47058824
0.44313726
0.44705883
0.41960785
0.30588236
0.27058825
0.39607844
0.49019608
0.50196081
0.41960785
0.44313726
0.46274510
0.55686277
0.72549021
0.71372551
0.52156866
0.50980395
0.46274510
0.30980393
0.17647059
0.23137255
0.30196080
0.49803922
0.32156864
0.13725491
0.06274510
0.34509805
0.43137255
0.48235294
0.40000001
0.25490198
0.38431373
0.38431373
0.36078432
0.42745098
0.48235294
0.51372552
0.48235294
0.49411765
0.45098040
0.37254903
0.31372550
0.30588236
0.33725491
0.38039216
0.57647061
0.78823531
0.67450982
0.58823532
0.43921569
0.24313726
0.27450982
0.46274510
0.49803922
0.30980393
0.16078432
0.09803922
0.04313726
0.80784315
0.70588237
0.56078434
0.47843137
0.45882353
0.50196081
0.57647061
0.62352943
0.54509807
0.37254903
0.25882354
0.15294118
0.14509805
0.30588236
0.54117650
0.49803922
0.29019609
0.19215687
0.16862746
0.16862746
0.18431373
0.26666668
0.25882354
0.26666668
0.30980393
0.32549021
0.38823530
0.41960785
0.44705883
0.52549022
0.42745098
0.26274511
0.82352942
0.62352943
0.48235294
0.40000001
0.38039216
0.34901962
0.33333334
0.41176471
0.42745098
0.40784314
0.35686275
0.14509805
0.35686275
0.60000002
0.38039216
0.16078432
0.15294118
0.17647059
0.20392157
0.23921569
0.32156864
0.41568628
0.37254903
0.27450982
0.27450982
0.25882354
0.31372550
0.37254903
0.42745098
0.45882353
0.30588236
0.18039216
0.78823531
0.60392159
0.44705883
0.34901962
0.33333334
0.32156864
0.21176471
0.13725491
0.16470589
0.29019609
0.33333334
0.44705883
0.55294120
0.32941177
0.13333334
0.12549020
0.21176471
0.25490198
0.22352941
0.22352941
0.30196080
0.27843139
0.22352941
0.24705882
0.24313726
0.20784314
0.23529412
0.32549021
0.38039216
0.31764707
0.24705882
0.28235295
0.74509805
0.56078434
0.40784314
0.33333334
0.34509805
0.32941177
0.15294118
0.08235294
0.12549020
0.20000000
0.47843137
0.61568630
0.42352942
0.27450982
0.25882354
0.16470589
0.10196079
0.16078432
0.19215687
0.20000000
0.32549021
0.30588236
0.22352941
0.29019609
0.32156864
0.27843139
0.27058825
0.29411766
0.24313726
0.24313726
0.30588236
0.28627452
0.69803923
0.54901963
0.40392157
0.33333334
0.36862746
0.30588236
0.13725491
0.14509805
0.20784314
0.45098040
0.56078434
0.46274510
0.44313726
0.38039216
0.39607844
0.32156864
0.13725491
0.10196079
0.12549020
0.18039216
0.37254903
0.46666667
0.37647060
0.43529412
0.45490196
0.37647060
0.31372550
0.29803923
0.26666668
0.30588236
0.29019609
0.25490198
0.64313728
0.50980395
0.39215687
0.36078432
0.37254903
0.24705882
0.12549020
0.14901961
0.43137255
0.56078434
0.35294119
0.40000001
0.45490196
0.42352942
0.42745098
0.45490196
0.37254903
0.20000000
0.10196079
0.16078432
0.42352942
0.51764709
0.35686275
0.35686275
0.36862746
0.28235295
0.28235295
0.32549021
0.37254903
0.29411766
0.23137255
0.30980393
0.59215689
0.46666667
0.37254903
0.36078432
0.34901962
0.16470589
0.10980392
0.36078432
0.55294120
0.25882354
0.31372550
0.50588238
0.56470591
0.57647061
0.53333336
0.50980395
0.48627451
0.21960784
0.08235294
0.11372549
0.29019609
0.37647060
0.20784314
0.19215687
0.23529412
0.27450982
0.33333334
0.34901962
0.33333334
0.30588236
0.31372550
0.43137255
0.55686277
0.44313726
0.38431373
0.38039216
0.31372550
0.09411765
0.29803923
0.60000002
0.33725491
0.18431373
0.37647060
0.43921569
0.46274510
0.50196081
0.53333336
0.58823532
0.54509807
0.30588236
0.13725491
0.14117648
0.16862746
0.19215687
0.13725491
0.13333334
0.19215687
0.31764707
0.39607844
0.41568628
0.35686275
0.39607844
0.43921569
0.47058824
0.50980395
0.40784314
0.38823530
0.41568628
0.26666668
0.22352941
0.56470591
0.43921569
0.30196080
0.34509805
0.32549021
0.27450982
0.36862746
0.39607844
0.43137255
0.50588238
0.52941179
0.48235294
0.25882354
0.14117648
0.12941177
0.15294118
0.15294118
0.19607843
0.25490198
0.31372550
0.34117648
0.38039216
0.38431373
0.40000001
0.41176471
0.39215687
0.49411765
0.40000001
0.39215687
0.41960785
0.38431373
0.54901963
0.44705883
0.21176471
0.19607843
0.19215687
0.30980393
0.40392157
0.39215687
0.36862746
0.43921569
0.49803922
0.50588238
0.50196081
0.37647060
0.16470589
0.13725491
0.18823530
0.19215687
0.25490198
0.46666667
0.43921569
0.23529412
0.25490198
0.32549021
0.30196080
0.25098041
0.28627452
0.47058824
0.40784314
0.40392157
0.43921569
0.56078434
0.46666667
0.23529412
0.21568628
0.21568628
0.16862746
0.40392157
0.52156866
0.40392157
0.40000001
0.45490196
0.50196081
0.49411765
0.46274510
0.42352942
0.33725491
0.26274511
0.26666668
0.25490198
0.22352941
0.36470589
0.43529412
0.26666668
0.20000000
0.22352941
0.22352941
0.20392157
0.29803923
0.43529412
0.40392157
0.42352942
0.51764709
0.49411765
0.22352941
0.18039216
0.22745098
0.25882354
0.26666668
0.46666667
0.54901963
0.48627451
0.43529412
0.42745098
0.44705883
0.42745098
0.40000001
0.40000001
0.45882353
0.44313726
0.33725491
0.30196080
0.27843139
0.28235295
0.34901962
0.29019609
0.26274511
0.23529412
0.22745098
0.26274511
0.40392157
0.41568628
0.39215687
0.44313726
0.54117650
0.37254903
0.19607843
0.21960784
0.23529412
0.25882354
0.24705882
0.46274510
0.60000002
0.56862748
0.52549022
0.48235294
0.47450981
0.46274510
0.45882353
0.49019608
0.49411765
0.47843137
0.40392157
0.27450982
0.25882354
0.26274511
0.25098041
0.27843139
0.29019609
0.24705882
0.28627452
0.38823530
0.43137255
0.41568628
0.40000001
0.45882353
0.48235294
0.27058825
0.17254902
0.14509805
0.23529412
0.34117648
0.31372550
0.51372552
0.58823532
0.54117650
0.53333336
0.51372552
0.51764709
0.53725493
0.54117650
0.51764709
0.46274510
0.32549021
0.31764707
0.27058825
0.20784314
0.36470589
0.34901962
0.32549021
0.28235295
0.25098041
0.29019609
0.37647060
0.25490198
0.42745098
0.41960785
0.47843137
0.42352942
0.29803923
0.32549021
0.30980393
0.34509805
0.47450981
0.39607844
0.46274510
0.52156866
0.46274510
0.45098040
0.48627451
0.50980395
0.53333336
0.51764709
0.47450981
0.43921569
0.35294119
0.29411766
0.28627452
0.23921569
0.42745098
0.60392159
0.46274510
0.21568628
0.17254902
0.24313726
0.27843139
0.36078432
0.45098040
0.40392157
0.47450981
0.43529412
0.44313726
0.52549022
0.58039218
0.54509807
0.45490196
0.41176471
0.44705883
0.50588238
0.44705883
0.41568628
0.45098040
0.48235294
0.51764709
0.47843137
0.43529412
0.40000001
0.32549021
0.24313726
0.23137255
0.24705882
0.32941177
0.47450981
0.37254903
0.16470589
0.14117648
0.18431373
0.21176471
0.40784314
0.39607844
0.35686275
0.44705883
0.43529412
0.40392157
0.38039216
0.41568628
0.44313726
0.38431373
0.34509805
0.43137255
0.48235294
0.44705883
0.41960785
0.42352942
0.47450981
0.47450981
0.45490196
0.38039216
0.36862746
0.36470589
0.32156864
0.22745098
0.26666668
0.31764707
0.20392157
0.16078432
0.21960784
0.21568628
0.19215687
0.18039216
0.27450982
0.26666668
0.33725491
0.49019608
0.60392159
0.61960787
0.46666667
0.37254903
0.32549021
0.30980393
0.33333334
0.43921569
0.47450981
0.43137255
0.43137255
0.44705883
0.45490196
0.43921569
0.42352942
0.40392157
0.36470589
0.33725491
0.36470589
0.36078432
0.23921569
0.21176471
0.20392157
0.20392157
0.29411766
0.33333334
0.21960784
0.17254902
0.16078432
0.25882354
0.35294119
0.56470591
0.72156864
0.68627453
0.51372552
0.52549022
0.53333336
0.43137255
0.36078432
0.41960785
0.45490196
0.43921569
0.43529412
0.42745098
0.36862746
0.36078432
0.36078432
0.34901962
0.34117648
0.31372550
0.27058825
0.30980393
0.27450982
0.10588235
0.14117648
0.25882354
0.45098040
0.52549022
0.34901962
0.18039216
0.18039216
0.30588236
0.35294119
0.38431373
0.41960785
0.34901962
0.31372550
0.41960785
0.54117650
0.70196080
0.64705884
0.42352942
0.32156864
0.35686275
0.42352942
0.38823530
0.32549021
0.29803923
0.32941177
0.32156864
0.29411766
0.27843139
0.28235295
0.27843139
0.25882354
0.21176471
0.21568628
0.20392157
0.48627451
0.55294120
0.53333336
0.50588238
0.60784316
0.32156864
0.39607844
0.36862746
0.32941177
0.38431373
0.44313726
0.41960785
0.31372550
0.39215687
0.46274510
0.24313726
0.25490198
0.40000001
0.43529412
0.43921569
0.32549021
0.28235295
0.27058825
0.29019609
0.30196080
0.26666668
0.22745098
0.24705882
0.24705882
0.24705882
0.25490198
0.19215687
0.26666668
0.36470589
0.25490198
0.25882354
0.42352942
0.32549021
0.53333336
0.58039218
0.36470589
0.49411765
0.66274512
0.63921571
0.48235294
0.33333334
0.36470589
0.36470589
0.53333336
0.63137257
0.57254905
0.45882353
0.36078432
0.30980393
0.26666668
0.25882354
0.26274511
0.29019609
0.25882354
0.20392157
0.22745098
0.24705882
0.26274511
0.29411766
0.34117648
0.43529412
0.25882354
0.12156863
0.13725491
0.36470589
0.56470591
0.67450982
0.63921571
0.68235296
0.76470590
0.80392158
0.78039217
0.75294119
0.74509805
0.68627453
0.53725493
0.36078432
0.32941177
0.30980393
0.36078432
0.39215687
0.29803923
0.23529412
0.21960784
0.22745098
0.22745098
0.21176471
0.16862746
0.20392157
0.30980393
0.31372550
0.32156864
0.33725491
0.23137255
0.11764706
0.07450981
0.36470589
0.44313726
0.55686277
0.62745100
0.71372551
0.76862746
0.82745099
0.80000001
0.74509805
0.76470590
0.73333335
0.65490198
0.52156866
0.37647060
0.32941177
0.44705883
0.50588238
0.40392157
0.32549021
0.27058825
0.30588236
0.32549021
0.21960784
0.09803922
0.09803922
0.17647059
0.23137255
0.31372550
0.31764707
0.25490198
0.18823530
0.14117648
0.43921569
0.62745100
0.63529414
0.45882353
0.40784314
0.37647060
0.40784314
0.41176471
0.43137255
0.47058824
0.51372552
0.54509807
0.51764709
0.41960785
0.52549022
0.56078434
0.49411765
0.46274510
0.62352943
0.51372552
0.50196081
0.51372552
0.35686275
0.20000000
0.18823530
0.16862746
0.15686275
0.33725491
0.45098040
0.45882353
0.46666667
0.25882354
0.41568628
0.49411765
0.47450981
0.51372552
0.55686277
0.44705883
0.44705883
0.48235294
0.65882355
0.65882355
0.64705884
0.58823532
0.47450981
0.37254903
0.47843137
0.59607846
0.60784316
0.59215689
0.74117649
0.64313728
0.51372552
0.30588236
0.31764707
0.36470589
0.32156864
0.27843139
0.23137255
0.23529412
0.49411765
0.52156866
0.41176471
0.28627452
0.28627452
0.33333334
0.47058824
0.62352943
0.74509805
0.79607844
0.80784315
0.81176472
0.76470590
0.73333335
0.78823531
0.72941178
0.63529414
0.48235294
0.45882353
0.52549022
0.65098041
0.67058825
0.67450982
0.64313728
0.46666667
0.35686275
0.38039216
0.52156866
0.50196081
0.34509805
0.26666668
0.23921569
0.32156864
0.41960785
0.33725491
0.32549021
0.25098041
0.38431373
0.53333336
0.65490198
0.71764708
0.70196080
0.77254903
0.76470590
0.72549021
0.76078433
0.78431374
0.68627453
0.62352943
0.62352943
0.52941179
0.45098040
0.47058824
0.54901963
0.59215689
0.48627451
0.30196080
0.56078434
0.72549021
0.74901962
0.75686276
0.40784314
0.16470589
0.26666668
0.23529412
0.23137255
0.24705882
0.23529412
0.30588236
0.54509807
0.56470591
0.63529414
0.68627453
0.68627453
0.73725492
0.72156864
0.80392158
0.76078433
0.62352943
0.64705884
0.59607846
0.56078434
0.55686277
0.47843137
0.41960785
0.45098040
0.56470591
0.51764709
0.33725491
0.56078434
0.76470590
0.72156864
0.54117650
0.21960784
0.12941177
0.22352941
0.20392157
0.12156863
0.12549020
0.12549020
0.41568628
0.63529414
0.60784316
0.60392159
0.72549021
0.77254903
0.75294119
0.76078433
0.74509805
0.57647061
0.41568628
0.44705883
0.52549022
0.55294120
0.52549022
0.50588238
0.54509807
0.52941179
0.52549022
0.70980394
0.61176473
0.55294120
0.62352943
0.67058825
0.36470589
0.11372549
0.14509805
0.18823530
0.26666668
0.18039216
0.13333334
0.10980392
0.32941177
0.41568628
0.52941179
0.47058824
0.48235294
0.60784316
0.63137257
0.60784316
0.61176473
0.57647061
0.46274510
0.43529412
0.55294120
0.61568630
0.58431375
0.52156866
0.54901963
0.52156866
0.58039218
0.74117649
0.74901962
0.61568630
0.62745100
0.56862748
0.37254903
0.18823530
0.24313726
0.37647060
0.58039218
0.32941177
0.12941177
0.07450981
0.46274510
0.58823532
0.65882355
0.56862748
0.41568628
0.53725493
0.53333336
0.49803922
0.56078434
0.61176473
0.62745100
0.59215689
0.60000002
0.54509807
0.45882353
0.38823530
0.36862746
0.37647060
0.38823530
0.56470591
0.77647060
0.70196080
0.65098041
0.51372552
0.30588236
0.29803923
0.52549022
0.62352943
0.41568628
0.17647059
0.11372549
0.07843138
0.65098041
0.51764709
0.33725491
0.22745098
0.22352941
0.30588236
0.40392157
0.47450981
0.40392157
0.24313726
0.16862746
0.08235294
0.09803922
0.27450982
0.51372552
0.47450981
0.24705882
0.10980392
0.06274510
0.07450981
0.10980392
0.17647059
0.09803922
0.05098039
0.09019608
0.14509805
0.25098041
0.21960784
0.13725491
0.20000000
0.18823530
0.12156863
0.67450982
0.42352942
0.25882354
0.17647059
0.17254902
0.16470589
0.18823530
0.29411766
0.31372550
0.27843139
0.23529412
0.06274510
0.32549021
0.59607846
0.37254903
0.13725491
0.10196079
0.08235294
0.06274510
0.06274510
0.14509805
0.25882354
0.18823530
0.05490196
0.05490196
0.07450981
0.20000000
0.17647059
0.05098039
0.07843138
0.10196079
0.12549020
0.63529414
0.38039216
0.20784314
0.14901961
0.14509805
0.14901961
0.09803922
0.06666667
0.08235294
0.16470589
0.20784314
0.34901962
0.48235294
0.27058825
0.07450981
0.06274510
0.14509805
0.16078432
0.08235294
0.02352941
0.09019608
0.14901961
0.10196079
0.10980392
0.10980392
0.09803922
0.17647059
0.20000000
0.10980392
0.05882353
0.16078432
0.29803923
0.58039218
0.30980393
0.15294118
0.14117648
0.17647059
0.16470589
0.07450981
0.05098039
0.06274510
0.09411765
0.38039216
0.50196081
0.27843139
0.11372549
0.09803922
0.05098039
0.03921569
0.08627451
0.08627451
0.03137255
0.11764706
0.14117648
0.07450981
0.14509805
0.17254902
0.12941177
0.15294118
0.17254902
0.09803922
0.12549020
0.25490198
0.27450982
0.52549022
0.28627452
0.13725491
0.13725491
0.20392157
0.14901961
0.06274510
0.11372549
0.14509805
0.34117648
0.45098040
0.32941177
0.25490198
0.15686275
0.15294118
0.14117648
0.04705882
0.04313726
0.05098039
0.05098039
0.17647059
0.23529412
0.15294118
0.22352941
0.24705882
0.16078432
0.11764706
0.14901961
0.17254902
0.23921569
0.21176471
0.18431373
0.46666667
0.25490198
0.12549020
0.14901961
0.20784314
0.11764706
0.04313726
0.09411765
0.35294119
0.43921569
0.21176471
0.25882354
0.30588236
0.23921569
0.19607843
0.23921569
0.23529412
0.13333334
0.05490196
0.05098039
0.23921569
0.30980393
0.16470589
0.18039216
0.20000000
0.11372549
0.12549020
0.20392157
0.28627452
0.23137255
0.15686275
0.22745098
0.39607844
0.21176471
0.11764706
0.14509805
0.19607843
0.07450981
0.04313726
0.30588236
0.49411765
0.17647059
0.21568628
0.41960785
0.48235294
0.47450981
0.39607844
0.37254903
0.38823530
0.14901961
0.02352941
0.01960784
0.15686275
0.22745098
0.07058824
0.05882353
0.10196079
0.12941177
0.19607843
0.22745098
0.23529412
0.21568628
0.21568628
0.31764707
0.33333334
0.18431373
0.13333334
0.16470589
0.17647059
0.03921569
0.24313726
0.54509807
0.29411766
0.14901961
0.34117648
0.41568628
0.44705883
0.48627451
0.50588238
0.56470591
0.52156866
0.25098041
0.06274510
0.05490196
0.07843138
0.10196079
0.04313726
0.03137255
0.06666667
0.16862746
0.25490198
0.29019609
0.23921569
0.27450982
0.30588236
0.29019609
0.25098041
0.14901961
0.14509805
0.19607843
0.14117648
0.18039216
0.49411765
0.36078432
0.25098041
0.32941177
0.32549021
0.28235295
0.38431373
0.41960785
0.46666667
0.55294120
0.56078434
0.45098040
0.19215687
0.07058824
0.06274510
0.07843138
0.06274510
0.08627451
0.11372549
0.14117648
0.20000000
0.25882354
0.25490198
0.25098041
0.24705882
0.17647059
0.21176471
0.14117648
0.15686275
0.20000000
0.25490198
0.49411765
0.34509805
0.09803922
0.12549020
0.17647059
0.32156864
0.41176471
0.40000001
0.38823530
0.47843137
0.56078434
0.56078434
0.49411765
0.32156864
0.09411765
0.05882353
0.08627451
0.07450981
0.11764706
0.29019609
0.23921569
0.09019608
0.14509805
0.19215687
0.14117648
0.06666667
0.07843138
0.21176471
0.13725491
0.12941177
0.22352941
0.44705883
0.38823530
0.09411765
0.04313726
0.09019608
0.09803922
0.34901962
0.51764709
0.41568628
0.39607844
0.49019608
0.58431375
0.56078434
0.47450981
0.37647060
0.25490198
0.14509805
0.11372549
0.09803922
0.06274510
0.18431373
0.23921569
0.10980392
0.09411765
0.10980392
0.06274510
0.02352941
0.12941177
0.20784314
0.13725491
0.13333334
0.32941177
0.41960785
0.12941177
0.02745098
0.03921569
0.09019608
0.13333334
0.33725491
0.52549022
0.50588238
0.41568628
0.45882353
0.52549022
0.47843137
0.40000001
0.34901962
0.36862746
0.32156864
0.18431373
0.13725491
0.10588235
0.10196079
0.16078432
0.10196079
0.14117648
0.13333334
0.06274510
0.07843138
0.26274511
0.18823530
0.16078432
0.20000000
0.40000001
0.30980393
0.10196079
0.07843138
0.06666667
0.09019608
0.08235294
0.29411766
0.55686277
0.58823532
0.50588238
0.50196081
0.50980395
0.45098040
0.41568628
0.42352942
0.41568628
0.40000001
0.31372550
0.14509805
0.08235294
0.05098039
0.03529412
0.06666667
0.13725491
0.12156863
0.09803922
0.18039216
0.29019609
0.18823530
0.19215687
0.23137255
0.32941177
0.17647059
0.04705882
0.00784314
0.07058824
0.14117648
0.08627451
0.28627452
0.50980395
0.55294120
0.51372552
0.51764709
0.52156866
0.48627451
0.47058824
0.43921569
0.40000001
0.28235295
0.27843139
0.18039216
0.06274510
0.16078432
0.12941177
0.10588235
0.11764706
0.11764706
0.09411765
0.16470589
0.12156863
0.20000000
0.20784314
0.21568628
0.18039216
0.09803922
0.12549020
0.11764706
0.12941177
0.20392157
0.07450981
0.17254902
0.41960785
0.46666667
0.42745098
0.47843137
0.51764709
0.50588238
0.45490196
0.39607844
0.37647060
0.30980393
0.25098041
0.22352941
0.13725491
0.28627452
0.43529412
0.26666668
0.06666667
0.05490196
0.07058824
0.09411765
0.23529412
0.23137255
0.18431373
0.16862746
0.10588235
0.16470589
0.27843139
0.33725491
0.27058825
0.12549020
0.02352941
0.11764706
0.38039216
0.44705883
0.39607844
0.43529412
0.49803922
0.52549022
0.44313726
0.37254903
0.33725491
0.26666668
0.17254902
0.17254902
0.19607843
0.25490198
0.36470589
0.21568628
0.04705882
0.05098039
0.04313726
0.06274510
0.29411766
0.20000000
0.14117648
0.21176471
0.21960784
0.24705882
0.24313726
0.21568628
0.18039216
0.08627451
0.03137255
0.12549020
0.30980393
0.41176471
0.41960785
0.41176471
0.47058824
0.49019608
0.45490196
0.35294119
0.31372550
0.29019609
0.24313726
0.16470589
0.21176471
0.25490198
0.11764706
0.05098039
0.11372549
0.12941177
0.10980392
0.09411765
0.16078432
0.11764706
0.16862746
0.34117648
0.49803922
0.54117650
0.38431373
0.25098041
0.14901961
0.08235294
0.05882353
0.12156863
0.24705882
0.34901962
0.42352942
0.43529412
0.43921569
0.43921569
0.42352942
0.38431373
0.31372550
0.25490198
0.29019609
0.29803923
0.19215687
0.16470589
0.15294118
0.10588235
0.16862746
0.23921569
0.17254902
0.13725491
0.09411765
0.12941177
0.21176471
0.43921569
0.63921571
0.59607846
0.40784314
0.46274510
0.45882353
0.27058825
0.09803922
0.09019608
0.19215687
0.30980393
0.39607844
0.41568628
0.34901962
0.34117648
0.34117648
0.31764707
0.27843139
0.22745098
0.19215687
0.25490198
0.24313726
0.08627451
0.12549020
0.19215687
0.34901962
0.45882353
0.33333334
0.17647059
0.16078432
0.14509805
0.18039216
0.22745098
0.29411766
0.21960784
0.17254902
0.31764707
0.44705883
0.56470591
0.43921569
0.16862746
0.09803922
0.22352941
0.35686275
0.36078432
0.28627452
0.25098041
0.29019609
0.27450982
0.22745098
0.18823530
0.20392157
0.21960784
0.21960784
0.18039216
0.18431373
0.16470589
0.43137255
0.51764709
0.52549022
0.49019608
0.57254905
0.12941177
0.19215687
0.16862746
0.14509805
0.21176471
0.25882354
0.21176471
0.10588235
0.23529412
0.34117648
0.11764706
0.13333334
0.29411766
0.35686275
0.39215687
0.27058825
0.21960784
0.21960784
0.23529412
0.22745098
0.17647059
0.14901961
0.17647059
0.18039216
0.17254902
0.17254902
0.11372549
0.18431373
0.30196080
0.21568628
0.20784314
0.36078432
0.12549020
0.30196080
0.35294119
0.16470589
0.29803923
0.41960785
0.33725491
0.18431373
0.14117648
0.28235295
0.33725491
0.49019608
0.56862748
0.50196081
0.39607844
0.27843139
0.21568628
0.20392157
0.20392157
0.19215687
0.20000000
0.17254902
0.13333334
0.15686275
0.14509805
0.12549020
0.11372549
0.15294118
0.29411766
0.18039216
0.07843138
0.09803922
0.14509805
0.29411766
0.41568628
0.43529412
0.50196081
0.55686277
0.58039218
0.58823532
0.63921571
0.70980394
0.69019610
0.52941179
0.32941177
0.27843139
0.25098041
0.25098041
0.25098041
0.20000000
0.16862746
0.14117648
0.13333334
0.13333334
0.16078432
0.13725491
0.13333334
0.16470589
0.08235294
0.07058824
0.14509805
0.12549020
0.10588235
0.09019608
0.10980392
0.21960784
0.34117648
0.40000001
0.54901963
0.68235296
0.72941178
0.71372551
0.69803923
0.74117649
0.69019610
0.61568630
0.49411765
0.34901962
0.29019609
0.32941177
0.34117648
0.26274511
0.20392157
0.16078432
0.18823530
0.21176471
0.15294118
0.06666667
0.05098039
0.07450981
0.06666667
0.10980392
0.10980392
0.09411765
0.10588235
0.10980392
0.23529412
0.52941179
0.54901963
0.30196080
0.23529412
0.24313726
0.26666668
0.25882354
0.27450982
0.31764707
0.38431373
0.45882353
0.47450981
0.38823530
0.47843137
0.43921569
0.31764707
0.29803923
0.47450981
0.38039216
0.36862746
0.37254903
0.24705882
0.12549020
0.11764706
0.08235294
0.05490196
0.18039216
0.23137255
0.22352941
0.27450982
0.12156863
0.27058825
0.45490196
0.45098040
0.42352942
0.44705883
0.37254903
0.38431373
0.41176471
0.56470591
0.53725493
0.50980395
0.47450981
0.38823530
0.28627452
0.37254903
0.44705883
0.44705883
0.45490196
0.61568630
0.51764709
0.38039216
0.16470589
0.18823530
0.25098041
0.21176471
0.16470589
0.14117648
0.10980392
0.28235295
0.27058825
0.17647059
0.07843138
0.08627451
0.18431373
0.34117648
0.48627451
0.60784316
0.68235296
0.72549021
0.74117649
0.66666669
0.61176473
0.68235296
0.61568630
0.50196081
0.32549021
0.27843139
0.35294119
0.51764709
0.59215689
0.61960787
0.55294120
0.35294119
0.26666668
0.29019609
0.41568628
0.38039216
0.22352941
0.17647059
0.14901961
0.17647059
0.23529412
0.14509805
0.14509805
0.02745098
0.16862746
0.34509805
0.49019608
0.55686277
0.52156866
0.58431375
0.57647061
0.54901963
0.61176473
0.66666669
0.56470591
0.46666667
0.43137255
0.30588236
0.27058825
0.37254903
0.49803922
0.56470591
0.43137255
0.20392157
0.43529412
0.61176473
0.64705884
0.65490198
0.30196080
0.10588235
0.20784314
0.12941177
0.11372549
0.13333334
0.12941177
0.14901961
0.39215687
0.43137255
0.52549022
0.58823532
0.56470591
0.55686277
0.50980395
0.63921571
0.64313728
0.45490196
0.46666667
0.43137255
0.40000001
0.37647060
0.30980393
0.28627452
0.34901962
0.49019608
0.44705883
0.23529412
0.38431373
0.61176473
0.62352943
0.46666667
0.14509805
0.09803922
0.18039216
0.10980392
0.04313726
0.07450981
0.08235294
0.28627452
0.50980395
0.49411765
0.50588238
0.63137257
0.64313728
0.57647061
0.55686277
0.57254905
0.42745098
0.21960784
0.25098041
0.35686275
0.40784314
0.39215687
0.31764707
0.32156864
0.35294119
0.40000001
0.60392159
0.50588238
0.41568628
0.50196081
0.58431375
0.30588236
0.07058824
0.12156863
0.14117648
0.18039216
0.11764706
0.10196079
0.08627451
0.15686275
0.23921569
0.35294119
0.30196080
0.33725491
0.47450981
0.46666667
0.41960785
0.42745098
0.41568628
0.34117648
0.30196080
0.38039216
0.40784314
0.36078432
0.27058825
0.30196080
0.32549021
0.43921569
0.63921571
0.66274512
0.52549022
0.53333336
0.48627451
0.31372550
0.15686275
0.19607843
0.28627452
0.47450981
0.25882354
0.09803922
0.04313726
0.27843139
0.39215687
0.45490196
0.36862746
0.25098041
0.41176471
0.39215687
0.33725491
0.38039216
0.43529412
0.50588238
0.45098040
0.39215687
0.29411766
0.19215687
0.14901961
0.16862746
0.20392157
0.25098041
0.45882353
0.69411767
0.64313728
0.57647061
0.41568628
0.21960784
0.25098041
0.45098040
0.50196081
0.29411766
0.10980392
0.08235294
0.04313726
1 0 -1 0 0 0 0 0 0 0 0
0 1 -1 0 0 0 0 0 0 0 0
0 0 -1 1 0 0 0 0 0 0 0
0 0 -1 0 1 0 0 0 0 0 0
0 0 -1 0 0 1 0 0 0 0 0
0 0 -1 0 0 0 1 0 0 0 0
0 0 -1 0 0 0 0 1 0 0 0
0 0 -1 0 0 0 0 0 1 0 0
0 0 -1 0 0 0 0 0 0 1 0
