0.84313726
0.84313726
0.86666667
0.89411765
0.90980393
0.92549020
0.95686275
0.96862745
0.96470588
0.96862745
0.97647059
0.96470588
0.96470588
0.97647059
0.98431373
0.98039216
0.97254902
0.97647059
0.98039216
0.98823529
0.96862745
0.96862745
0.97254902
0.96078432
0.95686275
0.94509804
0.92156863
0.89019608
0.83921570
0.79607844
0.75294119
0.70196080
0.85098040
0.85882354
0.89803922
0.90588236
0.91764706
0.94509804
0.96470588
0.97254902
0.97254902
0.98431373
0.98823529
0.98039216
0.97647059
0.97647059
0.98823529
0.98823529
0.97647059
0.98039216
0.98431373
0.98823529
0.98039216
0.97647059
0.97647059
0.97254902
0.95686275
0.94901961
0.94117647
0.91764706
0.88627452
0.85098040
0.78431374
0.72549021
0.87058824
0.88235295
0.90196079
0.91372550
0.92941177
0.96078432
0.97254902
0.96862745
0.97254902
0.98823529
0.98823529
0.98431373
0.99215686
0.98431373
0.99215686
0.99607843
0.99215686
0.99215686
0.99607843
0.99607843
0.99215686
0.98823529
0.98431373
0.98431373
0.98039216
0.98039216
0.96078432
0.93725491
0.92156863
0.89411765
0.84705883
0.77254903
0.87843138
0.87843138
0.90980393
0.92156863
0.92549020
0.94117647
0.96078432
0.96470588
0.96862745
0.96862745
0.96078432
0.96470588
0.96862745
0.97647059
0.98039216
0.97647059
0.98039216
0.98823529
0.98823529
0.96862745
0.98039216
0.99215686
0.99607843
0.98823529
0.97647059
0.97254902
0.96470588
0.94901961
0.94117647
0.90980393
0.88235295
0.82745099
0.85882354
0.87058824
0.89411765
0.92549020
0.92156863
0.92156863
0.94117647
0.96470588
0.97254902
0.97254902
0.97254902
0.98431373
0.97647059
0.96470588
0.97647059
0.97647059
0.97254902
0.98039216
0.98823529
0.98431373
0.98039216
0.98431373
0.97647059
0.95686275
0.93333334
0.94117647
0.95294118
0.93725491
0.92549020
0.90980393
0.88235295
0.84705883
0.85490197
0.86666667
0.88235295
0.90980393
0.92549020
0.93725491
0.95294118
0.96078432
0.96862745
0.97254902
0.98431373
0.99215686
0.98039216
0.96078432
0.97254902
0.98823529
0.97254902
0.96470588
0.98039216
0.99215686
0.98431373
0.98431373
0.97254902
0.96862745
0.93725491
0.92941177
0.94901961
0.92549020
0.91372550
0.90980393
0.88235295
0.85882354
0.88235295
0.89019608
0.90196079
0.91372550
0.94117647
0.94901961
0.96470588
0.98039216
0.97647059
0.98039216
0.98823529
0.98431373
0.98431373
0.97647059
0.96862745
0.96078432
0.96078432
0.97254902
0.98039216
0.98039216
0.96078432
0.97647059
0.96470588
0.90196079
0.95294118
0.95686275
0.93725491
0.91372550
0.92549020
0.91372550
0.89019608
0.86274511
0.87843138
0.89803922
0.92156863
0.94117647
0.94901961
0.95686275
0.95686275
0.97647059
0.95294118
0.96862745
0.99215686
0.99607843
0.92941177
0.83529413
0.73725492
0.67843139
0.69019610
0.77254903
0.84705883
0.93725491
0.97647059
0.98823529
0.88235295
0.67843139
0.90980393
0.97647059
0.93333334
0.92941177
0.92549020
0.88235295
0.88235295
0.86274511
0.86274511
0.87058824
0.82745099
0.75686276
0.75294119
0.77254903
0.87450981
0.91372550
0.90980393
0.90980393
0.91764706
0.83529413
0.53725493
0.43921569
0.41960785
0.42745098
0.44705883
0.50196081
0.53725493
0.56862748
0.71764708
0.87450981
0.87058824
0.61960787
0.74509805
0.90980393
0.90980393
0.91764706
0.82745099
0.75686276
0.89803922
0.87843138
0.86666667
0.78823531
0.48627451
0.32156864
0.45882353
0.44313726
0.57254905
0.68235296
0.74901962
0.71372551
0.65490198
0.50588238
0.29803923
0.34901962
0.37254903
0.39607844
0.47058824
0.54901963
0.55294120
0.44313726
0.40784314
0.51764709
0.70588237
0.56470591
0.49019608
0.45490196
0.47450981
0.70980394
0.81176472
0.79215688
0.91372550
0.89803922
0.85490197
0.68235296
0.11372549
0.16470589
0.56078434
0.44705883
0.38431373
0.41568628
0.47450981
0.46666667
0.46666667
0.36470589
0.33725491
0.40392157
0.36862746
0.34901962
0.40000001
0.46666667
0.47843137
0.40392157
0.38823530
0.34901962
0.34117648
0.40784314
0.40000001
0.23137255
0.22352941
0.57647061
0.80392158
0.87843138
0.91764706
0.89803922
0.84705883
0.76078433
0.34117648
0.35686275
0.85490197
0.79607844
0.60000002
0.46274510
0.40784314
0.36470589
0.32549021
0.27450982
0.42745098
0.50196081
0.42352942
0.38823530
0.38431373
0.40392157
0.41960785
0.39607844
0.35686275
0.25490198
0.16862746
0.28627452
0.37647060
0.34117648
0.43137255
0.66274512
0.70196080
0.87450981
0.91764706
0.88235295
0.85098040
0.85098040
0.80784315
0.80000001
0.92156863
0.91764706
0.80000001
0.69803923
0.60784316
0.48235294
0.31372550
0.25490198
0.37254903
0.60392159
0.58039218
0.47843137
0.36470589
0.35294119
0.34117648
0.34901962
0.22745098
0.13333334
0.11764706
0.23921569
0.43137255
0.45490196
0.56470591
0.72941178
0.73725492
0.87843138
0.90196079
0.87058824
0.85098040
0.86666667
0.89803922
0.92941177
0.92941177
0.89803922
0.80784315
0.77254903
0.72941178
0.52941179
0.27843139
0.28627452
0.46666667
0.54509807
0.58039218
0.53725493
0.36862746
0.30588236
0.24313726
0.15294118
0.13725491
0.11764706
0.10588235
0.24705882
0.40000001
0.52549022
0.71764708
0.76470590
0.82745099
0.87843138
0.89019608
0.86274511
0.85098040
0.86666667
0.88235295
0.89803922
0.91764706
0.89411765
0.81176472
0.75686276
0.64705884
0.47058824
0.43921569
0.51372552
0.62352943
0.58039218
0.53333336
0.51372552
0.37254903
0.24313726
0.11764706
0.12549020
0.20392157
0.16078432
0.13333334
0.23921569
0.35686275
0.50196081
0.70980394
0.74117649
0.86274511
0.90588236
0.88627452
0.85882354
0.81960785
0.83921570
0.86666667
0.89019608
0.90588236
0.88627452
0.78039217
0.70588237
0.54117650
0.49019608
0.76862746
0.72549021
0.61568630
0.49803922
0.46274510
0.45098040
0.40392157
0.19215687
0.07058824
0.17254902
0.21960784
0.22352941
0.18431373
0.21568628
0.38039216
0.41568628
0.75686276
0.81568629
0.87843138
0.90196079
0.87843138
0.86274511
0.80392158
0.81960785
0.85098040
0.88627452
0.88627452
0.82352942
0.70196080
0.71372551
0.53725493
0.50980395
0.80784315
0.74117649
0.57647061
0.47058824
0.40392157
0.33725491
0.31372550
0.17647059
0.05098039
0.17647059
0.24313726
0.25882354
0.29411766
0.35294119
0.54509807
0.64705884
0.80000001
0.75686276
0.89803922
0.87450981
0.87058824
0.85490197
0.81176472
0.81960785
0.85882354
0.88627452
0.81568629
0.72549021
0.68627453
0.80784315
0.52941179
0.43137255
0.78823531
0.81568629
0.80784315
0.74901962
0.61176473
0.43137255
0.29019609
0.18823530
0.07843138
0.25490198
0.30196080
0.28235295
0.45490196
0.56078434
0.59215689
0.74901962
0.64705884
0.69411767
0.90980393
0.87843138
0.86666667
0.84705883
0.79607844
0.80000001
0.84705883
0.87058824
0.77254903
0.64313728
0.67450982
0.72941178
0.40000001
0.36078432
0.79215688
0.94509804
0.94509804
0.90980393
0.83921570
0.69411767
0.44705883
0.23921569
0.12941177
0.21960784
0.26666668
0.33333334
0.45098040
0.64705884
0.76862746
0.80000001
0.72549021
0.79607844
0.85882354
0.86274511
0.84705883
0.83921570
0.78431374
0.78431374
0.83137256
0.86666667
0.81176472
0.61568630
0.63921571
0.71372551
0.41568628
0.34509805
0.69019610
0.93333334
0.93725491
0.92156863
0.88627452
0.85098040
0.68627453
0.43137255
0.23921569
0.16078432
0.23921569
0.46274510
0.48235294
0.56862748
0.71764708
0.81960785
0.85098040
0.87450981
0.85098040
0.86274511
0.84705883
0.81960785
0.77647060
0.76862746
0.81960785
0.85882354
0.86274511
0.75294119
0.68627453
0.79607844
0.61176473
0.36862746
0.71372551
0.93333334
0.92941177
0.91372550
0.90588236
0.89411765
0.84313726
0.70980394
0.45882353
0.20784314
0.23921569
0.41176471
0.56470591
0.60784316
0.57647061
0.51372552
0.58039218
0.82745099
0.87058824
0.86274511
0.85882354
0.81568629
0.76862746
0.79215688
0.81176472
0.85490197
0.85490197
0.86274511
0.86274511
0.89411765
0.82352942
0.65490198
0.80000001
0.91764706
0.92156863
0.91372550
0.90980393
0.90196079
0.87058824
0.84313726
0.75686276
0.47843137
0.19607843
0.35294119
0.46274510
0.62745100
0.61568630
0.39215687
0.32549021
0.60392159
0.79215688
0.83529413
0.87450981
0.84313726
0.76862746
0.78039217
0.79215688
0.81568629
0.84313726
0.84705883
0.86274511
0.89019608
0.88235295
0.87843138
0.90980393
0.91372550
0.90980393
0.92156863
0.90980393
0.89803922
0.88235295
0.86666667
0.83529413
0.74901962
0.47058824
0.29411766
0.35686275
0.52549022
0.76078433
0.71372551
0.43529412
0.27450982
0.49411765
0.71372551
0.87058824
0.85490197
0.76470590
0.75294119
0.77647060
0.81568629
0.82745099
0.82352942
0.84313726
0.86666667
0.87450981
0.89019608
0.90588236
0.90980393
0.91372550
0.90980393
0.90980393
0.90196079
0.88235295
0.85882354
0.83137256
0.81176472
0.75686276
0.49019608
0.30196080
0.45490196
0.74901962
0.84313726
0.76078433
0.49803922
0.32549021
0.57647061
0.83529413
0.84313726
0.74901962
0.74509805
0.76470590
0.79215688
0.80000001
0.83921570
0.84705883
0.85490197
0.86666667
0.88627452
0.89411765
0.89411765
0.90980393
0.91764706
0.90196079
0.89803922
0.89803922
0.87450981
0.85882354
0.83921570
0.84313726
0.77254903
0.49803922
0.54901963
0.78823531
0.84313726
0.87450981
0.85490197
0.70196080
0.70980394
0.82352942
0.84705883
0.73333335
0.74117649
0.76470590
0.78431374
0.79215688
0.83529413
0.84313726
0.85098040
0.86274511
0.87843138
0.88627452
0.87843138
0.89803922
0.90980393
0.89803922
0.90196079
0.89411765
0.89019608
0.88235295
0.85098040
0.84705883
0.83529413
0.78039217
0.75686276
0.82352942
0.84313726
0.85098040
0.85882354
0.87843138
0.84705883
0.82745099
0.81176472
0.72156864
0.73725492
0.74901962
0.77254903
0.78823531
0.82745099
0.84313726
0.83529413
0.85098040
0.87450981
0.85882354
0.86274511
0.90196079
0.88627452
0.89411765
0.90980393
0.90196079
0.90196079
0.88235295
0.87450981
0.86274511
0.86274511
0.84705883
0.85882354
0.84705883
0.84705883
0.85882354
0.85882354
0.86666667
0.83137256
0.79607844
0.78823531
0.70980394
0.73725492
0.75294119
0.76078433
0.78039217
0.80784315
0.83529413
0.84313726
0.85098040
0.85490197
0.84313726
0.87843138
0.88627452
0.88235295
0.88235295
0.89411765
0.88627452
0.89411765
0.87450981
0.87843138
0.83921570
0.85490197
0.86274511
0.84313726
0.82745099
0.85490197
0.87450981
0.84313726
0.83921570
0.80784315
0.76078433
0.76470590
0.71764708
0.73333335
0.75294119
0.75294119
0.78431374
0.80000001
0.81176472
0.82745099
0.84705883
0.85490197
0.85882354
0.84705883
0.86666667
0.89019608
0.86666667
0.85098040
0.86666667
0.88235295
0.84705883
0.85882354
0.83921570
0.84313726
0.85882354
0.84705883
0.81568629
0.85098040
0.83529413
0.80000001
0.80000001
0.79215688
0.76470590
0.74901962
0.69803923
0.72549021
0.76470590
0.79215688
0.78823531
0.79215688
0.81568629
0.81568629
0.84313726
0.85882354
0.84705883
0.84705883
0.87058824
0.88627452
0.87450981
0.85490197
0.86274511
0.85490197
0.83921570
0.83137256
0.83921570
0.84313726
0.85490197
0.85098040
0.82745099
0.83529413
0.81176472
0.79607844
0.77647060
0.77647060
0.76862746
0.73333335
0.67843139
0.70980394
0.75294119
0.79215688
0.78431374
0.77647060
0.78431374
0.81176472
0.83137256
0.84705883
0.84313726
0.84313726
0.87450981
0.89803922
0.88627452
0.86666667
0.87058824
0.85882354
0.86274511
0.84705883
0.83137256
0.83921570
0.83921570
0.86274511
0.86666667
0.83529413
0.82352942
0.80000001
0.75294119
0.77647060
0.75294119
0.72941178
0.69411767
0.71372551
0.74901962
0.77647060
0.78823531
0.76862746
0.78431374
0.81176472
0.82745099
0.85490197
0.83921570
0.84313726
0.87843138
0.86666667
0.85490197
0.82352942
0.83137256
0.86274511
0.85098040
0.83529413
0.81568629
0.84705883
0.82745099
0.83529413
0.84705883
0.80784315
0.81176472
0.79215688
0.74901962
0.76078433
0.74509805
0.72549021
0.73725492
0.72941178
0.74117649
0.76862746
0.78431374
0.80000001
0.83137256
0.85098040
0.85882354
0.86666667
0.87058824
0.85490197
0.84705883
0.85882354
0.86666667
0.86666667
0.87058824
0.87450981
0.87058824
0.86666667
0.86274511
0.87058824
0.86274511
0.84313726
0.83529413
0.82745099
0.80392158
0.77254903
0.71764708
0.66666669
0.63137257
0.58823532
0.74117649
0.74117649
0.77254903
0.78039217
0.79215688
0.81960785
0.83921570
0.85490197
0.86666667
0.87843138
0.88235295
0.87450981
0.86274511
0.86274511
0.87450981
0.87843138
0.88235295
0.88627452
0.88235295
0.87843138
0.88235295
0.87843138
0.86666667
0.85490197
0.83529413
0.82745099
0.81960785
0.80000001
0.76078433
0.72156864
0.65882355
0.61176473
0.76078433
0.76470590
0.77647060
0.78823531
0.80392158
0.83529413
0.84705883
0.84705883
0.86666667
0.88235295
0.88235295
0.88235295
0.89019608
0.88235295
0.88627452
0.89019608
0.90588236
0.90588236
0.90196079
0.89019608
0.89019608
0.89019608
0.87450981
0.86666667
0.85490197
0.84705883
0.83137256
0.80392158
0.78823531
0.75686276
0.71372551
0.65098041
0.76862746
0.76078433
0.78431374
0.79607844
0.80000001
0.81568629
0.83529413
0.84705883
0.86274511
0.86274511
0.85490197
0.86274511
0.87058824
0.87843138
0.88235295
0.87843138
0.90196079
0.90980393
0.89803922
0.87058824
0.88627452
0.89803922
0.89019608
0.87450981
0.85098040
0.83921570
0.82745099
0.81176472
0.80392158
0.76862746
0.74509805
0.69803923
0.75294119
0.75294119
0.76862746
0.80000001
0.79607844
0.79607844
0.81568629
0.84313726
0.86666667
0.86666667
0.86666667
0.88235295
0.87843138
0.86666667
0.87843138
0.88627452
0.90196079
0.90588236
0.89803922
0.88627452
0.88627452
0.88627452
0.86666667
0.84313726
0.80392158
0.80392158
0.81176472
0.79607844
0.78431374
0.76470590
0.74117649
0.71764708
0.74509805
0.75294119
0.75294119
0.78039217
0.80000001
0.81176472
0.82352942
0.84313726
0.86666667
0.87450981
0.88235295
0.89019608
0.87843138
0.86274511
0.87450981
0.89803922
0.89803922
0.88627452
0.88235295
0.88235295
0.87843138
0.88235295
0.86666667
0.85882354
0.81960785
0.80392158
0.80784315
0.78039217
0.76470590
0.75294119
0.74901962
0.73725492
0.77254903
0.76862746
0.76470590
0.78431374
0.81960785
0.82745099
0.84313726
0.86666667
0.87058824
0.87450981
0.88235295
0.87843138
0.89411765
0.89019608
0.88235295
0.87450981
0.88627452
0.89411765
0.89019608
0.88235295
0.85490197
0.86666667
0.85098040
0.78039217
0.82352942
0.82745099
0.80000001
0.77254903
0.77254903
0.75294119
0.75686276
0.73725492
0.76078433
0.75686276
0.77647060
0.81176472
0.83529413
0.84313726
0.84705883
0.87058824
0.83921570
0.85882354
0.88235295
0.89411765
0.85882354
0.76078433
0.66274512
0.60392159
0.61568630
0.69411767
0.76862746
0.85490197
0.88235295
0.88235295
0.76862746
0.54117650
0.76862746
0.84313726
0.80392158
0.78823531
0.76078433
0.71764708
0.74901962
0.73725492
0.73725492
0.73333335
0.71764708
0.66274512
0.65490198
0.67843139
0.78823531
0.82352942
0.81176472
0.81176472
0.81960785
0.74117649
0.47058824
0.37254903
0.34901962
0.35294119
0.36470589
0.41960785
0.46274510
0.49803922
0.63921571
0.78431374
0.76078433
0.48627451
0.61176473
0.80392158
0.81176472
0.78039217
0.65098041
0.59215689
0.76470590
0.75686276
0.73725492
0.67450982
0.44313726
0.28627452
0.40000001
0.39215687
0.52156866
0.61568630
0.66666669
0.63137257
0.57254905
0.42745098
0.24313726
0.29803923
0.32549021
0.34117648
0.39607844
0.47058824
0.48627451
0.38431373
0.36078432
0.45490196
0.61960787
0.44313726
0.38431373
0.40392157
0.42352942
0.58431375
0.61176473
0.62352943
0.78431374
0.77647060
0.73333335
0.59215689
0.10980392
0.16078432
0.52156866
0.40784314
0.34509805
0.36862746
0.41176471
0.40392157
0.40392157
0.30980393
0.29803923
0.36470589
0.33725491
0.31372550
0.33333334
0.39607844
0.41960785
0.35686275
0.35686275
0.31372550
0.28235295
0.31372550
0.32549021
0.21568628
0.19607843
0.45098040
0.59607846
0.71764708
0.78823531
0.77254903
0.74901962
0.67843139
0.29411766
0.29411766
0.75686276
0.69411767
0.51764709
0.40000001
0.34901962
0.30980393
0.28235295
0.23921569
0.38431373
0.43921569
0.35686275
0.32549021
0.30196080
0.31764707
0.34509805
0.34509805
0.32549021
0.24313726
0.15686275
0.24705882
0.33725491
0.31372550
0.36078432
0.52156866
0.52156866
0.73333335
0.78431374
0.74901962
0.74509805
0.76078433
0.72156864
0.70196080
0.80392158
0.79607844
0.70588237
0.61960787
0.53725493
0.42745098
0.27843139
0.22745098
0.30980393
0.50980395
0.46274510
0.37254903
0.28235295
0.28235295
0.29019609
0.31372550
0.20784314
0.13333334
0.12549020
0.22352941
0.39607844
0.40000001
0.47450981
0.60392159
0.58823532
0.74117649
0.76862746
0.73725492
0.73333335
0.75686276
0.78823531
0.82352942
0.81176472
0.77647060
0.71372551
0.68235296
0.63529414
0.46666667
0.24313726
0.24705882
0.38039216
0.41568628
0.41960785
0.38823530
0.29019609
0.27058825
0.23137255
0.14117648
0.12941177
0.12549020
0.11764706
0.23921569
0.35294119
0.44705883
0.63137257
0.65882355
0.70980394
0.74901962
0.75686276
0.72941178
0.74117649
0.75686276
0.76862746
0.79215688
0.80000001
0.77254903
0.71764708
0.65490198
0.52941179
0.39215687
0.37254903
0.43137255
0.51372552
0.43137255
0.36862746
0.36078432
0.29411766
0.22745098
0.12941177
0.12941177
0.19215687
0.16078432
0.14117648
0.22352941
0.30196080
0.41568628
0.62352943
0.64313728
0.75686276
0.77647060
0.75294119
0.72549021
0.73725492
0.74509805
0.76470590
0.78431374
0.78823531
0.76078433
0.68627453
0.59607846
0.40784314
0.39215687
0.65882355
0.58431375
0.49019608
0.36078432
0.32549021
0.33333334
0.32941177
0.18039216
0.09411765
0.16862746
0.18823530
0.20392157
0.17647059
0.18823530
0.32156864
0.34117648
0.67058825
0.71372551
0.76078433
0.77254903
0.74509805
0.72941178
0.72941178
0.73333335
0.75294119
0.78431374
0.77254903
0.70980394
0.60784316
0.60392159
0.40784314
0.40784314
0.66274512
0.55294120
0.42745098
0.33333334
0.28627452
0.25490198
0.24705882
0.16078432
0.06666667
0.15294118
0.20000000
0.22352941
0.25490198
0.29019609
0.46666667
0.57647061
0.71372551
0.63529414
0.76078433
0.74117649
0.73725492
0.72156864
0.71372551
0.72156864
0.75294119
0.78039217
0.72156864
0.63921571
0.60000002
0.68627453
0.42352942
0.36078432
0.63921571
0.61568630
0.62352943
0.58823532
0.48627451
0.34117648
0.24313726
0.17647059
0.07058824
0.21568628
0.25490198
0.22352941
0.36078432
0.42352942
0.44313726
0.61568630
0.51764709
0.56470591
0.78039217
0.74117649
0.72941178
0.70980394
0.68627453
0.69411767
0.74117649
0.76078433
0.67843139
0.56470591
0.58039218
0.60784316
0.30980393
0.30588236
0.65490198
0.76862746
0.77647060
0.75686276
0.70588237
0.57647061
0.37254903
0.20000000
0.10196079
0.18431373
0.20784314
0.24705882
0.31764707
0.46666667
0.55294120
0.57647061
0.54901963
0.67843139
0.76470590
0.72941178
0.70588237
0.70196080
0.67450982
0.67843139
0.72549021
0.75294119
0.70980394
0.52941179
0.54117650
0.59215689
0.32941177
0.29019609
0.56470591
0.78823531
0.80784315
0.78431374
0.74509805
0.70980394
0.56862748
0.34509805
0.18039216
0.12549020
0.17647059
0.35294119
0.32941177
0.37254903
0.49803922
0.60000002
0.66274512
0.72549021
0.72156864
0.72549021
0.70588237
0.68235296
0.66666669
0.66274512
0.71372551
0.74117649
0.75294119
0.65882355
0.58039218
0.67450982
0.52156866
0.29803923
0.58823532
0.81176472
0.81176472
0.78823531
0.76862746
0.74901962
0.70196080
0.58823532
0.36862746
0.15686275
0.18039216
0.31372550
0.42745098
0.42352942
0.40392157
0.38039216
0.42352942
0.64313728
0.67843139
0.72156864
0.72156864
0.67843139
0.65882355
0.68235296
0.70196080
0.73333335
0.73725492
0.76078433
0.74901962
0.75686276
0.71372551
0.55686277
0.65882355
0.79215688
0.79607844
0.78431374
0.78431374
0.77254903
0.72941178
0.69803923
0.63137257
0.40392157
0.15294118
0.29019609
0.36078432
0.48235294
0.47843137
0.29411766
0.20392157
0.45882353
0.63137257
0.69411767
0.73725492
0.70588237
0.65882355
0.67058825
0.68627453
0.69803923
0.72549021
0.74509805
0.74901962
0.75686276
0.76078433
0.76078433
0.76470590
0.78039217
0.77647060
0.78823531
0.78823531
0.78039217
0.74901962
0.72156864
0.69411767
0.63921571
0.40784314
0.24313726
0.28235295
0.41568628
0.61960787
0.57254905
0.31764707
0.18431373
0.40392157
0.58039218
0.73725492
0.71764708
0.65882355
0.65098041
0.67058825
0.70588237
0.72156864
0.71764708
0.73725492
0.74901962
0.75294119
0.76862746
0.78039217
0.78431374
0.78039217
0.77647060
0.77647060
0.77254903
0.74901962
0.72156864
0.69803923
0.68235296
0.63137257
0.39607844
0.22745098
0.34901962
0.59607846
0.67450982
0.62352943
0.39215687
0.23137255
0.44705883
0.69803923
0.70980394
0.64705884
0.64313728
0.66274512
0.68627453
0.69411767
0.73333335
0.74117649
0.74509805
0.74509805
0.76470590
0.77647060
0.77254903
0.77647060
0.78431374
0.76862746
0.76470590
0.76078433
0.73725492
0.72549021
0.70588237
0.69803923
0.65098041
0.40392157
0.43137255
0.63137257
0.67843139
0.72156864
0.71764708
0.56862748
0.58039218
0.69411767
0.71372551
0.63137257
0.63921571
0.66274512
0.67843139
0.68627453
0.72941178
0.73725492
0.73725492
0.74117649
0.75294119
0.76078433
0.74901962
0.76470590
0.77647060
0.76470590
0.76862746
0.75686276
0.75294119
0.74901962
0.71764708
0.70196080
0.69803923
0.65490198
0.61960787
0.67058825
0.69019610
0.69411767
0.69803923
0.71764708
0.71764708
0.69803923
0.67843139
0.61960787
0.63529414
0.64705884
0.67058825
0.68235296
0.72156864
0.73725492
0.72156864
0.72549021
0.74901962
0.73333335
0.73725492
0.77254903
0.75294119
0.76078433
0.77647060
0.76078433
0.76078433
0.74509805
0.73725492
0.71764708
0.71764708
0.70980394
0.71372551
0.70196080
0.70196080
0.70980394
0.69803923
0.70196080
0.70196080
0.67058825
0.65490198
0.60784316
0.63529414
0.65098041
0.65882355
0.67450982
0.70196080
0.72941178
0.72941178
0.72549021
0.72941178
0.71764708
0.74901962
0.75294119
0.74901962
0.74901962
0.76078433
0.74901962
0.75294119
0.73333335
0.74117649
0.70196080
0.71764708
0.72549021
0.70980394
0.69019610
0.71372551
0.73725492
0.70196080
0.69803923
0.67450982
0.62745100
0.63137257
0.61568630
0.63137257
0.64705884
0.64313728
0.67058825
0.69019610
0.70196080
0.71372551
0.72549021
0.73333335
0.73725492
0.72549021
0.74117649
0.76470590
0.73333335
0.71764708
0.72941178
0.74117649
0.70980394
0.72156864
0.70980394
0.70980394
0.72156864
0.71372551
0.68235296
0.71764708
0.70588237
0.67058825
0.67058825
0.65490198
0.63137257
0.61960787
0.60392159
0.61960787
0.65098041
0.67058825
0.66666669
0.67450982
0.69803923
0.70196080
0.72941178
0.74509805
0.73725492
0.73333335
0.75686276
0.76862746
0.74117649
0.71764708
0.72549021
0.72156864
0.70588237
0.69803923
0.70588237
0.70588237
0.71764708
0.71372551
0.69411767
0.70196080
0.67843139
0.66274512
0.64313728
0.63529414
0.63137257
0.60784316
0.58823532
0.60784316
0.64313728
0.67843139
0.66666669
0.66274512
0.67450982
0.70196080
0.72156864
0.73725492
0.73333335
0.73333335
0.76470590
0.78039217
0.75686276
0.72941178
0.73725492
0.72549021
0.72941178
0.71372551
0.69803923
0.70196080
0.70196080
0.72549021
0.73333335
0.70196080
0.69019610
0.66666669
0.61960787
0.63137257
0.61568630
0.60392159
0.61176473
0.62352943
0.64705884
0.66666669
0.67843139
0.66274512
0.67843139
0.70588237
0.71764708
0.74509805
0.72941178
0.73333335
0.76862746
0.75294119
0.72156864
0.68627453
0.69803923
0.72941178
0.71764708
0.70196080
0.67843139
0.70980394
0.69019610
0.69803923
0.70980394
0.67450982
0.67843139
0.65882355
0.61568630
0.61960787
0.60784316
0.59607846
0.65882355
0.64705884
0.65490198
0.67843139
0.69411767
0.70980394
0.74117649
0.74901962
0.74117649
0.74901962
0.75294119
0.74117649
0.73333335
0.74509805
0.75294119
0.74901962
0.75294119
0.75294119
0.75294119
0.75294119
0.74509805
0.74901962
0.74509805
0.72941178
0.72549021
0.72156864
0.69803923
0.66666669
0.62352943
0.60000002
0.57254905
0.53725493
0.66666669
0.66274512
0.68627453
0.69019610
0.70196080
0.72941178
0.74901962
0.75294119
0.74901962
0.76078433
0.76470590
0.75686276
0.74509805
0.74509805
0.76078433
0.76078433
0.76078433
0.76470590
0.76078433
0.76078433
0.76078433
0.75686276
0.74901962
0.74117649
0.72156864
0.71764708
0.70588237
0.68627453
0.65490198
0.64313728
0.58823532
0.54901963
0.68627453
0.68235296
0.69019610
0.69803923
0.71372551
0.74509805
0.76078433
0.74509805
0.74901962
0.76470590
0.76470590
0.76470590
0.77254903
0.76078433
0.76470590
0.77254903
0.78039217
0.78039217
0.78039217
0.77254903
0.77254903
0.76862746
0.75686276
0.75294119
0.74509805
0.73725492
0.71764708
0.69411767
0.67843139
0.66666669
0.63137257
0.57254905
0.69411767
0.68235296
0.69803923
0.70588237
0.70980394
0.72549021
0.74509805
0.74509805
0.74509805
0.74509805
0.73725492
0.74509805
0.74901962
0.75686276
0.76078433
0.75686276
0.77254903
0.78039217
0.77254903
0.74901962
0.76078433
0.77647060
0.77254903
0.75686276
0.73333335
0.71764708
0.70588237
0.69411767
0.68627453
0.66666669
0.64705884
0.60784316
0.67450982
0.67058825
0.68235296
0.70980394
0.70588237
0.70980394
0.72941178
0.74509805
0.74901962
0.74901962
0.74901962
0.76470590
0.75686276
0.74509805
0.75686276
0.76078433
0.77254903
0.77647060
0.77647060
0.76470590
0.76470590
0.76470590
0.74901962
0.72549021
0.68627453
0.68235296
0.69019610
0.67058825
0.66274512
0.65490198
0.63921571
0.61960787
0.66666669
0.67058825
0.67058825
0.69411767
0.70980394
0.72549021
0.74117649
0.74901962
0.75294119
0.76078433
0.76862746
0.77647060
0.76862746
0.74117649
0.74509805
0.75686276
0.77254903
0.76470590
0.76862746
0.77647060
0.76470590
0.75294119
0.73333335
0.74509805
0.71372551
0.69803923
0.69803923
0.67058825
0.65098041
0.64705884
0.64313728
0.63529414
0.68235296
0.68235296
0.67843139
0.68627453
0.70980394
0.71372551
0.72156864
0.73725492
0.74901962
0.75294119
0.76078433
0.75686276
0.76862746
0.76078433
0.74901962
0.74509805
0.76078433
0.76862746
0.75686276
0.74509805
0.73333335
0.74117649
0.71372551
0.66274512
0.72156864
0.71372551
0.68627453
0.66666669
0.66666669
0.64705884
0.65098041
0.63921571
0.66274512
0.67450982
0.69803923
0.73725492
0.74901962
0.73333335
0.70980394
0.72941178
0.71372551
0.73333335
0.75686276
0.76862746
0.74509805
0.66666669
0.58039218
0.53333336
0.54117650
0.60392159
0.65490198
0.72156864
0.77254903
0.77254903
0.64313728
0.43137255
0.65882355
0.71372551
0.68627453
0.68235296
0.66666669
0.61568630
0.64313728
0.63921571
0.65098041
0.66666669
0.65490198
0.63921571
0.64705884
0.63921571
0.72549021
0.73725492
0.70980394
0.70980394
0.71764708
0.65490198
0.43921569
0.36078432
0.35686275
0.36862746
0.36470589
0.40392157
0.43137255
0.45490196
0.58823532
0.70980394
0.66274512
0.40000001
0.52156866
0.69019610
0.70196080
0.68235296
0.56470591
0.49411765
0.65882355
0.65882355
0.67843139
0.63137257
0.39607844
0.27450982
0.41568628
0.39215687
0.51372552
0.58823532
0.61568630
0.58039218
0.52156866
0.39215687
0.25882354
0.31764707
0.34509805
0.36078432
0.39607844
0.46666667
0.49411765
0.40000001
0.35686275
0.41960785
0.55294120
0.38431373
0.32941177
0.34117648
0.33725491
0.49019608
0.52941179
0.52549022
0.67450982
0.67450982
0.68627453
0.55686277
0.07843138
0.13333334
0.49411765
0.38431373
0.32941177
0.34901962
0.38823530
0.38039216
0.38431373
0.29803923
0.30196080
0.35686275
0.30980393
0.27450982
0.28235295
0.35686275
0.41176471
0.36862746
0.37647060
0.30980393
0.24705882
0.27843139
0.29803923
0.18039216
0.13333334
0.37647060
0.51764709
0.61568630
0.68235296
0.67450982
0.67843139
0.62352943
0.25490198
0.24313726
0.67843139
0.63137257
0.45490196
0.34117648
0.29019609
0.25098041
0.23529412
0.21568628
0.38431373
0.41176471
0.30196080
0.26274511
0.24705882
0.27450982
0.32549021
0.33725491
0.34509805
0.25490198
0.14509805
0.22745098
0.31764707
0.28627452
0.32156864
0.47058824
0.45490196
0.63137257
0.67843139
0.64313728
0.67058825
0.69803923
0.66666669
0.62745100
0.71372551
0.71764708
0.62745100
0.54509807
0.47058824
0.37254903
0.24313726
0.20392157
0.29019609
0.45098040
0.37647060
0.28235295
0.22352941
0.24313726
0.26274511
0.30196080
0.22352941
0.15686275
0.12156863
0.21176471
0.37647060
0.36862746
0.42352942
0.53333336
0.50588238
0.63921571
0.66274512
0.63137257
0.66666669
0.69411767
0.72549021
0.74117649
0.72549021
0.69803923
0.63921571
0.60784316
0.57647061
0.42745098
0.21568628
0.21568628
0.32549021
0.32549021
0.30196080
0.26666668
0.21960784
0.22745098
0.19607843
0.12549020
0.14509805
0.14509805
0.11764706
0.22352941
0.32941177
0.40000001
0.56078434
0.56078434
0.60000002
0.64313728
0.65098041
0.62352943
0.66666669
0.68235296
0.69019610
0.70196080
0.71372551
0.69411767
0.64313728
0.57647061
0.46274510
0.34509805
0.31372550
0.35294119
0.42745098
0.31764707
0.23921569
0.24313726
0.23529412
0.18431373
0.09803922
0.11764706
0.20392157
0.16862746
0.12549020
0.19607843
0.26666668
0.36470589
0.54901963
0.53725493
0.63921571
0.66666669
0.64705884
0.61960787
0.65490198
0.65882355
0.66666669
0.68627453
0.70196080
0.68235296
0.61176473
0.51372552
0.31764707
0.30980393
0.53725493
0.42745098
0.36470589
0.23529412
0.21176471
0.25490198
0.28627452
0.14117648
0.06274510
0.16470589
0.19215687
0.19215687
0.14117648
0.14509805
0.27450982
0.30196080
0.60392159
0.62352943
0.65098041
0.66666669
0.63921571
0.62352943
0.63921571
0.63921571
0.65098041
0.68627453
0.69411767
0.63529414
0.53333336
0.50588238
0.30588236
0.30980393
0.50196081
0.35294119
0.28627452
0.20784314
0.18431373
0.18431373
0.20784314
0.12941177
0.04705882
0.15294118
0.18431373
0.18039216
0.19215687
0.20784314
0.39607844
0.52156866
0.64705884
0.55686277
0.66666669
0.63529414
0.63137257
0.61176473
0.62352943
0.63137257
0.66274512
0.69803923
0.65882355
0.57647061
0.51764709
0.57254905
0.32941177
0.28627452
0.49411765
0.42745098
0.46666667
0.44313726
0.36078432
0.23529412
0.17647059
0.14509805
0.05882353
0.19607843
0.20000000
0.14117648
0.25490198
0.30196080
0.32549021
0.51372552
0.41960785
0.47058824
0.68235296
0.63529414
0.61960787
0.60000002
0.60392159
0.61568630
0.65882355
0.68627453
0.61568630
0.50196081
0.49803922
0.49019608
0.22745098
0.24313726
0.52156866
0.60392159
0.61960787
0.61176473
0.57254905
0.46274510
0.28235295
0.14509805
0.07450981
0.16078432
0.14901961
0.15294118
0.20392157
0.32941177
0.41568628
0.45882353
0.42352942
0.54509807
0.63137257
0.61960787
0.60000002
0.59215689
0.60000002
0.60392159
0.65098041
0.67843139
0.63921571
0.45882353
0.45098040
0.47450981
0.24313726
0.22352941
0.43921569
0.64313728
0.65882355
0.64313728
0.61960787
0.59607846
0.46274510
0.26274511
0.12941177
0.09803922
0.12549020
0.27058825
0.22352941
0.23137255
0.34509805
0.45490196
0.51764709
0.57647061
0.58039218
0.61176473
0.60000002
0.57254905
0.60000002
0.59607846
0.64705884
0.66666669
0.67843139
0.58431375
0.48235294
0.55294120
0.42745098
0.21960784
0.46274510
0.67843139
0.67450982
0.65882355
0.65098041
0.63529414
0.59215689
0.48235294
0.28235295
0.10196079
0.13333334
0.24705882
0.32156864
0.27843139
0.23529412
0.21568628
0.27058825
0.50980395
0.56470591
0.61176473
0.61176473
0.56862748
0.60000002
0.62352943
0.64313728
0.65882355
0.65882355
0.68235296
0.65098041
0.63137257
0.60392159
0.45882353
0.52156866
0.66274512
0.67843139
0.66666669
0.66274512
0.65098041
0.62352943
0.58039218
0.51372552
0.30980393
0.10980392
0.24705882
0.25882354
0.33333334
0.31764707
0.15294118
0.08627451
0.34509805
0.52549022
0.58431375
0.62745100
0.59607846
0.60392159
0.61568630
0.63137257
0.62352943
0.64313728
0.66274512
0.65490198
0.63921571
0.64313728
0.65098041
0.63137257
0.66274512
0.67058825
0.67843139
0.67058825
0.65882355
0.63921571
0.60000002
0.56078434
0.51764709
0.33725491
0.19215687
0.20000000
0.28627452
0.47843137
0.44313726
0.20784314
0.10196079
0.31372550
0.47450981
0.62745100
0.60784316
0.60000002
0.59215689
0.61568630
0.63529414
0.63921571
0.63529414
0.65098041
0.65098041
0.63921571
0.65882355
0.66666669
0.67450982
0.67450982
0.67058825
0.67058825
0.66274512
0.63529414
0.59607846
0.55686277
0.53725493
0.50588238
0.31372550
0.16862746
0.25490198
0.46274510
0.52549022
0.48627451
0.30980393
0.16862746
0.34117648
0.58823532
0.60000002
0.58431375
0.58431375
0.60392159
0.61568630
0.61176473
0.65098041
0.66274512
0.65098041
0.63529414
0.65490198
0.66666669
0.66274512
0.67058825
0.67843139
0.66274512
0.65882355
0.64705884
0.61568630
0.59215689
0.56078434
0.55686277
0.54509807
0.32156864
0.32549021
0.49411765
0.52549022
0.56862748
0.59607846
0.47450981
0.45098040
0.57254905
0.60784316
0.57254905
0.58039218
0.60392159
0.60392159
0.60392159
0.64705884
0.65490198
0.64705884
0.64313728
0.65490198
0.66274512
0.65098041
0.65882355
0.67058825
0.65882355
0.66274512
0.64705884
0.63921571
0.62352943
0.58039218
0.56078434
0.57254905
0.54509807
0.49803922
0.53333336
0.54901963
0.53725493
0.55686277
0.59215689
0.56862748
0.56862748
0.57647061
0.56078434
0.57647061
0.58823532
0.59607846
0.60000002
0.63921571
0.65490198
0.63529414
0.63921571
0.66274512
0.64705884
0.64705884
0.66666669
0.64705884
0.65490198
0.67058825
0.66274512
0.65490198
0.62745100
0.60784316
0.58823532
0.59215689
0.58823532
0.58823532
0.57254905
0.56862748
0.55686277
0.55686277
0.57647061
0.55686277
0.54117650
0.55686277
0.54901963
0.57647061
0.59215689
0.58431375
0.59215689
0.61960787
0.64705884
0.65098041
0.64313728
0.64705884
0.63529414
0.66274512
0.64705884
0.64313728
0.64313728
0.65490198
0.65098041
0.65098041
0.62352943
0.61960787
0.58431375
0.60000002
0.60392159
0.58823532
0.57254905
0.57647061
0.59215689
0.58039218
0.60000002
0.55686277
0.51372552
0.52156866
0.56078434
0.57647061
0.59215689
0.57647061
0.59215689
0.60784316
0.61568630
0.62745100
0.64313728
0.64705884
0.65490198
0.63921571
0.64313728
0.66274512
0.63137257
0.61568630
0.63137257
0.64313728
0.60392159
0.61176473
0.60000002
0.60000002
0.60784316
0.60392159
0.56862748
0.58823532
0.57254905
0.55686277
0.57647061
0.55294120
0.52549022
0.51372552
0.54901963
0.57254905
0.60392159
0.61176473
0.59215689
0.59215689
0.60784316
0.61176473
0.64313728
0.65882355
0.65098041
0.64705884
0.66274512
0.67450982
0.65098041
0.62745100
0.62745100
0.61568630
0.60000002
0.59215689
0.59607846
0.59607846
0.60784316
0.60392159
0.58431375
0.58823532
0.56470591
0.54901963
0.53333336
0.53333336
0.52941179
0.51764709
0.53333336
0.55686277
0.59607846
0.62352943
0.60000002
0.58431375
0.58431375
0.61176473
0.63529414
0.65098041
0.64705884
0.64705884
0.67058825
0.69019610
0.66666669
0.64313728
0.63529414
0.61960787
0.62352943
0.60784316
0.58823532
0.59215689
0.59215689
0.61568630
0.62352943
0.59215689
0.58039218
0.55686277
0.50980395
0.52941179
0.51764709
0.51764709
0.55294120
0.56862748
0.59607846
0.61568630
0.61568630
0.58823532
0.59607846
0.61960787
0.63137257
0.65882355
0.64313728
0.64313728
0.67450982
0.65882355
0.63529414
0.60000002
0.59607846
0.62352943
0.61176473
0.60000002
0.56862748
0.60000002
0.58039218
0.58823532
0.60000002
0.57254905
0.57254905
0.55686277
0.50980395
0.51372552
0.50980395
0.50980395
1 0 0 -1 0 0 0 0 0 0 0
0 1 0 -1 0 0 0 0 0 0 0
0 0 1 -1 0 0 0 0 0 0 0
0 0 0 -1 1 0 0 0 0 0 0
0 0 0 -1 0 1 0 0 0 0 0
0 0 0 -1 0 0 1 0 0 0 0
0 0 0 -1 0 0 0 1 0 0 0
0 0 0 -1 0 0 0 0 1 0 0
0 0 0 -1 0 0 0 0 0 1 0
