0.84313726
0.86274511
0.87450981
0.88627452
0.89803922
0.90588236
0.91372550
0.90980393
0.90196079
0.89411765
0.89019608
0.88627452
0.88235295
0.88235295
0.88235295
0.87450981
0.87058824
0.87058824
0.87058824
0.87058824
0.86666667
0.86666667
0.87058824
0.88235295
0.88627452
0.89411765
0.89019608
0.89019608
0.89019608
0.87843138
0.85490197
0.83921570
0.84313726
0.86274511
0.87058824
0.88235295
0.89019608
0.89411765
0.89803922
0.89411765
0.89019608
0.88235295
0.88235295
0.88235295
0.88235295
0.87843138
0.87843138
0.87450981
0.86666667
0.86666667
0.86666667
0.87058824
0.87058824
0.87450981
0.87843138
0.87843138
0.88627452
0.89411765
0.89803922
0.89803922
0.89019608
0.87450981
0.84705883
0.83137256
0.84313726
0.85882354
0.87058824
0.87843138
0.88235295
0.88627452
0.88627452
0.88627452
0.88235295
0.87843138
0.87450981
0.87843138
0.88235295
0.87450981
0.87058824
0.87058824
0.86666667
0.86666667
0.87450981
0.87843138
0.87843138
0.87843138
0.87843138
0.87450981
0.88627452
0.89411765
0.89411765
0.89803922
0.88627452
0.87450981
0.85098040
0.84313726
0.84313726
0.85490197
0.86666667
0.87450981
0.87450981
0.87843138
0.87843138
0.88235295
0.87843138
0.87843138
0.87450981
0.87843138
0.87843138
0.87450981
0.87058824
0.87058824
0.87058824
0.87450981
0.88235295
0.88235295
0.87843138
0.87450981
0.87450981
0.87450981
0.88627452
0.88627452
0.88627452
0.88235295
0.87450981
0.86666667
0.85490197
0.84313726
0.84313726
0.85098040
0.86274511
0.87058824
0.87450981
0.88235295
0.87843138
0.87450981
0.88235295
0.88235295
0.87843138
0.88627452
0.87843138
0.87058824
0.87058824
0.87058824
0.87058824
0.87450981
0.87843138
0.87450981
0.86666667
0.87058824
0.87450981
0.87843138
0.87843138
0.87843138
0.87450981
0.87058824
0.87058824
0.86274511
0.85882354
0.84313726
0.83921570
0.85098040
0.86274511
0.87058824
0.86666667
0.87058824
0.88627452
0.88627452
0.87450981
0.87058824
0.86666667
0.87058824
0.87843138
0.88235295
0.87058824
0.87843138
0.87843138
0.87843138
0.87843138
0.87843138
0.86666667
0.87058824
0.87058824
0.87058824
0.87058824
0.87058824
0.86666667
0.85882354
0.85490197
0.85490197
0.85098040
0.83529413
0.83529413
0.85098040
0.86274511
0.86274511
0.88235295
0.92156863
0.87843138
0.89019608
0.92156863
0.92549020
0.92549020
0.90588236
0.87058824
0.87058824
0.87450981
0.87058824
0.85882354
0.87058824
0.89019608
0.86666667
0.88235295
0.87058824
0.87058824
0.87058824
0.86666667
0.86666667
0.85882354
0.84705883
0.85098040
0.84705883
0.83921570
0.83137256
0.83529413
0.84705883
0.85882354
0.86274511
0.82352942
0.76470590
0.47450981
0.51764709
0.59607846
0.67058825
0.81568629
0.83921570
0.87450981
0.86666667
0.87843138
0.89019608
0.93725491
0.92941177
0.86666667
0.86274511
0.87058824
0.87843138
0.87450981
0.87450981
0.87058824
0.86666667
0.86274511
0.84313726
0.84705883
0.84705883
0.83921570
0.83137256
0.83137256
0.84313726
0.85882354
0.87450981
0.62745100
0.40392157
0.39215687
0.42745098
0.40392157
0.41568628
0.39607844
0.60000002
0.91764706
0.89019608
0.90196079
0.86666667
0.77647060
0.79215688
0.91764706
0.90980393
0.87450981
0.86666667
0.86666667
0.85882354
0.85098040
0.85098040
0.84313726
0.83529413
0.83921570
0.84313726
0.83921570
0.82352942
0.83137256
0.84705883
0.85490197
0.87450981
0.56862748
0.45490196
0.47843137
0.50980395
0.49019608
0.54901963
0.46274510
0.48627451
0.76862746
0.89019608
0.75686276
0.52156866
0.60392159
0.73333335
0.58431375
0.37647060
0.58039218
0.92156863
0.91764706
0.91372550
0.90588236
0.89803922
0.89411765
0.88627452
0.88235295
0.87843138
0.83137256
0.81568629
0.83137256
0.83921570
0.85882354
0.89019608
0.60000002
0.44313726
0.49411765
0.54901963
0.47450981
0.58431375
0.54509807
0.54901963
0.49019608
0.47058824
0.27058825
0.61568630
0.56862748
0.49411765
0.23921569
0.08235294
0.27058825
0.64313728
0.61568630
0.60392159
0.60784316
0.61960787
0.63529414
0.61960787
0.61960787
0.64313728
0.83137256
0.81960785
0.83529413
0.86666667
0.87058824
0.65882355
0.46666667
0.43529412
0.54117650
0.56470591
0.52549022
0.65490198
0.60784316
0.44313726
0.11764706
0.08235294
0.20392157
0.51372552
0.40392157
0.31764707
0.48235294
0.56078434
0.51764709
0.49803922
0.47843137
0.48235294
0.47843137
0.47450981
0.47450981
0.46666667
0.45882353
0.50588238
0.82745099
0.81568629
0.83137256
0.83137256
0.68627453
0.58039218
0.57254905
0.61568630
0.61176473
0.54509807
0.43137255
0.45490196
0.40784314
0.28235295
0.16470589
0.10980392
0.18823530
0.27450982
0.21568628
0.35686275
0.45882353
0.47450981
0.58431375
0.59607846
0.60784316
0.63921571
0.61960787
0.62745100
0.65490198
0.63529414
0.74509805
0.57647061
0.78431374
0.81176472
0.80784315
0.47058824
0.30588236
0.45882353
0.47058824
0.45098040
0.46274510
0.45882353
0.48627451
0.31372550
0.34117648
0.50588238
0.65882355
0.27450982
0.05490196
0.20000000
0.34901962
0.51764709
0.52549022
0.60784316
0.70980394
0.73333335
0.80784315
0.77254903
0.73333335
0.70588237
0.79215688
0.57647061
0.44313726
0.51764709
0.80392158
0.79607844
0.81176472
0.30588236
0.23921569
0.52941179
0.62745100
0.65490198
0.74901962
0.64705884
0.65490198
0.54901963
0.60000002
0.47843137
0.56470591
0.29803923
0.21960784
0.38823530
0.47843137
0.61176473
0.43529412
0.57647061
0.58823532
0.59607846
0.53725493
0.54509807
0.50588238
0.48627451
0.35294119
0.36078432
0.67450982
0.84705883
0.81960785
0.79607844
0.77647060
0.26274511
0.35294119
0.64705884
0.72156864
0.68235296
0.57647061
0.41568628
0.50196081
0.45490196
0.55686277
0.28627452
0.66666669
0.42352942
0.41176471
0.41176471
0.44313726
0.63529414
0.46274510
0.63529414
0.77254903
0.71764708
0.34901962
0.24313726
0.19607843
0.17647059
0.29411766
0.80784315
0.87843138
0.81568629
0.80784315
0.79607844
0.82745099
0.78039217
0.60392159
0.40000001
0.32549021
0.37647060
0.44313726
0.41960785
0.64313728
0.67058825
0.50588238
0.21960784
0.62745100
0.53333336
0.59607846
0.29019609
0.20392157
0.30588236
0.37647060
0.66666669
0.56862748
0.36078432
0.17254902
0.29411766
0.26666668
0.20392157
0.44705883
0.87058824
0.80392158
0.81176472
0.81176472
0.79215688
0.82745099
0.87843138
0.89803922
0.72941178
0.36862746
0.26666668
0.32156864
0.33725491
0.45490196
0.63529414
0.43137255
0.20392157
0.30196080
0.14509805
0.46666667
0.34901962
0.21176471
0.20784314
0.20392157
0.23137255
0.20784314
0.14901961
0.28235295
0.49411765
0.44313726
0.19215687
0.17647059
0.69411767
0.83137256
0.80784315
0.80000001
0.79607844
0.81568629
0.83137256
0.83137256
0.91764706
0.74117649
0.43921569
0.23137255
0.14901961
0.14117648
0.18823530
0.17254902
0.42745098
0.36862746
0.26274511
0.26274511
0.33725491
0.30196080
0.25098041
0.29019609
0.16470589
0.44313726
0.33725491
0.35294119
0.27058825
0.42352942
0.27450982
0.15294118
0.51764709
0.84313726
0.81568629
0.81568629
0.80784315
0.81568629
0.82745099
0.84313726
0.84705883
0.49019608
0.35294119
0.39215687
0.20784314
0.37254903
0.51372552
0.22745098
0.35294119
0.28235295
0.31372550
0.12549020
0.26666668
0.26666668
0.28235295
0.30196080
0.19607843
0.49803922
0.38039216
0.29019609
0.35294119
0.44705883
0.31372550
0.13725491
0.43529412
0.83529413
0.81176472
0.80392158
0.80000001
0.81568629
0.82352942
0.83921570
0.80784315
0.29803923
0.31372550
0.39215687
0.18823530
0.38039216
0.49411765
0.24313726
0.29411766
0.47843137
0.35294119
0.20784314
0.31372550
0.29411766
0.31372550
0.33725491
0.17254902
0.40000001
0.33333334
0.26274511
0.46274510
0.50196081
0.28235295
0.10980392
0.47450981
0.89411765
0.85490197
0.85490197
0.85098040
0.79607844
0.80784315
0.83529413
0.73725492
0.25882354
0.48627451
0.45490196
0.20784314
0.31764707
0.47843137
0.32941177
0.31372550
0.56078434
0.38431373
0.17254902
0.65098041
0.38431373
0.40392157
0.34509805
0.15294118
0.11764706
0.73725492
0.41176471
0.43529412
0.41960785
0.22745098
0.11764706
0.50588238
0.77254903
0.81176472
0.76862746
0.70588237
0.86666667
0.87450981
0.89019608
0.78039217
0.27843139
0.48627451
0.44313726
0.14509805
0.48627451
0.82745099
0.76078433
0.30588236
0.53725493
0.27843139
0.33333334
0.92156863
0.56470591
0.38039216
0.23921569
0.07843138
0.15294118
0.65098041
0.41568628
0.23921569
0.25098041
0.12156863
0.12549020
0.31764707
0.30196080
0.36862746
0.34117648
0.43529412
0.65490198
0.60000002
0.64705884
0.60000002
0.30196080
0.45490196
0.33725491
0.18039216
0.76078433
0.81960785
0.74117649
0.27843139
0.22352941
0.24313726
0.41960785
0.57647061
0.49803922
0.46274510
0.20392157
0.19607843
0.24705882
0.26274511
0.29411766
0.27450982
0.23921569
0.18039216
0.20000000
0.24705882
0.20784314
0.16862746
0.18823530
0.25098041
0.53333336
0.47058824
0.47450981
0.54901963
0.43529412
0.27058825
0.15294118
0.32156864
0.46274510
0.34901962
0.40784314
0.43529412
0.50588238
0.58431375
0.61960787
0.49803922
0.49019608
0.62352943
0.50980395
0.62745100
0.59215689
0.65490198
0.67450982
0.65882355
0.67843139
0.69411767
0.69411767
0.62352943
0.55294120
0.46666667
0.39215687
0.24705882
0.65490198
0.65882355
0.61960787
0.65882355
0.64705884
0.58431375
0.63529414
0.68627453
0.63921571
0.66666669
0.69019610
0.75686276
0.81568629
0.76470590
0.75294119
0.70980394
0.60392159
0.70588237
0.81568629
0.82745099
0.80000001
0.74509805
0.74509805
0.73725492
0.70980394
0.73333335
0.72549021
0.73725492
0.73725492
0.70980394
0.68235296
0.68235296
0.69411767
0.66666669
0.64313728
0.63137257
0.66274512
0.75294119
0.70196080
0.67450982
0.61568630
0.56470591
0.61176473
0.62745100
0.64705884
0.67843139
0.66274512
0.66666669
0.70980394
0.70196080
0.67843139
0.75294119
0.79607844
0.79607844
0.79215688
0.75686276
0.71764708
0.67450982
0.68235296
0.67450982
0.70588237
0.66666669
0.60392159
0.63529414
0.58431375
0.56078434
0.61568630
0.66274512
0.59215689
0.67450982
0.70196080
0.75294119
0.70196080
0.67450982
0.64313728
0.61960787
0.64705884
0.65098041
0.65882355
0.65098041
0.70196080
0.72156864
0.72941178
0.77647060
0.79215688
0.79215688
0.81568629
0.76470590
0.78431374
0.75294119
0.74901962
0.80784315
0.83529413
0.87843138
0.86274511
0.82352942
0.49411765
0.50980395
0.55686277
0.57647061
0.60784316
0.59215689
0.68235296
0.74509805
0.74117649
0.77254903
0.76078433
0.72549021
0.70588237
0.72549021
0.70980394
0.68627453
0.66666669
0.67450982
0.62352943
0.40784314
0.53725493
0.60784316
0.52156866
0.61960787
0.68627453
0.67058825
0.67450982
0.67450982
0.63137257
0.67058825
0.58823532
0.66274512
0.38823530
0.42745098
0.45098040
0.48235294
0.49019608
0.52941179
0.54509807
0.55294120
0.44705883
0.49411765
0.52156866
0.45490196
0.37254903
0.58823532
0.55686277
0.56862748
0.55686277
0.54509807
0.49019608
0.37647060
0.32941177
0.34901962
0.42352942
0.43529412
0.45490196
0.43137255
0.38039216
0.37254903
0.35686275
0.43137255
0.47843137
0.49019608
0.50980395
0.52549022
0.61176473
0.67450982
0.58823532
0.74901962
0.62352943
0.52941179
0.41176471
0.36470589
0.50588238
0.52941179
0.41960785
0.49019608
0.49803922
0.53333336
0.56078434
0.52549022
0.53725493
0.58823532
0.52549022
0.49411765
0.52549022
0.50588238
0.47450981
0.45882353
0.36078432
0.38039216
0.43921569
0.40784314
0.48627451
0.47058824
0.77254903
0.80784315
0.74509805
0.78039217
0.67058825
0.57647061
0.60000002
0.59215689
0.58823532
0.52156866
0.55686277
0.58823532
0.60392159
0.58823532
0.59215689
0.60392159
0.59215689
0.60000002
0.64313728
0.63529414
0.62745100
0.63529414
0.54117650
0.49411765
0.46274510
0.47450981
0.47058824
0.40392157
0.33333334
0.34901962
0.34117648
0.32941177
0.83921570
0.86274511
0.87450981
0.88627452
0.89803922
0.90588236
0.91372550
0.90980393
0.90196079
0.89411765
0.89411765
0.89019608
0.88627452
0.88627452
0.88627452
0.87843138
0.87450981
0.87450981
0.87450981
0.87450981
0.87058824
0.87058824
0.87450981
0.88235295
0.88627452
0.89411765
0.89019608
0.89019608
0.88627452
0.87843138
0.85490197
0.84313726
0.83921570
0.85882354
0.87058824
0.88235295
0.88627452
0.89411765
0.89803922
0.89019608
0.88627452
0.87843138
0.87843138
0.87843138
0.88235295
0.88235295
0.88235295
0.87843138
0.87058824
0.87058824
0.87058824
0.87450981
0.87450981
0.87843138
0.87843138
0.87843138
0.88235295
0.89411765
0.89411765
0.89411765
0.88235295
0.87450981
0.84705883
0.83529413
0.83921570
0.85490197
0.87058824
0.87843138
0.87843138
0.88235295
0.88627452
0.88235295
0.87843138
0.87450981
0.87450981
0.87450981
0.87843138
0.87843138
0.87450981
0.87450981
0.87058824
0.87058824
0.87843138
0.88235295
0.88235295
0.88235295
0.87843138
0.87450981
0.88235295
0.89019608
0.88627452
0.88627452
0.87450981
0.87450981
0.85490197
0.85098040
0.83921570
0.85490197
0.86666667
0.87450981
0.87843138
0.87843138
0.88235295
0.88235295
0.87843138
0.87843138
0.87450981
0.87843138
0.87843138
0.87843138
0.87450981
0.87450981
0.87450981
0.87843138
0.88235295
0.88235295
0.87843138
0.87450981
0.87058824
0.87058824
0.88235295
0.88235295
0.88235295
0.87843138
0.87058824
0.86274511
0.85490197
0.84705883
0.83921570
0.85098040
0.86274511
0.87058824
0.87450981
0.87843138
0.87058824
0.87450981
0.88235295
0.88627452
0.88627452
0.88235295
0.87058824
0.87450981
0.87843138
0.87450981
0.87843138
0.87843138
0.88235295
0.87450981
0.87058824
0.87058824
0.87058824
0.87450981
0.87450981
0.87450981
0.87058824
0.86666667
0.86666667
0.85882354
0.85882354
0.84705883
0.83529413
0.84705883
0.86274511
0.86666667
0.86666667
0.86274511
0.89019608
0.88627452
0.87450981
0.87450981
0.87058824
0.87058824
0.87450981
0.87450981
0.87450981
0.87450981
0.87843138
0.87843138
0.88235295
0.87843138
0.87058824
0.86666667
0.86666667
0.86666667
0.86666667
0.86666667
0.86666667
0.85882354
0.85490197
0.85490197
0.85098040
0.83529413
0.83137256
0.84705883
0.85490197
0.86274511
0.90196079
0.93725491
0.85882354
0.88235295
0.92549020
0.93725491
0.92941177
0.90980393
0.88235295
0.87843138
0.87843138
0.87058824
0.86666667
0.87058824
0.87058824
0.87058824
0.86274511
0.86666667
0.86666667
0.86666667
0.86274511
0.86274511
0.85882354
0.84705883
0.85098040
0.84705883
0.83921570
0.83137256
0.83137256
0.84313726
0.85098040
0.87058824
0.79215688
0.69019610
0.32941177
0.38823530
0.49019608
0.59607846
0.78823531
0.81176472
0.86666667
0.87450981
0.87058824
0.89411765
0.94117647
0.93333334
0.87058824
0.87843138
0.87450981
0.87450981
0.87058824
0.87058824
0.86666667
0.86274511
0.86274511
0.84313726
0.84705883
0.84705883
0.83921570
0.83137256
0.82745099
0.84313726
0.85098040
0.87843138
0.51764709
0.25490198
0.24705882
0.25882354
0.24313726
0.27058825
0.25490198
0.53725493
0.91764706
0.89019608
0.89803922
0.85098040
0.74901962
0.76862746
0.89803922
0.87450981
0.87058824
0.86274511
0.86274511
0.85490197
0.84705883
0.84705883
0.84313726
0.83529413
0.83921570
0.84313726
0.83921570
0.82352942
0.82745099
0.84313726
0.85098040
0.87058824
0.45882353
0.30980393
0.32549021
0.35294119
0.33725491
0.41568628
0.31372550
0.37254903
0.68627453
0.83529413
0.70980394
0.47843137
0.53333336
0.67450982
0.53725493
0.34901962
0.55294120
0.91372550
0.90980393
0.90588236
0.89803922
0.89411765
0.89411765
0.88627452
0.88235295
0.87843138
0.83137256
0.81568629
0.82352942
0.83529413
0.86666667
0.87058824
0.45882353
0.27843139
0.34509805
0.38823530
0.31764707
0.43921569
0.38431373
0.41960785
0.40392157
0.40000001
0.21568628
0.54509807
0.45882353
0.39215687
0.20392157
0.14117648
0.25882354
0.63921571
0.61176473
0.60392159
0.60392159
0.60392159
0.62352943
0.61568630
0.61960787
0.64313728
0.83137256
0.81960785
0.83137256
0.87058824
0.87450981
0.56862748
0.32156864
0.29803923
0.39607844
0.40784314
0.37647060
0.51372552
0.47058824
0.33725491
0.11372549
0.09019608
0.22745098
0.47450981
0.34509805
0.27843139
0.38823530
0.48235294
0.44705883
0.41176471
0.39607844
0.40000001
0.40000001
0.40000001
0.39607844
0.42352942
0.45490196
0.50588238
0.82745099
0.81568629
0.83529413
0.80392158
0.63529414
0.47450981
0.47450981
0.50588238
0.49019608
0.44313726
0.34117648
0.38039216
0.31764707
0.20000000
0.17647059
0.12156863
0.19215687
0.29019609
0.22352941
0.34901962
0.36078432
0.40392157
0.43529412
0.44705883
0.46274510
0.49019608
0.47843137
0.50196081
0.51764709
0.55686277
0.74117649
0.57647061
0.78431374
0.81176472
0.80392158
0.39607844
0.23921569
0.35294119
0.35294119
0.31764707
0.32156864
0.31372550
0.34901962
0.22352941
0.32156864
0.40784314
0.54117650
0.23921569
0.08627451
0.19215687
0.29019609
0.40392157
0.43137255
0.54509807
0.58431375
0.61960787
0.70196080
0.67450982
0.62352943
0.56078434
0.64705884
0.49411765
0.43137255
0.51764709
0.80392158
0.79607844
0.79607844
0.24705882
0.19607843
0.39215687
0.49411765
0.51764709
0.60392159
0.50196081
0.49411765
0.40000001
0.45882353
0.38431373
0.44313726
0.26666668
0.20784314
0.30980393
0.37254903
0.49019608
0.32549021
0.42352942
0.46666667
0.47843137
0.43529412
0.46274510
0.41960785
0.39215687
0.27843139
0.30980393
0.65490198
0.84705883
0.81960785
0.79607844
0.76470590
0.23137255
0.29019609
0.50980395
0.65098041
0.60784316
0.49803922
0.32549021
0.36078432
0.32549021
0.40784314
0.21176471
0.52941179
0.36078432
0.32549021
0.34901962
0.36078432
0.50980395
0.36862746
0.49411765
0.62745100
0.57254905
0.25098041
0.16470589
0.12156863
0.10980392
0.26666668
0.79215688
0.87058824
0.81176472
0.80784315
0.79607844
0.83137256
0.77647060
0.56862748
0.32156864
0.22745098
0.29019609
0.34509805
0.31764707
0.49803922
0.52941179
0.38823530
0.19607843
0.54117650
0.47058824
0.53333336
0.25098041
0.17254902
0.26274511
0.34117648
0.55294120
0.48235294
0.31764707
0.16078432
0.28235295
0.23921569
0.15294118
0.42745098
0.87058824
0.80784315
0.81176472
0.81176472
0.78823531
0.82352942
0.87843138
0.89803922
0.72156864
0.30588236
0.21176471
0.26666668
0.26666668
0.35294119
0.50980395
0.35294119
0.19215687
0.28627452
0.12549020
0.41568628
0.28235295
0.18039216
0.21568628
0.20000000
0.18823530
0.14509805
0.12549020
0.27058825
0.48627451
0.43137255
0.17647059
0.16470589
0.69411767
0.82745099
0.80392158
0.80000001
0.79215688
0.81176472
0.82745099
0.83529413
0.90980393
0.70980394
0.40784314
0.20784314
0.12549020
0.10588235
0.15686275
0.13725491
0.40000001
0.35686275
0.22745098
0.20392157
0.27450982
0.28235295
0.23137255
0.29411766
0.13725491
0.32549021
0.26274511
0.34509805
0.23137255
0.42352942
0.27058825
0.14117648
0.50980395
0.83529413
0.80392158
0.80000001
0.79607844
0.81568629
0.82745099
0.84313726
0.83921570
0.46274510
0.31372550
0.37254903
0.17254902
0.27450982
0.40000001
0.20784314
0.32549021
0.25098041
0.31764707
0.12156863
0.20392157
0.24313726
0.21176471
0.27450982
0.18039216
0.37647060
0.29803923
0.27450982
0.24313726
0.40000001
0.30980393
0.13333334
0.42745098
0.83921570
0.80784315
0.80000001
0.78823531
0.81568629
0.82352942
0.83921570
0.79607844
0.26274511
0.23137255
0.35686275
0.17647059
0.30196080
0.37647060
0.21960784
0.27058825
0.38039216
0.32156864
0.16862746
0.25098041
0.24313726
0.23529412
0.28235295
0.17254902
0.31372550
0.27450982
0.24705882
0.33725491
0.41568628
0.27843139
0.12156863
0.47058824
0.89411765
0.85098040
0.85098040
0.85490197
0.79215688
0.80392158
0.82745099
0.71764708
0.21568628
0.37647060
0.40392157
0.18039216
0.23137255
0.34901962
0.30980393
0.27843139
0.43529412
0.33725491
0.16470589
0.61568630
0.36470589
0.31764707
0.30588236
0.14509805
0.12549020
0.72549021
0.40784314
0.34117648
0.37254903
0.23529412
0.12156863
0.47843137
0.74117649
0.78823531
0.74509805
0.68627453
0.87058824
0.88235295
0.90196079
0.77254903
0.24313726
0.37254903
0.38823530
0.12941177
0.45882353
0.78823531
0.74509805
0.25882354
0.44313726
0.26666668
0.33725491
0.90980393
0.52549022
0.33333334
0.23137255
0.10196079
0.15294118
0.63921571
0.41960785
0.23137255
0.25490198
0.13725491
0.12156863
0.28235295
0.25490198
0.31764707
0.29019609
0.37647060
0.60000002
0.53725493
0.58039218
0.52941179
0.26274511
0.40000001
0.31372550
0.17647059
0.76078433
0.80392158
0.72549021
0.26666668
0.22352941
0.23137255
0.37647060
0.53333336
0.43137255
0.39607844
0.18431373
0.17647059
0.21568628
0.22745098
0.25882354
0.24705882
0.22352941
0.16862746
0.17647059
0.20000000
0.16078432
0.12549020
0.14117648
0.20000000
0.41960785
0.33725491
0.32941177
0.43137255
0.37647060
0.24313726
0.13333334
0.27058825
0.40000001
0.27450982
0.32156864
0.35294119
0.41176471
0.47058824
0.50196081
0.41176471
0.40000001
0.54509807
0.44313726
0.56078434
0.51764709
0.58431375
0.60392159
0.58823532
0.60784316
0.62352943
0.63529414
0.55294120
0.48627451
0.42745098
0.34901962
0.20392157
0.55686277
0.56470591
0.52549022
0.57254905
0.55294120
0.50196081
0.55686277
0.60000002
0.54901963
0.57254905
0.60392159
0.67058825
0.73333335
0.69019610
0.68627453
0.63137257
0.50980395
0.62745100
0.74117649
0.75294119
0.72941178
0.67843139
0.68235296
0.67058825
0.63529414
0.64705884
0.64705884
0.66274512
0.66666669
0.64705884
0.61568630
0.61568630
0.60392159
0.58431375
0.55686277
0.52156866
0.54901963
0.66666669
0.61176473
0.58823532
0.52941179
0.47058824
0.51764709
0.55294120
0.56862748
0.58431375
0.56470591
0.58039218
0.62745100
0.63137257
0.61568630
0.69411767
0.74117649
0.73725492
0.73333335
0.69803923
0.65490198
0.60784316
0.60000002
0.59215689
0.61960787
0.57254905
0.50980395
0.53333336
0.44705883
0.43529412
0.51372552
0.55686277
0.49019608
0.58039218
0.60392159
0.67843139
0.62352943
0.59607846
0.56078434
0.50980395
0.51764709
0.53725493
0.57254905
0.56862748
0.61960787
0.63921571
0.65490198
0.70980394
0.72549021
0.72156864
0.74509805
0.69411767
0.72156864
0.69411767
0.68235296
0.74509805
0.76078433
0.80392158
0.80000001
0.75294119
0.37647060
0.38823530
0.41960785
0.45098040
0.48627451
0.46666667
0.56470591
0.64313728
0.64313728
0.67843139
0.65882355
0.63137257
0.62352943
0.62745100
0.60784316
0.58823532
0.57254905
0.58039218
0.52549022
0.32156864
0.46666667
0.51372552
0.41960785
0.52549022
0.59215689
0.58039218
0.60392159
0.60392159
0.55294120
0.60392159
0.51764709
0.60000002
0.27843139
0.31764707
0.33333334
0.36078432
0.36862746
0.40784314
0.42745098
0.43529412
0.33333334
0.39215687
0.40784314
0.35294119
0.27843139
0.48235294
0.45490196
0.46666667
0.45490196
0.44313726
0.37254903
0.27450982
0.25882354
0.24705882
0.30980393
0.32156864
0.34117648
0.31764707
0.27843139
0.27058825
0.25490198
0.31372550
0.34509805
0.37254903
0.40784314
0.42352942
0.50980395
0.57647061
0.47843137
0.63529414
0.50588238
0.41960785
0.31372550
0.27058825
0.38823530
0.41176471
0.30588236
0.37254903
0.37647060
0.41568628
0.44313726
0.40392157
0.41176471
0.45882353
0.41176471
0.37254903
0.39607844
0.38823530
0.35686275
0.34117648
0.23921569
0.25882354
0.32941177
0.29019609
0.35686275
0.35294119
0.68627453
0.71372551
0.64313728
0.67450982
0.56862748
0.46666667
0.49019608
0.47450981
0.47843137
0.42352942
0.44313726
0.45882353
0.47450981
0.45490196
0.45882353
0.47450981
0.46274510
0.47058824
0.52156866
0.50588238
0.49411765
0.49803922
0.40784314
0.36470589
0.33725491
0.35294119
0.35686275
0.29411766
0.23921569
0.25882354
0.25490198
0.22352941
0.85882354
0.87843138
0.88235295
0.89411765
0.90588236
0.91372550
0.92156863
0.91764706
0.90980393
0.90588236
0.90980393
0.90588236
0.90588236
0.90588236
0.90588236
0.89803922
0.89411765
0.89019608
0.89411765
0.89019608
0.88627452
0.88627452
0.88627452
0.88235295
0.88235295
0.89019608
0.88627452
0.88627452
0.88235295
0.87450981
0.85882354
0.84705883
0.85882354
0.87450981
0.87843138
0.89019608
0.90196079
0.90980393
0.91372550
0.90980393
0.90196079
0.89411765
0.89411765
0.89803922
0.90196079
0.89803922
0.89803922
0.89411765
0.89019608
0.88627452
0.88627452
0.89019608
0.89019608
0.89019608
0.88627452
0.87450981
0.87450981
0.88627452
0.88235295
0.88235295
0.87450981
0.86666667
0.84705883
0.83921570
0.85882354
0.87058824
0.87843138
0.88627452
0.89411765
0.89803922
0.90196079
0.89803922
0.89411765
0.89019608
0.88627452
0.89411765
0.89803922
0.89411765
0.89019608
0.89019608
0.88627452
0.88627452
0.88627452
0.89019608
0.89019608
0.88627452
0.87843138
0.86666667
0.87058824
0.87450981
0.87450981
0.87450981
0.86666667
0.86666667
0.85098040
0.85098040
0.85882354
0.87058824
0.87450981
0.88235295
0.88235295
0.88627452
0.89019608
0.89019608
0.88627452
0.88627452
0.88627452
0.89019608
0.89411765
0.89411765
0.89019608
0.89019608
0.89019608
0.89411765
0.88627452
0.88235295
0.87843138
0.87450981
0.86666667
0.86274511
0.87450981
0.87450981
0.87450981
0.87058824
0.86274511
0.85490197
0.84705883
0.84705883
0.85882354
0.86666667
0.87058824
0.87450981
0.88627452
0.89019608
0.87450981
0.87843138
0.88235295
0.88627452
0.88235295
0.89019608
0.89411765
0.89803922
0.89803922
0.88627452
0.88235295
0.88627452
0.88627452
0.87843138
0.87450981
0.87058824
0.86274511
0.86274511
0.86666667
0.86666667
0.86274511
0.85882354
0.85490197
0.84705883
0.85098040
0.84313726
0.85490197
0.85882354
0.87450981
0.87058824
0.87058824
0.87450981
0.89803922
0.88627452
0.87450981
0.87450981
0.87058824
0.89019608
0.89803922
0.87843138
0.87843138
0.87843138
0.87843138
0.88235295
0.87843138
0.87058824
0.86666667
0.85882354
0.85882354
0.85882354
0.85882354
0.85882354
0.85882354
0.85098040
0.84705883
0.84705883
0.84705883
0.83529413
0.85098040
0.86666667
0.86666667
0.87058824
0.90196079
0.93725491
0.86666667
0.88627452
0.93333334
0.94509804
0.94901961
0.91372550
0.86666667
0.86666667
0.88235295
0.87450981
0.86666667
0.87450981
0.87058824
0.87843138
0.85098040
0.85490197
0.85882354
0.85490197
0.85490197
0.85490197
0.85098040
0.83921570
0.84313726
0.83921570
0.83921570
0.83137256
0.85098040
0.86666667
0.85882354
0.87843138
0.83137256
0.70588237
0.26666668
0.30588236
0.41176471
0.51764709
0.76470590
0.81568629
0.85882354
0.87058824
0.87450981
0.88627452
0.92549020
0.91764706
0.87843138
0.88627452
0.86666667
0.86274511
0.85882354
0.85490197
0.85098040
0.85098040
0.85098040
0.83529413
0.83921570
0.83921570
0.83529413
0.83137256
0.84705883
0.86666667
0.85882354
0.89019608
0.43921569
0.12156863
0.11372549
0.12549020
0.11764706
0.13333334
0.13725491
0.49411765
0.92156863
0.91372550
0.89803922
0.85882354
0.74117649
0.76470590
0.88627452
0.83921570
0.85882354
0.85490197
0.85490197
0.84705883
0.83921570
0.83529413
0.83529413
0.82745099
0.83137256
0.83529413
0.83529413
0.82745099
0.84705883
0.86274511
0.86274511
0.88627452
0.34901962
0.17254902
0.19607843
0.21176471
0.21176471
0.26274511
0.15686275
0.28235295
0.63921571
0.78823531
0.67450982
0.44705883
0.45098040
0.58431375
0.50588238
0.34117648
0.54901963
0.91372550
0.90980393
0.90588236
0.89803922
0.89803922
0.89019608
0.87843138
0.87450981
0.87058824
0.83137256
0.81568629
0.84313726
0.85098040
0.85882354
0.88235295
0.36470589
0.17647059
0.20000000
0.22352941
0.16470589
0.27843139
0.23921569
0.29411766
0.30980393
0.31764707
0.18431373
0.47843137
0.31372550
0.28235295
0.19607843
0.21568628
0.28235295
0.65098041
0.62745100
0.61568630
0.61176473
0.61176473
0.61568630
0.60784316
0.61176473
0.63529414
0.82745099
0.81960785
0.84705883
0.88235295
0.88235295
0.49411765
0.18823530
0.18823530
0.23137255
0.25882354
0.24313726
0.36078432
0.31764707
0.22745098
0.12941177
0.10588235
0.26274511
0.41176471
0.27058825
0.20000000
0.28235295
0.40000001
0.36078432
0.32156864
0.31372550
0.31764707
0.31764707
0.30980393
0.31764707
0.38823530
0.46274510
0.50588238
0.82352942
0.81568629
0.85882354
0.79607844
0.62745100
0.38431373
0.38431373
0.42352942
0.39607844
0.33725491
0.28235295
0.31764707
0.30196080
0.16862746
0.17647059
0.13333334
0.21568628
0.27450982
0.23921569
0.27843139
0.23921569
0.28627452
0.25098041
0.25882354
0.28627452
0.30196080
0.29803923
0.30980393
0.34117648
0.47058824
0.74509805
0.57647061
0.78431374
0.81176472
0.82352942
0.35686275
0.17254902
0.28235295
0.24313726
0.19215687
0.18431373
0.18823530
0.20000000
0.15294118
0.30196080
0.25882354
0.38431373
0.19607843
0.12156863
0.20000000
0.17647059
0.25490198
0.30196080
0.43921569
0.40784314
0.45490196
0.56470591
0.54509807
0.51764709
0.41568628
0.46666667
0.40784314
0.43529412
0.51764709
0.80392158
0.79607844
0.79607844
0.23529412
0.15294118
0.25882354
0.36078432
0.38039216
0.44705883
0.33333334
0.31372550
0.27058825
0.31764707
0.26274511
0.30196080
0.21176471
0.19607843
0.23921569
0.24705882
0.29411766
0.18823530
0.24705882
0.31764707
0.34901962
0.34509805
0.38431373
0.35686275
0.27058825
0.18823530
0.28627452
0.66274512
0.84705883
0.81960785
0.79607844
0.77647060
0.23921569
0.20784314
0.40392157
0.56078434
0.51372552
0.40784314
0.21176471
0.22352941
0.16470589
0.25490198
0.14901961
0.35686275
0.25098041
0.22745098
0.25098041
0.24313726
0.35686275
0.25882354
0.30588236
0.43921569
0.41568628
0.15686275
0.07058824
0.03137255
0.04313726
0.26666668
0.80000001
0.85882354
0.81176472
0.80784315
0.79607844
0.84705883
0.79607844
0.57254905
0.23921569
0.14509805
0.19215687
0.26666668
0.22745098
0.33725491
0.35294119
0.27450982
0.17254902
0.40392157
0.36078432
0.44313726
0.21176471
0.13725491
0.22352941
0.28627452
0.40392157
0.34901962
0.22745098
0.11372549
0.25882354
0.21960784
0.11372549
0.43921569
0.87450981
0.79215688
0.81176472
0.81176472
0.78823531
0.83529413
0.88627452
0.91372550
0.73333335
0.29411766
0.17254902
0.21960784
0.20000000
0.24313726
0.36470589
0.27450982
0.19215687
0.25882354
0.11764706
0.37647060
0.23921569
0.15294118
0.20784314
0.18823530
0.15294118
0.07843138
0.09411765
0.25882354
0.46274510
0.40784314
0.15686275
0.17254902
0.69411767
0.81960785
0.80000001
0.79215688
0.79215688
0.82745099
0.83529413
0.84313726
0.91372550
0.69019610
0.37254903
0.20000000
0.10980392
0.07843138
0.10196079
0.10196079
0.38039216
0.35686275
0.21960784
0.15686275
0.17647059
0.26274511
0.21568628
0.27843139
0.14117648
0.18431373
0.18431373
0.34117648
0.19607843
0.38039216
0.26274511
0.14117648
0.52549022
0.82745099
0.79607844
0.79607844
0.79607844
0.82745099
0.83529413
0.85098040
0.83529413
0.44313726
0.26666668
0.34901962
0.14117648
0.20000000
0.27450982
0.19215687
0.29019609
0.23529412
0.32156864
0.09803922
0.14117648
0.22352941
0.14117648
0.23921569
0.15294118
0.24313726
0.20000000
0.27058825
0.14509805
0.33333334
0.30196080
0.14117648
0.46274510
0.83921570
0.81176472
0.80392158
0.79215688
0.82745099
0.83137256
0.85098040
0.80000001
0.25882354
0.17647059
0.30980393
0.15686275
0.21960784
0.24313726
0.20000000
0.25098041
0.24313726
0.31372550
0.13725491
0.17647059
0.16862746
0.13333334
0.21568628
0.17254902
0.20784314
0.21960784
0.23137255
0.20784314
0.35294119
0.25882354
0.13333334
0.49411765
0.88235295
0.85098040
0.85098040
0.85490197
0.80000001
0.80784315
0.83921570
0.73333335
0.18039216
0.24705882
0.31764707
0.16862746
0.12941177
0.23529412
0.28627452
0.22745098
0.30196080
0.29803923
0.16862746
0.63921571
0.37254903
0.20784314
0.25098041
0.14117648
0.12941177
0.73725492
0.38039216
0.25490198
0.33333334
0.21568628
0.14509805
0.46274510
0.70980394
0.76078433
0.71764708
0.66274512
0.89411765
0.89019608
0.91372550
0.79607844
0.21960784
0.26666668
0.34117648
0.14509805
0.42352942
0.75686276
0.74509805
0.23137255
0.35294119
0.24705882
0.34901962
0.90588236
0.46666667
0.25490198
0.21960784
0.09803922
0.17647059
0.63529414
0.39215687
0.21960784
0.24313726
0.13725491
0.12941177
0.21960784
0.18039216
0.26666668
0.23137255
0.30980393
0.56862748
0.47450981
0.52549022
0.47843137
0.23137255
0.34901962
0.29411766
0.17254902
0.74509805
0.77254903
0.69019610
0.25490198
0.21568628
0.20784314
0.30588236
0.45882353
0.33725491
0.32549021
0.16078432
0.15294118
0.19215687
0.18039216
0.21568628
0.21568628
0.20000000
0.15686275
0.17254902
0.17254902
0.12156863
0.09019608
0.09803922
0.15294118
0.32549021
0.25098041
0.21568628
0.29803923
0.31372550
0.21176471
0.12156863
0.21960784
0.32549021
0.19215687
0.25098041
0.26666668
0.30588236
0.36470589
0.40784314
0.31764707
0.30980393
0.45098040
0.36862746
0.47450981
0.43921569
0.50196081
0.51764709
0.50588238
0.52941179
0.54509807
0.56470591
0.50196081
0.45490196
0.40000001
0.32941177
0.18823530
0.45882353
0.46666667
0.41960785
0.45098040
0.45490196
0.40784314
0.46274510
0.49411765
0.43921569
0.45882353
0.49019608
0.56862748
0.63921571
0.59215689
0.58039218
0.52156866
0.42352942
0.53333336
0.64313728
0.65098041
0.62352943
0.58431375
0.58039218
0.56862748
0.54117650
0.54509807
0.52549022
0.54509807
0.56078434
0.54117650
0.52156866
0.52549022
0.50980395
0.49411765
0.43529412
0.40392157
0.43529412
0.54901963
0.48627451
0.46274510
0.41176471
0.35686275
0.39215687
0.42352942
0.45490196
0.47058824
0.45490196
0.46666667
0.53333336
0.52941179
0.51372552
0.59607846
0.63921571
0.65098041
0.63921571
0.60392159
0.56862748
0.51372552
0.51764709
0.50980395
0.52156866
0.46666667
0.41176471
0.43921569
0.31372550
0.29803923
0.40784314
0.45882353
0.38039216
0.47058824
0.48235294
0.55686277
0.51372552
0.49803922
0.47058824
0.40784314
0.41176471
0.40784314
0.44313726
0.45098040
0.49411765
0.51372552
0.52549022
0.59607846
0.60784316
0.60784316
0.63529414
0.59607846
0.63137257
0.60000002
0.58823532
0.64705884
0.65098041
0.71764708
0.72156864
0.68627453
0.25490198
0.26274511
0.29803923
0.32941177
0.36078432
0.34901962
0.42745098
0.51764709
0.52156866
0.55294120
0.52941179
0.50196081
0.50980395
0.51372552
0.48627451
0.46666667
0.44313726
0.44705883
0.40784314
0.23137255
0.36862746
0.40392157
0.30980393
0.41568628
0.48235294
0.46666667
0.48235294
0.49803922
0.45882353
0.49803922
0.41960785
0.48627451
0.16470589
0.21176471
0.21176471
0.23529412
0.23921569
0.29019609
0.29019609
0.29803923
0.21568628
0.26666668
0.29019609
0.25490198
0.20000000
0.36078432
0.32941177
0.34509805
0.32941177
0.31764707
0.26274511
0.18823530
0.17254902
0.16470589
0.20392157
0.21568628
0.21176471
0.18823530
0.16078432
0.16862746
0.15294118
0.18823530
0.22352941
0.23921569
0.31764707
0.33333334
0.40392157
0.46274510
0.36078432
0.51764709
0.38039216
0.28627452
0.21176471
0.18431373
0.27843139
0.29803923
0.20392157
0.24705882
0.24313726
0.27843139
0.30588236
0.27843139
0.26666668
0.32156864
0.27843139
0.25098041
0.27058825
0.27058825
0.23529412
0.22352941
0.15294118
0.16470589
0.21960784
0.17647059
0.23529412
0.23921569
0.58823532
0.61960787
0.53333336
0.56078434
0.45490196
0.35294119
0.37647060
0.36078432
0.37254903
0.31764707
0.32156864
0.32941177
0.34901962
0.32549021
0.32156864
0.32941177
0.32156864
0.33333334
0.37254903
0.36078432
0.34509805
0.35686275
0.26666668
0.23529412
0.21176471
0.23529412
0.25098041
0.18823530
0.15686275
0.17647059
0.15686275
0.14117648
1 0 0 0 0 0 0 0 0 -1 0
0 1 0 0 0 0 0 0 0 -1 0
0 0 1 0 0 0 0 0 0 -1 0
0 0 0 1 0 0 0 0 0 -1 0
0 0 0 0 1 0 0 0 0 -1 0
0 0 0 0 0 1 0 0 0 -1 0
0 0 0 0 0 0 1 0 0 -1 0
0 0 0 0 0 0 0 1 0 -1 0
0 0 0 0 0 0 0 0 1 -1 0
