0.58431375
0.58431375
0.54901963
0.58431375
0.58039218
0.56078434
0.58431375
0.56078434
0.57647061
0.58431375
0.57254905
0.60392159
0.58823532
0.57647061
0.56862748
0.59607846
0.86666667
0.70980394
0.72549021
0.86274511
0.80784315
0.68627453
0.78039217
0.75294119
0.66274512
0.44705883
0.30196080
0.48235294
0.70980394
0.68627453
0.64705884
0.65490198
0.57647061
0.58823532
0.54901963
0.58823532
0.58039218
0.56470591
0.58823532
0.56078434
0.57647061
0.58039218
0.55294120
0.58823532
0.56078434
0.53333336
0.57647061
0.61960787
0.81176472
0.68235296
0.71372551
0.84705883
0.78039217
0.66274512
0.75686276
0.68627453
0.57254905
0.55294120
0.30980393
0.35686275
0.65098041
0.75294119
0.71764708
0.63921571
0.58431375
0.60392159
0.55686277
0.55686277
0.56470591
0.55294120
0.58431375
0.56078434
0.57254905
0.58431375
0.56470591
0.58039218
0.56078434
0.57647061
0.70980394
0.82352942
0.83137256
0.57647061
0.54901963
0.54509807
0.48627451
0.55686277
0.62745100
0.65098041
0.47843137
0.35686275
0.43921569
0.56862748
0.71764708
0.75686276
0.78431374
0.75686276
0.59607846
0.60392159
0.56078434
0.56470591
0.54117650
0.54901963
0.56862748
0.56078434
0.58823532
0.58431375
0.56078434
0.57647061
0.56470591
0.58039218
0.69803923
0.96078432
0.74509805
0.31372550
0.33333334
0.32941177
0.36862746
0.44313726
0.47843137
0.71764708
0.54901963
0.36862746
0.56470591
0.69411767
0.68627453
0.80784315
0.84705883
0.82745099
0.58431375
0.56862748
0.55686277
0.56470591
0.53725493
0.58039218
0.56862748
0.58431375
0.65098041
0.61960787
0.63529414
0.69019610
0.64313728
0.58039218
0.70588237
0.92156863
0.78431374
0.54117650
0.42745098
0.36470589
0.44313726
0.43529412
0.45490196
0.56078434
0.54117650
0.63921571
0.64705884
0.77254903
0.81176472
0.87450981
0.82352942
0.80000001
0.67450982
0.61568630
0.63529414
0.63529414
0.59607846
0.76078433
0.67843139
0.63921571
0.79215688
0.67843139
0.67058825
0.70196080
0.57647061
0.44313726
0.68627453
0.91372550
0.96078432
0.88627452
0.53333336
0.38431373
0.37647060
0.34509805
0.33333334
0.32941177
0.32156864
0.49411765
0.57254905
0.80392158
0.89019608
0.89019608
0.84313726
0.80784315
0.80392158
0.72941178
0.65882355
0.69411767
0.60000002
0.81568629
0.76470590
0.62352943
0.81176472
0.70980394
0.64313728
0.53725493
0.27450982
0.14901961
0.28235295
0.72156864
0.91372550
0.83137256
0.38431373
0.25098041
0.33725491
0.36470589
0.35686275
0.31372550
0.18039216
0.31372550
0.46666667
0.56470591
0.78431374
0.90196079
0.89019608
0.88627452
0.70196080
0.72941178
0.60392159
0.63921571
0.59607846
0.70196080
0.70980394
0.61176473
0.70196080
0.67843139
0.55294120
0.31372550
0.12156863
0.08627451
0.05882353
0.34901962
0.74117649
0.70980394
0.39607844
0.14509805
0.20784314
0.41176471
0.47843137
0.41568628
0.24313726
0.22745098
0.30588236
0.30588236
0.47843137
0.61568630
0.58039218
0.64313728
0.69803923
0.62745100
0.68235296
0.58039218
0.70588237
0.69411767
0.62352943
0.74117649
0.62745100
0.56470591
0.36078432
0.15294118
0.09019608
0.08235294
0.06274510
0.18039216
0.59607846
0.68235296
0.50196081
0.13333334
0.10980392
0.30588236
0.44705883
0.46274510
0.29019609
0.21176471
0.25490198
0.27843139
0.30196080
0.31764707
0.27450982
0.34509805
0.79607844
0.59215689
0.65098041
0.56862748
0.70196080
0.76470590
0.63921571
0.86274511
0.66274512
0.36470589
0.20392157
0.10588235
0.06274510
0.06274510
0.04705882
0.10196079
0.47450981
0.65490198
0.47058824
0.09411765
0.05882353
0.11764706
0.26666668
0.32941177
0.22745098
0.16862746
0.25882354
0.28235295
0.27058825
0.28235295
0.23921569
0.20784314
0.66666669
0.62745100
0.58039218
0.55686277
0.65098041
0.76078433
0.85882354
0.90980393
0.56862748
0.27843139
0.14901961
0.05882353
0.04313726
0.04705882
0.03921569
0.04705882
0.36862746
0.61568630
0.39607844
0.05098039
0.05098039
0.05098039
0.13333334
0.27058825
0.23529412
0.20392157
0.25098041
0.23529412
0.23921569
0.29411766
0.18039216
0.13725491
0.60000002
0.69019610
0.65882355
0.62352943
0.73333335
0.78039217
0.92549020
0.74901962
0.41176471
0.20000000
0.07058824
0.03529412
0.04705882
0.04705882
0.04313726
0.03529412
0.30196080
0.56078434
0.29411766
0.03921569
0.06274510
0.03921569
0.08627451
0.25098041
0.30588236
0.34901962
0.37254903
0.37647060
0.31764707
0.23137255
0.11372549
0.14509805
0.61176473
0.63529414
0.75294119
0.76862746
0.78823531
0.70196080
0.74117649
0.50980395
0.30196080
0.13333334
0.03529412
0.02745098
0.05098039
0.05098039
0.05098039
0.03137255
0.20784314
0.40392157
0.15294118
0.06274510
0.08627451
0.03529412
0.06274510
0.21176471
0.29411766
0.32156864
0.33333334
0.47843137
0.44705883
0.28627452
0.09019608
0.14901961
0.63921571
0.72156864
0.83529413
0.71372551
0.50588238
0.55686277
0.54509807
0.35294119
0.28235295
0.11764706
0.05098039
0.04705882
0.06274510
0.07450981
0.07450981
0.07450981
0.12156863
0.19215687
0.12941177
0.08627451
0.07450981
0.03137255
0.05490196
0.19607843
0.32156864
0.29019609
0.25490198
0.33725491
0.23137255
0.23921569
0.23529412
0.30588236
0.61176473
0.76862746
0.83137256
0.66666669
0.39607844
0.43137255
0.40000001
0.31764707
0.28235295
0.10196079
0.04705882
0.05098039
0.06274510
0.07058824
0.11372549
0.24313726
0.12941177
0.13725491
0.26666668
0.14509805
0.04705882
0.02352941
0.03921569
0.13333334
0.21960784
0.18431373
0.20000000
0.25882354
0.18039216
0.44705883
0.70196080
0.67450982
0.50588238
0.75686276
0.80392158
0.60784316
0.47843137
0.41568628
0.33725491
0.33725491
0.24313726
0.07843138
0.02745098
0.04705882
0.05098039
0.09019608
0.27058825
0.44705883
0.22352941
0.14509805
0.38431373
0.25098041
0.04705882
0.02745098
0.04313726
0.09019608
0.13725491
0.27450982
0.32941177
0.42745098
0.41176471
0.73333335
0.83529413
0.78431374
0.47058824
0.79215688
0.81176472
0.45882353
0.47843137
0.41176471
0.32156864
0.30588236
0.18823530
0.07058824
0.03529412
0.03529412
0.09019608
0.32549021
0.50588238
0.43529412
0.19215687
0.12941177
0.37254903
0.29411766
0.05098039
0.03921569
0.05882353
0.07058824
0.10588235
0.33725491
0.46666667
0.43921569
0.58431375
0.80784315
0.73725492
0.66274512
0.41568628
0.66666669
0.59607846
0.30980393
0.43529412
0.37254903
0.29803923
0.25882354
0.13333334
0.07058824
0.04313726
0.03137255
0.12549020
0.43529412
0.56470591
0.38431373
0.25882354
0.30196080
0.40392157
0.20784314
0.04705882
0.03137255
0.03529412
0.05882353
0.09019608
0.30588236
0.44313726
0.27058825
0.59607846
0.76470590
0.69803923
0.61960787
0.37647060
0.43921569
0.32549021
0.32549021
0.41176471
0.33333334
0.25098041
0.17647059
0.07843138
0.07450981
0.03921569
0.03137255
0.11764706
0.40784314
0.54509807
0.51372552
0.49803922
0.50196081
0.32156864
0.08235294
0.03921569
0.03137255
0.02745098
0.05098039
0.07450981
0.22745098
0.34509805
0.27058825
0.51372552
0.64313728
0.64313728
0.63921571
0.36078432
0.32549021
0.27058825
0.38823530
0.38039216
0.26274511
0.19607843
0.10588235
0.07450981
0.08235294
0.03529412
0.07058824
0.26666668
0.50588238
0.57254905
0.58039218
0.58431375
0.48235294
0.14901961
0.03529412
0.02745098
0.02352941
0.03137255
0.03529412
0.03137255
0.09019608
0.26666668
0.35294119
0.34117648
0.46274510
0.60784316
0.64705884
0.37254903
0.34509805
0.36078432
0.40000001
0.34509805
0.22745098
0.15686275
0.08235294
0.09411765
0.06666667
0.03137255
0.10980392
0.37647060
0.51372552
0.54901963
0.51764709
0.56470591
0.53725493
0.33333334
0.16078432
0.05882353
0.03137255
0.03529412
0.03137255
0.03137255
0.04313726
0.18823530
0.26274511
0.12941177
0.37647060
0.60392159
0.63921571
0.36470589
0.35294119
0.40784314
0.38823530
0.29411766
0.19215687
0.10980392
0.09411765
0.10196079
0.05490196
0.03529412
0.17647059
0.42352942
0.50588238
0.54117650
0.48627451
0.52156866
0.55686277
0.46666667
0.33725491
0.17254902
0.05098039
0.03137255
0.02745098
0.03137255
0.04313726
0.11764706
0.15686275
0.09411765
0.20000000
0.29803923
0.38431373
0.37254903
0.36862746
0.40392157
0.34509805
0.24313726
0.15294118
0.11372549
0.11764706
0.07843138
0.04313726
0.04705882
0.22352941
0.44705883
0.52156866
0.57647061
0.53725493
0.55294120
0.56078434
0.47450981
0.36470589
0.20000000
0.07058824
0.02745098
0.02745098
0.02745098
0.03921569
0.05882353
0.07058824
0.09019608
0.07450981
0.08235294
0.12549020
0.39215687
0.39215687
0.36470589
0.29019609
0.19215687
0.14901961
0.12941177
0.09411765
0.05882353
0.04313726
0.05490196
0.23921569
0.45882353
0.55294120
0.60784316
0.58039218
0.59215689
0.56862748
0.49411765
0.40392157
0.23137255
0.07450981
0.03137255
0.03137255
0.03137255
0.03529412
0.03921569
0.04313726
0.05882353
0.06666667
0.06666667
0.07450981
0.38431373
0.37254903
0.31764707
0.25098041
0.18431373
0.14117648
0.10588235
0.07450981
0.05098039
0.03529412
0.05490196
0.23529412
0.46666667
0.57254905
0.60784316
0.60784316
0.61176473
0.56862748
0.50980395
0.46274510
0.29019609
0.07058824
0.03137255
0.02745098
0.02745098
0.03921569
0.03921569
0.04313726
0.05490196
0.06274510
0.05098039
0.05882353
0.36470589
0.32156864
0.28627452
0.23137255
0.16862746
0.13333334
0.09803922
0.06274510
0.03921569
0.03921569
0.05490196
0.23529412
0.47843137
0.58431375
0.61568630
0.61568630
0.62745100
0.57254905
0.53725493
0.49803922
0.31372550
0.06666667
0.02745098
0.02745098
0.02352941
0.03921569
0.07058824
0.15294118
0.06274510
0.05882353
0.05882353
0.06274510
0.36078432
0.30588236
0.28627452
0.21568628
0.15686275
0.13333334
0.08235294
0.05098039
0.04313726
0.04705882
0.07450981
0.24705882
0.48627451
0.59215689
0.62352943
0.63137257
0.63529414
0.58039218
0.55686277
0.51764709
0.30588236
0.05490196
0.02352941
0.02745098
0.02352941
0.04313726
0.10980392
0.29803923
0.13725491
0.06274510
0.06274510
0.06274510
0.41176471
0.31764707
0.27843139
0.19215687
0.13333334
0.10196079
0.06274510
0.05490196
0.05490196
0.06666667
0.09803922
0.25490198
0.50196081
0.59215689
0.62745100
0.64313728
0.63137257
0.58431375
0.56862748
0.52549022
0.27058825
0.03921569
0.03137255
0.07450981
0.05882353
0.06274510
0.11764706
0.35294119
0.40000001
0.15686275
0.05098039
0.06666667
0.47450981
0.31764707
0.25098041
0.17254902
0.11372549
0.07450981
0.06666667
0.07843138
0.09411765
0.09411765
0.10588235
0.25882354
0.49411765
0.57647061
0.63137257
0.64313728
0.62352943
0.58039218
0.56470591
0.51764709
0.24705882
0.05098039
0.04705882
0.09803922
0.07450981
0.05882353
0.13725491
0.35294119
0.49019608
0.21960784
0.05490196
0.06666667
0.45882353
0.34117648
0.25490198
0.16862746
0.10980392
0.06666667
0.10588235
0.14901961
0.17647059
0.16470589
0.17254902
0.27843139
0.47450981
0.56862748
0.61960787
0.63529414
0.60000002
0.56470591
0.55686277
0.50588238
0.25098041
0.10196079
0.05098039
0.05882353
0.07450981
0.07058824
0.09411765
0.33333334
0.43529412
0.19607843
0.07450981
0.06274510
0.49019608
0.43137255
0.27058825
0.16470589
0.09411765
0.09411765
0.19607843
0.24705882
0.29411766
0.27843139
0.29411766
0.34901962
0.48235294
0.56078434
0.61176473
0.62745100
0.58039218
0.55294120
0.55294120
0.50196081
0.30196080
0.19607843
0.09411765
0.12549020
0.17254902
0.09411765
0.11764706
0.39215687
0.47450981
0.22745098
0.07058824
0.06274510
0.59607846
0.47058824
0.27058825
0.18039216
0.14901961
0.20784314
0.31764707
0.35686275
0.40000001
0.36862746
0.38823530
0.41960785
0.50196081
0.57254905
0.61960787
0.62352943
0.57254905
0.54509807
0.56078434
0.52549022
0.39607844
0.29411766
0.25490198
0.34901962
0.32549021
0.08627451
0.24313726
0.49411765
0.51372552
0.26666668
0.05882353
0.05882353
0.58431375
0.58431375
0.54901963
0.58431375
0.58039218
0.55294120
0.56862748
0.54509807
0.56470591
0.56078434
0.54117650
0.56470591
0.54509807
0.53725493
0.54117650
0.54901963
0.69803923
0.54117650
0.55686277
0.48627451
0.41568628
0.41960785
0.41568628
0.48235294
0.54117650
0.43137255
0.32156864
0.45098040
0.56862748
0.57647061
0.58431375
0.62745100
0.57647061
0.58823532
0.54901963
0.58823532
0.57647061
0.55686277
0.57647061
0.54117650
0.55686277
0.55294120
0.51764709
0.54509807
0.52549022
0.49411765
0.50588238
0.47843137
0.56470591
0.48627451
0.53333336
0.50588238
0.42352942
0.41176471
0.36862746
0.39607844
0.49803922
0.53725493
0.34117648
0.34117648
0.48627451
0.58823532
0.57254905
0.58431375
0.58431375
0.60392159
0.55686277
0.56078434
0.56470591
0.54901963
0.57254905
0.54509807
0.54901963
0.55686277
0.52941179
0.54901963
0.54117650
0.52549022
0.54901963
0.55686277
0.58039218
0.43921569
0.45098040
0.39607844
0.35686275
0.40000001
0.38823530
0.36470589
0.37254903
0.38431373
0.38823530
0.41568628
0.49019608
0.54117650
0.58431375
0.65882355
0.59215689
0.60392159
0.56078434
0.56470591
0.54117650
0.54509807
0.55686277
0.54117650
0.55686277
0.54901963
0.52156866
0.52156866
0.49803922
0.49411765
0.47843137
0.62745100
0.51372552
0.23529412
0.31372550
0.33725491
0.38431373
0.38039216
0.42352942
0.45882353
0.32549021
0.36862746
0.38823530
0.43137255
0.39215687
0.50196081
0.58039218
0.61960787
0.60000002
0.57647061
0.56078434
0.57254905
0.54509807
0.59215689
0.57647061
0.57647061
0.64705884
0.61960787
0.61568630
0.60000002
0.48627451
0.46666667
0.55294120
0.69803923
0.61568630
0.48627451
0.42745098
0.38431373
0.38431373
0.38431373
0.47843137
0.46274510
0.38039216
0.57647061
0.40784314
0.39607844
0.42352942
0.46274510
0.43137255
0.47843137
0.72941178
0.65098041
0.65098041
0.65098041
0.61568630
0.81960785
0.73725492
0.67843139
0.88235295
0.67450982
0.51372552
0.52549022
0.41176471
0.35294119
0.65098041
0.89411765
0.92549020
0.87058824
0.53333336
0.38431373
0.32549021
0.32549021
0.34901962
0.35294119
0.37254903
0.49411765
0.42352942
0.42352942
0.48235294
0.43529412
0.36078432
0.43921569
0.87450981
0.78431374
0.67450982
0.68627453
0.61176473
0.90980393
0.85882354
0.67843139
0.91372550
0.62352943
0.32549021
0.32941177
0.20392157
0.12549020
0.29803923
0.75294119
0.94117647
0.86274511
0.40000001
0.25882354
0.30980393
0.32156864
0.31764707
0.33333334
0.30588236
0.41960785
0.49019608
0.43921569
0.50588238
0.46666667
0.41568628
0.48627451
0.77647060
0.77647060
0.61568630
0.62352943
0.61568630
0.79607844
0.80784315
0.69019610
0.75686276
0.63137257
0.43529412
0.24313726
0.10980392
0.08235294
0.07058824
0.37254903
0.79607844
0.76470590
0.42745098
0.16078432
0.18431373
0.31372550
0.30980393
0.29019609
0.32941177
0.36862746
0.41568628
0.36470589
0.40392157
0.38431373
0.30588236
0.38431373
0.76862746
0.65882355
0.68235296
0.57647061
0.74901962
0.77254903
0.67058825
0.84313726
0.70588237
0.60392159
0.40392157
0.14117648
0.08235294
0.06666667
0.05098039
0.18431373
0.63921571
0.73333335
0.52549022
0.14509805
0.09803922
0.21176471
0.25490198
0.27843139
0.31372550
0.29411766
0.32549021
0.34509805
0.35686275
0.30588236
0.21960784
0.26666668
0.87450981
0.62745100
0.65098041
0.58039218
0.76078433
0.82745099
0.61176473
0.80392158
0.64313728
0.36862746
0.20784314
0.10196079
0.07058824
0.05490196
0.03921569
0.10980392
0.49019608
0.67843139
0.47843137
0.09411765
0.05882353
0.10588235
0.21176471
0.27058825
0.27058825
0.20784314
0.28235295
0.30980393
0.33725491
0.32549021
0.25490198
0.18823530
0.72156864
0.68235296
0.61176473
0.56862748
0.72549021
0.72549021
0.61568630
0.59215689
0.41960785
0.26274511
0.12156863
0.06274510
0.05490196
0.04705882
0.03921569
0.05098039
0.36470589
0.61568630
0.39215687
0.04705882
0.04705882
0.06666667
0.14117648
0.26274511
0.27843139
0.22745098
0.25098041
0.23921569
0.29019609
0.36862746
0.24705882
0.16078432
0.65882355
0.75294119
0.67843139
0.59607846
0.81960785
0.67843139
0.54901963
0.43137255
0.32549021
0.21568628
0.07450981
0.05490196
0.04705882
0.04313726
0.04313726
0.03529412
0.29411766
0.55686277
0.28627452
0.03137255
0.05882353
0.03921569
0.07058824
0.20392157
0.27450982
0.31372550
0.31764707
0.31764707
0.29803923
0.25098041
0.15294118
0.17647059
0.69019610
0.65490198
0.63137257
0.62745100
0.86666667
0.61568630
0.43921569
0.35294119
0.30196080
0.15294118
0.05098039
0.06274510
0.05490196
0.05098039
0.05098039
0.03137255
0.20392157
0.40000001
0.14901961
0.05882353
0.08627451
0.03137255
0.03529412
0.14509805
0.20392157
0.23137255
0.23921569
0.37254903
0.38823530
0.27843139
0.10196079
0.21176471
0.70196080
0.63529414
0.52941179
0.46666667
0.53333336
0.54117650
0.43921569
0.33333334
0.28627452
0.10588235
0.04313726
0.05490196
0.06274510
0.07450981
0.07450981
0.07450981
0.11764706
0.18823530
0.12549020
0.08235294
0.07450981
0.02745098
0.03529412
0.14117648
0.24705882
0.23529412
0.21176471
0.26666668
0.19607843
0.21176471
0.18823530
0.31764707
0.62745100
0.62352943
0.51372552
0.44313726
0.34117648
0.44313726
0.40392157
0.30980393
0.26666668
0.09803922
0.04313726
0.03921569
0.06274510
0.07058824
0.11372549
0.24313726
0.12156863
0.12941177
0.26274511
0.13725491
0.03921569
0.02745098
0.04313726
0.11372549
0.18039216
0.18039216
0.21568628
0.21176471
0.11372549
0.31372550
0.45882353
0.45098040
0.46274510
0.54117650
0.50588238
0.47058824
0.41176471
0.40784314
0.33333334
0.30196080
0.22745098
0.09411765
0.05098039
0.03921569
0.05098039
0.09411765
0.27450982
0.44705883
0.21960784
0.14117648
0.38039216
0.24313726
0.04313726
0.03529412
0.05882353
0.09803922
0.14117648
0.27058825
0.30980393
0.34509805
0.25098041
0.43529412
0.40784314
0.36078432
0.39215687
0.48627451
0.45882353
0.35686275
0.47450981
0.39607844
0.30196080
0.29411766
0.18431373
0.07843138
0.04705882
0.04313726
0.09803922
0.33333334
0.50980395
0.43921569
0.19215687
0.12941177
0.37254903
0.29411766
0.05098039
0.03921569
0.05882353
0.07843138
0.13725491
0.27843139
0.35686275
0.33333334
0.34509805
0.38431373
0.28627452
0.27450982
0.36862746
0.46666667
0.38823530
0.26274511
0.43137255
0.35686275
0.28235295
0.25490198
0.13333334
0.07450981
0.04705882
0.03921569
0.13333334
0.44313726
0.56862748
0.38823530
0.25882354
0.30196080
0.40392157
0.20784314
0.04705882
0.03137255
0.03529412
0.05882353
0.07058824
0.20000000
0.30588236
0.16470589
0.31764707
0.29411766
0.27058825
0.27450982
0.36078432
0.38039216
0.29803923
0.32549021
0.39215687
0.31372550
0.23529412
0.17254902
0.08235294
0.07843138
0.04705882
0.03921569
0.12549020
0.41568628
0.55294120
0.51764709
0.49803922
0.50196081
0.32156864
0.08235294
0.03921569
0.03137255
0.02745098
0.05098039
0.05882353
0.14901961
0.19607843
0.10980392
0.26274511
0.23529412
0.22745098
0.25882354
0.35294119
0.33333334
0.31764707
0.39607844
0.35686275
0.25098041
0.18431373
0.10588235
0.07843138
0.08627451
0.04313726
0.07843138
0.27450982
0.51372552
0.58039218
0.58823532
0.58431375
0.48235294
0.14901961
0.03529412
0.02745098
0.02352941
0.02745098
0.03921569
0.04705882
0.07450981
0.12941177
0.14901961
0.18823530
0.18431373
0.20392157
0.21960784
0.34901962
0.34901962
0.38039216
0.38823530
0.32549021
0.21176471
0.14901961
0.08235294
0.10196079
0.07843138
0.03921569
0.11764706
0.38431373
0.52156866
0.56078434
0.52941179
0.56470591
0.53725493
0.33333334
0.16078432
0.05882353
0.03137255
0.03529412
0.03137255
0.03137255
0.04705882
0.08627451
0.10588235
0.08627451
0.17647059
0.20784314
0.23529412
0.34901962
0.34509805
0.40000001
0.36862746
0.27450982
0.18039216
0.10196079
0.09411765
0.10980392
0.06274510
0.04313726
0.18039216
0.43137255
0.51372552
0.54901963
0.49411765
0.52549022
0.56078434
0.47058824
0.34509805
0.17254902
0.05098039
0.03137255
0.02745098
0.02352941
0.03137255
0.07058824
0.09411765
0.09411765
0.12941177
0.13333334
0.20000000
0.36470589
0.36078432
0.39215687
0.32549021
0.21960784
0.14509805
0.10980392
0.12156863
0.08627451
0.05098039
0.05490196
0.23137255
0.45098040
0.52941179
0.58431375
0.54509807
0.56078434
0.56862748
0.48627451
0.37254903
0.20392157
0.07058824
0.02745098
0.02745098
0.02352941
0.03137255
0.05098039
0.06274510
0.09019608
0.09411765
0.09411765
0.10196079
0.38431373
0.38039216
0.34901962
0.27058825
0.18039216
0.14509805
0.12941177
0.09803922
0.06666667
0.05098039
0.06274510
0.24705882
0.46666667
0.56078434
0.61568630
0.58823532
0.60000002
0.57647061
0.50196081
0.41176471
0.23137255
0.07450981
0.03137255
0.03137255
0.02745098
0.03137255
0.04313726
0.05882353
0.07058824
0.08627451
0.09411765
0.08627451
0.38039216
0.36078432
0.29803923
0.23529412
0.17647059
0.14117648
0.10980392
0.08235294
0.05882353
0.04313726
0.06274510
0.24313726
0.47450981
0.58039218
0.61176473
0.61176473
0.61960787
0.57647061
0.51764709
0.46666667
0.29411766
0.07058824
0.03137255
0.02745098
0.02745098
0.03921569
0.04705882
0.05098039
0.05882353
0.08235294
0.09019608
0.09411765
0.36470589
0.30980393
0.26274511
0.21960784
0.16862746
0.13725491
0.11372549
0.07450981
0.04705882
0.04705882
0.06274510
0.23921569
0.48235294
0.58823532
0.61960787
0.62352943
0.63529414
0.58431375
0.54509807
0.50588238
0.31764707
0.06666667
0.02745098
0.02745098
0.03137255
0.04705882
0.06666667
0.12941177
0.05882353
0.08627451
0.09411765
0.08627451
0.36862746
0.29411766
0.25882354
0.20392157
0.15686275
0.13725491
0.09803922
0.06666667
0.05098039
0.05490196
0.08235294
0.25490198
0.49019608
0.59607846
0.63137257
0.63921571
0.64313728
0.58823532
0.56470591
0.52156866
0.31372550
0.05882353
0.02745098
0.03529412
0.03921569
0.04313726
0.09411765
0.25098041
0.10196079
0.08235294
0.09019608
0.07058824
0.42352942
0.31372550
0.25098041
0.18039216
0.14117648
0.10588235
0.07058824
0.06274510
0.06274510
0.07450981
0.10588235
0.25882354
0.50588238
0.59607846
0.63529414
0.65098041
0.63529414
0.58431375
0.56862748
0.52549022
0.28235295
0.05098039
0.04313726
0.09411765
0.07843138
0.04705882
0.11372549
0.30196080
0.28627452
0.12549020
0.06666667
0.07450981
0.49411765
0.31764707
0.22352941
0.16078432
0.11764706
0.07843138
0.07450981
0.08627451
0.10196079
0.10196079
0.11372549
0.26666668
0.49803922
0.58431375
0.63921571
0.64705884
0.62352943
0.58039218
0.56470591
0.51764709
0.23137255
0.04313726
0.05098039
0.11372549
0.10196079
0.06274510
0.13333334
0.28235295
0.32941177
0.14117648
0.05882353
0.07843138
0.49019608
0.35686275
0.23921569
0.16078432
0.11372549
0.07450981
0.11372549
0.15686275
0.18431373
0.17254902
0.18039216
0.28627452
0.48235294
0.57647061
0.62745100
0.64313728
0.60000002
0.56470591
0.55686277
0.50588238
0.23921569
0.10588235
0.06666667
0.07058824
0.09411765
0.09411765
0.08235294
0.21960784
0.23137255
0.08235294
0.06274510
0.07450981
0.53333336
0.45490196
0.26274511
0.15686275
0.09803922
0.09803922
0.20392157
0.25490198
0.30196080
0.28627452
0.30196080
0.35686275
0.49019608
0.56862748
0.61960787
0.63529414
0.58039218
0.54901963
0.55294120
0.50196081
0.31372550
0.21568628
0.09803922
0.08235294
0.14509805
0.11764706
0.07843138
0.23529412
0.24705882
0.09411765
0.06274510
0.07450981
0.65098041
0.50196081
0.27058825
0.18039216
0.15294118
0.21176471
0.32549021
0.36470589
0.40784314
0.37647060
0.39607844
0.42745098
0.50980395
0.58431375
0.62745100
0.63137257
0.57254905
0.54509807
0.56078434
0.52156866
0.39215687
0.28235295
0.17647059
0.18823530
0.21568628
0.09019608
0.17647059
0.30588236
0.28235295
0.14509805
0.06274510
0.07450981
0.58823532
0.57254905
0.54509807
0.58823532
0.58039218
0.55686277
0.57647061
0.54901963
0.56862748
0.56862748
0.55294120
0.57254905
0.54901963
0.54117650
0.54509807
0.57254905
0.83137256
0.67058825
0.64313728
0.69411767
0.65882355
0.57647061
0.58039218
0.60000002
0.55686277
0.33725491
0.17254902
0.38431373
0.65098041
0.67058825
0.64313728
0.67843139
0.57647061
0.57647061
0.54901963
0.58823532
0.57647061
0.55686277
0.57254905
0.54117650
0.56078434
0.56470591
0.54117650
0.56078434
0.52156866
0.50196081
0.54901963
0.58039218
0.72156864
0.56470591
0.60000002
0.69803923
0.61960787
0.55294120
0.52549022
0.50980395
0.47450981
0.44313726
0.21568628
0.27450982
0.56078434
0.69019610
0.65098041
0.61960787
0.58431375
0.59215689
0.55686277
0.56078434
0.56470591
0.54117650
0.55686277
0.53333336
0.54509807
0.55294120
0.52941179
0.54509807
0.52156866
0.53725493
0.65098041
0.75294119
0.74901962
0.45490196
0.42352942
0.39607844
0.33725491
0.43921569
0.44313726
0.45490196
0.30980393
0.19215687
0.35686275
0.47843137
0.55686277
0.63529414
0.66666669
0.69803923
0.59607846
0.58823532
0.56078434
0.57254905
0.54509807
0.53333336
0.53333336
0.52941179
0.55686277
0.53725493
0.49019608
0.49803922
0.49019608
0.51764709
0.62745100
0.87843138
0.63529414
0.21960784
0.27843139
0.24705882
0.27843139
0.37254903
0.36470589
0.48235294
0.27450982
0.21176471
0.44313726
0.53725493
0.48235294
0.64313728
0.72549021
0.74901962
0.58039218
0.56862748
0.54901963
0.55686277
0.52941179
0.54509807
0.50588238
0.52941179
0.58039218
0.53333336
0.52549022
0.53333336
0.50588238
0.50980395
0.68627453
0.90588236
0.74117649
0.52941179
0.43921569
0.30588236
0.34901962
0.40784314
0.39607844
0.36862746
0.32549021
0.58039218
0.56078434
0.60784316
0.61960787
0.67058825
0.64313728
0.67450982
0.62352943
0.56862748
0.61568630
0.62352943
0.58039218
0.64705884
0.56470591
0.56862748
0.66666669
0.52549022
0.49019608
0.50196081
0.44705883
0.40000001
0.72549021
0.97647059
0.98039216
0.93333334
0.60392159
0.37254903
0.32156864
0.34509805
0.30196080
0.19215687
0.18039216
0.40784314
0.48627451
0.61960787
0.69019610
0.67058825
0.58431375
0.62745100
0.69019610
0.57647061
0.62352943
0.70588237
0.59215689
0.63921571
0.62352943
0.57647061
0.69019610
0.50980395
0.41176471
0.39215687
0.22745098
0.15294118
0.32941177
0.78823531
0.97647059
0.91764706
0.47450981
0.27058825
0.31372550
0.35686275
0.30980393
0.20784314
0.05490196
0.21176471
0.39215687
0.41960785
0.60000002
0.68235296
0.64313728
0.70196080
0.60392159
0.60392159
0.56862748
0.63529414
0.54509807
0.57254905
0.58431375
0.51764709
0.54901963
0.48235294
0.39607844
0.24313726
0.12549020
0.09803922
0.08235294
0.39215687
0.82352942
0.80784315
0.49411765
0.18039216
0.20000000
0.36470589
0.36078432
0.26274511
0.10980392
0.12549020
0.22745098
0.18823530
0.33725491
0.46666667
0.41568628
0.50980395
0.63137257
0.57647061
0.66274512
0.54901963
0.61176473
0.61960787
0.51764709
0.58039218
0.45882353
0.45882353
0.34117648
0.14509805
0.09803922
0.07843138
0.05490196
0.19607843
0.65882355
0.75686276
0.58431375
0.16862746
0.10980392
0.25098041
0.31372550
0.30588236
0.20000000
0.14901961
0.19607843
0.17254902
0.19607843
0.24313726
0.19215687
0.25882354
0.69803923
0.50588238
0.63921571
0.55294120
0.60784316
0.63921571
0.52941179
0.71372551
0.55686277
0.36862746
0.22352941
0.10980392
0.06666667
0.05490196
0.03921569
0.11372549
0.50196081
0.68627453
0.52156866
0.11372549
0.05882353
0.10196079
0.21568628
0.27450982
0.20784314
0.13333334
0.18823530
0.14901961
0.16470589
0.23529412
0.19215687
0.13333334
0.54901963
0.49803922
0.56078434
0.52941179
0.52549022
0.65098041
0.76862746
0.76078433
0.52549022
0.31372550
0.14117648
0.05490196
0.04705882
0.04313726
0.03921569
0.05490196
0.37647060
0.62352943
0.41176471
0.05882353
0.04705882
0.05490196
0.12941177
0.26666668
0.27843139
0.21176471
0.18431373
0.12156863
0.18823530
0.30196080
0.16862746
0.10588235
0.50588238
0.63529414
0.63921571
0.57254905
0.60392159
0.66274512
0.79607844
0.62745100
0.42745098
0.23921569
0.07450981
0.04705882
0.04705882
0.04313726
0.04313726
0.03529412
0.29411766
0.55294120
0.28627452
0.03137255
0.05882353
0.03921569
0.07450981
0.21960784
0.30196080
0.32941177
0.31372550
0.31764707
0.28627452
0.20392157
0.08235294
0.11372549
0.51764709
0.61176473
0.70980394
0.69803923
0.68235296
0.54117650
0.59607846
0.47843137
0.36470589
0.17254902
0.04705882
0.05098039
0.05490196
0.05098039
0.05098039
0.02745098
0.19215687
0.38431373
0.13333334
0.04705882
0.08235294
0.03137255
0.04313726
0.16862746
0.23921569
0.26274511
0.28627452
0.45490196
0.41176471
0.23921569
0.05490196
0.13333334
0.53333336
0.61176473
0.72941178
0.61176473
0.39607844
0.43529412
0.50196081
0.40000001
0.33725491
0.12549020
0.04705882
0.05490196
0.06274510
0.07450981
0.07450981
0.07058824
0.10588235
0.17254902
0.10980392
0.06666667
0.07058824
0.03137255
0.04313726
0.16078432
0.28627452
0.25882354
0.21568628
0.28627452
0.19215687
0.20784314
0.20392157
0.28627452
0.54509807
0.65882355
0.70980394
0.54117650
0.25882354
0.36470589
0.43529412
0.36862746
0.30980393
0.10980392
0.04705882
0.04705882
0.06274510
0.07058824
0.11372549
0.23921569
0.11764706
0.12549020
0.25490198
0.13333334
0.03921569
0.02745098
0.03921569
0.12156863
0.20784314
0.18431373
0.19607843
0.22352941
0.13333334
0.39215687
0.60000002
0.54509807
0.47843137
0.69803923
0.69411767
0.48627451
0.36470589
0.40000001
0.38823530
0.37254903
0.26666668
0.09803922
0.04313726
0.04313726
0.05098039
0.09411765
0.27450982
0.45490196
0.22745098
0.14901961
0.38823530
0.25098041
0.04313726
0.03137255
0.05490196
0.09803922
0.14509805
0.28235295
0.34117648
0.41960785
0.36470589
0.60392159
0.62745100
0.54117650
0.42745098
0.70980394
0.70588237
0.37254903
0.45490196
0.45098040
0.37647060
0.34901962
0.21960784
0.09019608
0.04313726
0.03137255
0.08627451
0.32941177
0.51764709
0.45098040
0.20000000
0.13725491
0.38431373
0.30196080
0.05490196
0.03921569
0.05882353
0.07450981
0.13725491
0.32156864
0.43529412
0.42352942
0.52156866
0.60784316
0.46274510
0.41176471
0.38823530
0.61176473
0.52941179
0.27843139
0.45882353
0.42745098
0.34509805
0.29803923
0.16078432
0.08627451
0.04705882
0.02745098
0.12156863
0.43529412
0.56862748
0.39607844
0.26274511
0.30980393
0.40784314
0.21568628
0.05098039
0.03137255
0.03529412
0.05882353
0.07843138
0.24705882
0.37647060
0.23529412
0.47843137
0.50588238
0.41176471
0.37647060
0.36862746
0.42352942
0.31764707
0.34901962
0.46666667
0.38431373
0.28235295
0.19607843
0.09411765
0.08627451
0.04705882
0.03137255
0.11372549
0.40392157
0.54509807
0.51372552
0.49803922
0.50588238
0.32549021
0.08235294
0.03921569
0.03137255
0.02745098
0.05098039
0.05882353
0.17254902
0.25098041
0.17647059
0.37254903
0.38431373
0.35294119
0.36862746
0.36470589
0.32941177
0.30588236
0.45098040
0.44705883
0.30980393
0.21176471
0.11372549
0.07843138
0.08627451
0.03921569
0.07450981
0.26666668
0.50196081
0.56078434
0.56862748
0.58039218
0.47843137
0.14509805
0.03137255
0.02745098
0.02352941
0.03137255
0.03921569
0.03921569
0.07843138
0.17254902
0.21568628
0.23137255
0.26274511
0.32156864
0.34901962
0.37647060
0.35686275
0.40784314
0.46666667
0.40000001
0.25490198
0.16862746
0.07843138
0.09411765
0.07058824
0.03529412
0.11372549
0.37647060
0.50588238
0.53725493
0.50196081
0.55294120
0.52941179
0.32549021
0.15686275
0.05490196
0.03137255
0.03529412
0.03137255
0.03921569
0.05490196
0.12549020
0.16078432
0.08235294
0.21960784
0.32941177
0.37254903
0.38039216
0.38823530
0.47058824
0.44313726
0.32941177
0.21176471
0.11764706
0.09411765
0.10196079
0.05882353
0.03921569
0.18039216
0.43137255
0.49803922
0.52549022
0.47058824
0.51764709
0.55686277
0.46666667
0.33725491
0.17254902
0.05098039
0.03137255
0.02745098
0.03137255
0.03921569
0.08235294
0.10980392
0.06666667
0.11764706
0.16862746
0.25098041
0.39607844
0.41960785
0.47058824
0.39215687
0.26666668
0.17254902
0.12549020
0.12549020
0.08235294
0.04705882
0.05098039
0.22745098
0.44705883
0.52156866
0.56862748
0.53333336
0.55686277
0.56470591
0.48235294
0.36862746
0.20000000
0.07058824
0.02745098
0.02745098
0.02352941
0.03529412
0.04313726
0.05098039
0.06274510
0.05098039
0.06274510
0.09019608
0.42352942
0.43529412
0.41960785
0.32941177
0.21960784
0.16862746
0.13725491
0.09803922
0.06274510
0.04705882
0.05882353
0.23529412
0.44705883
0.55294120
0.61568630
0.59215689
0.59607846
0.57254905
0.49803922
0.40784314
0.23137255
0.07450981
0.03137255
0.03137255
0.02745098
0.03137255
0.03137255
0.03529412
0.03921569
0.04705882
0.05882353
0.06274510
0.43137255
0.41568628
0.35686275
0.28627452
0.20784314
0.16078432
0.11372549
0.07843138
0.05490196
0.03921569
0.05882353
0.23137255
0.45882353
0.57647061
0.62352943
0.62352943
0.61568630
0.57254905
0.51372552
0.46666667
0.29019609
0.07058824
0.03137255
0.02745098
0.02745098
0.03529412
0.03529412
0.03137255
0.03529412
0.05098039
0.05882353
0.07058824
0.41960785
0.36078432
0.30980393
0.25490198
0.19215687
0.14901961
0.10980392
0.07058824
0.04313726
0.04313726
0.05882353
0.23921569
0.49019608
0.59215689
0.62352943
0.62352943
0.63137257
0.58039218
0.54117650
0.50196081
0.31372550
0.06666667
0.02745098
0.03137255
0.03137255
0.04313726
0.05882353
0.12156863
0.03921569
0.05490196
0.06666667
0.07058824
0.42745098
0.34901962
0.29803923
0.23137255
0.18039216
0.14901961
0.09019608
0.05490196
0.04705882
0.05098039
0.07843138
0.25882354
0.50980395
0.60784316
0.62745100
0.62745100
0.63529414
0.58431375
0.55686277
0.51764709
0.30980393
0.05882353
0.01960784
0.02352941
0.03137255
0.03921569
0.08235294
0.24705882
0.09411765
0.06274510
0.07058824
0.06666667
0.48627451
0.37647060
0.28627452
0.20000000
0.15686275
0.11372549
0.06666667
0.05882353
0.06274510
0.07058824
0.09803922
0.26274511
0.51764709
0.60000002
0.62745100
0.63921571
0.62745100
0.57647061
0.56078434
0.52156866
0.28235295
0.04313726
0.01960784
0.05882353
0.05490196
0.03529412
0.08627451
0.28235295
0.30980393
0.14117648
0.06666667
0.07843138
0.55294120
0.38431373
0.26666668
0.18039216
0.13333334
0.08627451
0.07058824
0.08235294
0.09803922
0.09803922
0.10980392
0.26666668
0.50588238
0.58039218
0.62745100
0.63529414
0.61568630
0.57254905
0.55686277
0.50980395
0.23921569
0.04313726
0.03137255
0.07843138
0.06666667
0.03921569
0.10588235
0.27058825
0.37254903
0.17647059
0.06666667
0.08235294
0.53333336
0.42352942
0.29019609
0.18431373
0.12941177
0.07843138
0.11372549
0.15294118
0.18039216
0.16862746
0.17647059
0.28235295
0.47450981
0.56470591
0.61568630
0.63137257
0.59215689
0.55686277
0.54901963
0.49803922
0.24313726
0.10196079
0.05098039
0.04705882
0.06274510
0.06274510
0.06274510
0.23921569
0.29803923
0.12941177
0.07450981
0.08235294
0.56470591
0.52156866
0.32549021
0.18431373
0.10980392
0.10196079
0.20000000
0.25098041
0.29803923
0.28235295
0.29803923
0.34509805
0.47058824
0.55294120
0.60784316
0.62745100
0.57254905
0.54117650
0.54509807
0.49803922
0.30588236
0.20784314
0.09411765
0.09019608
0.12941177
0.07843138
0.07843138
0.29019609
0.32941177
0.14901961
0.07450981
0.07843138
0.67450982
0.56862748
0.34117648
0.21176471
0.16862746
0.21960784
0.32549021
0.36078432
0.40392157
0.37254903
0.39215687
0.41568628
0.48235294
0.56078434
0.61176473
0.62352943
0.56470591
0.53725493
0.55294120
0.51764709
0.39215687
0.28627452
0.20784314
0.24705882
0.22352941
0.05490196
0.19215687
0.38039216
0.37647060
0.19607843
0.07058824
0.07843138
1 0 0 0 0 -1 0 0 0 0 0
0 1 0 0 0 -1 0 0 0 0 0
0 0 1 0 0 -1 0 0 0 0 0
0 0 0 1 0 -1 0 0 0 0 0
0 0 0 0 1 -1 0 0 0 0 0
0 0 0 0 0 -1 1 0 0 0 0
0 0 0 0 0 -1 0 1 0 0 0
0 0 0 0 0 -1 0 0 1 0 0
0 0 0 0 0 -1 0 0 0 1 0
