0.16470589
0.18823530
0.20784314
0.17647059
0.16078432
0.13725491
0.13725491
0.10196079
0.09019608
0.14117648
0.22745098
0.60000002
0.85882354
0.72941178
0.64313728
0.73725492
0.90588236
0.79607844
0.52156866
0.43921569
0.32941177
0.12156863
0.07058824
0.05490196
0.07450981
0.15686275
0.11764706
0.05490196
0.09019608
0.10196079
0.11372549
0.09411765
0.14901961
0.18431373
0.18039216
0.18039216
0.23529412
0.21568628
0.18039216
0.12941177
0.09019608
0.23921569
0.61176473
0.95686275
0.98431373
0.99607843
1.00000000
0.98823529
0.97254902
0.96078432
0.91764706
0.84705883
0.46666667
0.15294118
0.14901961
0.07450981
0.09803922
0.12156863
0.07058824
0.05098039
0.06666667
0.09019608
0.11764706
0.09411765
0.14509805
0.17647059
0.15686275
0.14901961
0.19607843
0.18039216
0.18039216
0.16862746
0.21568628
0.60000002
0.92549020
1.00000000
0.98431373
0.98823529
0.99215686
0.99607843
0.98823529
0.96862745
0.97647059
0.98039216
0.80784315
0.58431375
0.58039218
0.33333334
0.13333334
0.07843138
0.05490196
0.05098039
0.06666667
0.09019608
0.10980392
0.09019608
0.11372549
0.17254902
0.15294118
0.14509805
0.16862746
0.12549020
0.12156863
0.16862746
0.46666667
0.89019608
0.99215686
1.00000000
0.98823529
0.98431373
0.99607843
0.96078432
0.94117647
0.97647059
0.98823529
0.96078432
0.96078432
0.96862745
0.89019608
0.54509807
0.17647059
0.06274510
0.06274510
0.05490196
0.05882353
0.08627451
0.09803922
0.09019608
0.09019608
0.12941177
0.12156863
0.18823530
0.17647059
0.08627451
0.10980392
0.33725491
0.76862746
0.98431373
0.99215686
0.99607843
0.98823529
0.99215686
0.98039216
0.91372550
0.90196079
0.94117647
0.98431373
0.96470588
0.96862745
0.98039216
0.96862745
0.63137257
0.16078432
0.05882353
0.05882353
0.05882353
0.06274510
0.10588235
0.10588235
0.10196079
0.08627451
0.12549020
0.11764706
0.16078432
0.10980392
0.06274510
0.33725491
0.80392158
0.98039216
0.99607843
1.00000000
0.96470588
0.96470588
0.98823529
0.98039216
0.96470588
0.96078432
0.97254902
0.99215686
0.98823529
0.98823529
0.98431373
0.99607843
0.87450981
0.41176471
0.07450981
0.05490196
0.05490196
0.06666667
0.14117648
0.14117648
0.10980392
0.09411765
0.12941177
0.11372549
0.12941177
0.07450981
0.14117648
0.70196080
1.00000000
0.98039216
0.99215686
1.00000000
0.96078432
0.96862745
0.97254902
0.98823529
0.98823529
0.99215686
0.99607843
0.99215686
0.99215686
0.99607843
1.00000000
0.98431373
0.97254902
0.77647060
0.24313726
0.05098039
0.06666667
0.07058824
0.16470589
0.17254902
0.11764706
0.09803922
0.10588235
0.10588235
0.11372549
0.07843138
0.19215687
0.80392158
1.00000000
0.94901961
0.97647059
0.98823529
0.98823529
0.99215686
0.97647059
0.99607843
0.99607843
0.99215686
0.99215686
0.99215686
0.99215686
0.99607843
1.00000000
0.99215686
0.96470588
0.93725491
0.56078434
0.09019608
0.06666667
0.09019608
0.16862746
0.15294118
0.11372549
0.10196079
0.09803922
0.09803922
0.11372549
0.08627451
0.32941177
0.89411765
1.00000000
0.96078432
0.97254902
0.99607843
0.98823529
0.98039216
0.98431373
0.99215686
0.98431373
0.98431373
0.99215686
1.00000000
1.00000000
1.00000000
0.99607843
0.99215686
0.95294118
0.92941177
0.82745099
0.25882354
0.05098039
0.09803922
0.16470589
0.12549020
0.10196079
0.09803922
0.10196079
0.09803922
0.09411765
0.19607843
0.69411767
0.98039216
0.98431373
0.94117647
0.96078432
1.00000000
0.96862745
0.95294118
0.98823529
0.99215686
0.98431373
0.98431373
0.99215686
0.99215686
0.99607843
1.00000000
0.98431373
0.97647059
0.94901961
0.85490197
0.90980393
0.56470591
0.09019608
0.10588235
0.17254902
0.13725491
0.10196079
0.09803922
0.14901961
0.11764706
0.07058824
0.40392157
0.94901961
0.98039216
0.89411765
0.88235295
0.94509804
0.98431373
0.96078432
0.96470588
0.99215686
0.97647059
0.96862745
0.96078432
0.94117647
0.94901961
0.96862745
0.98823529
0.98823529
0.93333334
0.85098040
0.73333335
0.82352942
0.74117649
0.18823530
0.10980392
0.16862746
0.15294118
0.12941177
0.09803922
0.18823530
0.15294118
0.09803922
0.59215689
0.98823529
0.90588236
0.77254903
0.76470590
0.84313726
0.86666667
0.96862745
0.98039216
0.96078432
0.92549020
0.92156863
0.91764706
0.85490197
0.85490197
0.89803922
0.93725491
0.96862745
0.73725492
0.54509807
0.56862748
0.62745100
0.78431374
0.39607844
0.10980392
0.14901961
0.14117648
0.14901961
0.11372549
0.18823530
0.14117648
0.29411766
0.81568629
0.85882354
0.72549021
0.59607846
0.63529414
0.65882355
0.53725493
0.58823532
0.62352943
0.72156864
0.78431374
0.83921570
0.81960785
0.74509805
0.73333335
0.81176472
0.85882354
0.69803923
0.36078432
0.23137255
0.34509805
0.36470589
0.61568630
0.57254905
0.14117648
0.12549020
0.12156863
0.13725491
0.14509805
0.17254902
0.12156863
0.56470591
0.86666667
0.58431375
0.51372552
0.45882353
0.57254905
0.45490196
0.23137255
0.18431373
0.20000000
0.38431373
0.49411765
0.63529414
0.76470590
0.67843139
0.55686277
0.63529414
0.61960787
0.32549021
0.21176471
0.13333334
0.21960784
0.31764707
0.45882353
0.57647061
0.20392157
0.11372549
0.12941177
0.13333334
0.13333334
0.14901961
0.20000000
0.76470590
0.74509805
0.44313726
0.34901962
0.38039216
0.49411765
0.27450982
0.20000000
0.26666668
0.27058825
0.29411766
0.35686275
0.52941179
0.72941178
0.74117649
0.68235296
0.63137257
0.51372552
0.27843139
0.18823530
0.09411765
0.23921569
0.37647060
0.40784314
0.58823532
0.40392157
0.10588235
0.12156863
0.13725491
0.12156863
0.16078432
0.35294119
0.81568629
0.62745100
0.40000001
0.30196080
0.35686275
0.43137255
0.19607843
0.20000000
0.34117648
0.27058825
0.25098041
0.27843139
0.52941179
0.72549021
0.90980393
0.96470588
0.91764706
0.68235296
0.32549021
0.12156863
0.07450981
0.27450982
0.37647060
0.34901962
0.53725493
0.40784314
0.14117648
0.11764706
0.13725491
0.15686275
0.21176471
0.40392157
0.68627453
0.54117650
0.41176471
0.34509805
0.34901962
0.41176471
0.24313726
0.07843138
0.11372549
0.19607843
0.28235295
0.23137255
0.47843137
0.75686276
0.97647059
1.00000000
1.00000000
0.79607844
0.33725491
0.18823530
0.13725491
0.29803923
0.36862746
0.30588236
0.38823530
0.32156864
0.23137255
0.18039216
0.16470589
0.18823530
0.27058825
0.55294120
0.66666669
0.47450981
0.38823530
0.27843139
0.30196080
0.41568628
0.34509805
0.13725491
0.13725491
0.30196080
0.30980393
0.25490198
0.42745098
0.69019610
0.95294118
0.99607843
0.99607843
0.76862746
0.34509805
0.26666668
0.25882354
0.34509805
0.36470589
0.30196080
0.37647060
0.27058825
0.22352941
0.24705882
0.18823530
0.16862746
0.36862746
0.64313728
0.67450982
0.39607844
0.32156864
0.28235295
0.30980393
0.40000001
0.40784314
0.30196080
0.27450982
0.33725491
0.33725491
0.38431373
0.46666667
0.62745100
0.86274511
0.99607843
1.00000000
0.74901962
0.38431373
0.30196080
0.30196080
0.40000001
0.36862746
0.28235295
0.36862746
0.23921569
0.19215687
0.22352941
0.17647059
0.17647059
0.32549021
0.61176473
0.63137257
0.31372550
0.25490198
0.28627452
0.30980393
0.39607844
0.45098040
0.34901962
0.33725491
0.36078432
0.36078432
0.45098040
0.50196081
0.61176473
0.74117649
0.90196079
0.91764706
0.73333335
0.46274510
0.31764707
0.34509805
0.39607844
0.33725491
0.34509805
0.44705883
0.27058825
0.23137255
0.18823530
0.18039216
0.21176471
0.33725491
0.65882355
0.68235296
0.31764707
0.23529412
0.23921569
0.26274511
0.38039216
0.48627451
0.41960785
0.40784314
0.36470589
0.38823530
0.45490196
0.54901963
0.64705884
0.80000001
0.73333335
0.68627453
0.65098041
0.56078434
0.44705883
0.45490196
0.49019608
0.38431373
0.40784314
0.44705883
0.26274511
0.23137255
0.20000000
0.21960784
0.25490198
0.41568628
0.72941178
0.67843139
0.41176471
0.33725491
0.25490198
0.31372550
0.45098040
0.56078434
0.50588238
0.49411765
0.52941179
0.54901963
0.62745100
0.68235296
0.65882355
0.79607844
0.54901963
0.50588238
0.49411765
0.63137257
0.60000002
0.54901963
0.61176473
0.44313726
0.34117648
0.42745098
0.25098041
0.23921569
0.23529412
0.21960784
0.36078432
0.42745098
0.66666669
0.70588237
0.47450981
0.36078432
0.28235295
0.30980393
0.50980395
0.64313728
0.61176473
0.65882355
0.67843139
0.74117649
0.78431374
0.68235296
0.62352943
0.62352943
0.31764707
0.37254903
0.34509805
0.50196081
0.59215689
0.63921571
0.66666669
0.43921569
0.38431373
0.45098040
0.23529412
0.20392157
0.20392157
0.21568628
0.43137255
0.44705883
0.60392159
0.73725492
0.53725493
0.39607844
0.28235295
0.28235295
0.50588238
0.70196080
0.68627453
0.71372551
0.74117649
0.71372551
0.67450982
0.58039218
0.52156866
0.45098040
0.21176471
0.27450982
0.28627452
0.41176471
0.60000002
0.70980394
0.58823532
0.39215687
0.44705883
0.46274510
0.21960784
0.16470589
0.16078432
0.22352941
0.46274510
0.47843137
0.56862748
0.69019610
0.58823532
0.47058824
0.37254903
0.26666668
0.34509805
0.54117650
0.66274512
0.75686276
0.76862746
0.69803923
0.65098041
0.54117650
0.45490196
0.40392157
0.25490198
0.18431373
0.23529412
0.39607844
0.54509807
0.59215689
0.43137255
0.39607844
0.45882353
0.44313726
0.22352941
0.21176471
0.20000000
0.22352941
0.49411765
0.55294120
0.62745100
0.60392159
0.63921571
0.50588238
0.54901963
0.40392157
0.23921569
0.26666668
0.41960785
0.62745100
0.67450982
0.63137257
0.53725493
0.45490196
0.43921569
0.40392157
0.34509805
0.18431373
0.20784314
0.40000001
0.45882353
0.46666667
0.41568628
0.41176471
0.47058824
0.30588236
0.22745098
0.27843139
0.27450982
0.24313726
0.49411765
0.49803922
0.49803922
0.40392157
0.53725493
0.53333336
0.50980395
0.58431375
0.40784314
0.25882354
0.29803923
0.46666667
0.54509807
0.50588238
0.47058824
0.42352942
0.39215687
0.39215687
0.38431373
0.28235295
0.29411766
0.43529412
0.37254903
0.32156864
0.37254903
0.49019608
0.49019608
0.19607843
0.18431373
0.29411766
0.34901962
0.30588236
0.50980395
0.40000001
0.27450982
0.12549020
0.25882354
0.41176471
0.40784314
0.47058824
0.46666667
0.42745098
0.41960785
0.39215687
0.43921569
0.45098040
0.46274510
0.45490196
0.40784314
0.41176471
0.39215687
0.40392157
0.43921569
0.51764709
0.43137255
0.37647060
0.54509807
0.62745100
0.54117650
0.39215687
0.32156864
0.25490198
0.30588236
0.34901962
0.52549022
0.34509805
0.17647059
0.09019608
0.09411765
0.25098041
0.48235294
0.48627451
0.42352942
0.42745098
0.43529412
0.41568628
0.43529412
0.54901963
0.54901963
0.51764709
0.49411765
0.48627451
0.47058824
0.50980395
0.52941179
0.52549022
0.55294120
0.55294120
0.64705884
0.68627453
0.65490198
0.66274512
0.63137257
0.45098040
0.29411766
0.28627452
0.56078434
0.28627452
0.14509805
0.09803922
0.09803922
0.18823530
0.43529412
0.56078434
0.59215689
0.52156866
0.51372552
0.49411765
0.50980395
0.60392159
0.60000002
0.57254905
0.54117650
0.53333336
0.49411765
0.49019608
0.50196081
0.52549022
0.56470591
0.58039218
0.63137257
0.70980394
0.73725492
0.72156864
0.70196080
0.60784316
0.51764709
0.39607844
0.49411765
0.28235295
0.13725491
0.10196079
0.14509805
0.23137255
0.41568628
0.49411765
0.58039218
0.58823532
0.51764709
0.51764709
0.60000002
0.61568630
0.59607846
0.52941179
0.50196081
0.54117650
0.45098040
0.47450981
0.49411765
0.48235294
0.54117650
0.62745100
0.66274512
0.70196080
0.74117649
0.73725492
0.69019610
0.62352943
0.67450982
0.58431375
0.25882354
0.20000000
0.09803922
0.08235294
0.17647059
0.27450982
0.38431373
0.54117650
0.61176473
0.56470591
0.40392157
0.39607844
0.47058824
0.48235294
0.52549022
0.45490196
0.48235294
0.56470591
0.43529412
0.53725493
0.58823532
0.61568630
0.66666669
0.71764708
0.73725492
0.78823531
0.76862746
0.71372551
0.69803923
0.69803923
0.68235296
0.65490198
0.10980392
0.12549020
0.13725491
0.12156863
0.11764706
0.09411765
0.08627451
0.06666667
0.07058824
0.10196079
0.20392157
0.60392159
0.86666667
0.72549021
0.63137257
0.71372551
0.88235295
0.77254903
0.49019608
0.40784314
0.28627452
0.07058824
0.04313726
0.04705882
0.07058824
0.14509805
0.10588235
0.03921569
0.07450981
0.08235294
0.08235294
0.07450981
0.08627451
0.11372549
0.10196079
0.10980392
0.17254902
0.15294118
0.11764706
0.08627451
0.07058824
0.21960784
0.60000002
0.95686275
0.99215686
0.99215686
0.99607843
0.97647059
0.95294118
0.94117647
0.89803922
0.82745099
0.43529412
0.11764706
0.12941177
0.06274510
0.09019608
0.11372549
0.05882353
0.03921569
0.05490196
0.07450981
0.08235294
0.07450981
0.09019608
0.10980392
0.08627451
0.08235294
0.13333334
0.11764706
0.11764706
0.12156863
0.19607843
0.59607846
0.92156863
0.99607843
0.98823529
0.98431373
0.98039216
0.97647059
0.97254902
0.95294118
0.96078432
0.96078432
0.79215688
0.56470591
0.56470591
0.31764707
0.12156863
0.07843138
0.05098039
0.04705882
0.05882353
0.07450981
0.07450981
0.07058824
0.08235294
0.12941177
0.10588235
0.10196079
0.12156863
0.07058824
0.07058824
0.12549020
0.44705883
0.89803922
0.99607843
0.99215686
0.98431373
0.97254902
0.97647059
0.92941177
0.92156863
0.96470588
0.97254902
0.94509804
0.95686275
0.96470588
0.88235295
0.52549022
0.16470589
0.06666667
0.06274510
0.05490196
0.05882353
0.07058824
0.06666667
0.07058824
0.07450981
0.10196079
0.09019608
0.15686275
0.14509805
0.05882353
0.08235294
0.31372550
0.76078433
0.99607843
0.99215686
0.98431373
0.97254902
0.97647059
0.95686275
0.88627452
0.89019608
0.93333334
0.97647059
0.95294118
0.96862745
0.98431373
0.96470588
0.61568630
0.14901961
0.06666667
0.06666667
0.06274510
0.05882353
0.08235294
0.07450981
0.07843138
0.06274510
0.10196079
0.09019608
0.12549020
0.08235294
0.05882353
0.34117648
0.80392158
0.98431373
0.99607843
0.99215686
0.94901961
0.94117647
0.98039216
0.97647059
0.96078432
0.96078432
0.97647059
0.99215686
0.98823529
0.99607843
0.98431373
0.98823529
0.85882354
0.40000001
0.08627451
0.07450981
0.06666667
0.04705882
0.10196079
0.10588235
0.08235294
0.06274510
0.10196079
0.08627451
0.09411765
0.05098039
0.14509805
0.70588237
1.00000000
0.98039216
0.98431373
0.99215686
0.94509804
0.94509804
0.96470588
0.98431373
0.99215686
0.99607843
1.00000000
0.99607843
0.99607843
1.00000000
0.99215686
0.96862745
0.94901961
0.75686276
0.25098041
0.07058824
0.07843138
0.05490196
0.12549020
0.13725491
0.08627451
0.07058824
0.07843138
0.07843138
0.08627451
0.06666667
0.20000000
0.80784315
0.99607843
0.94117647
0.96470588
0.98431373
0.98039216
0.96862745
0.96078432
0.98823529
0.99607843
0.99215686
0.99215686
0.99607843
0.99215686
0.99607843
0.99215686
0.97647059
0.93333334
0.90980393
0.55294120
0.10588235
0.08235294
0.07843138
0.12549020
0.11764706
0.08627451
0.07450981
0.07058824
0.07058824
0.09411765
0.08235294
0.34117648
0.89411765
0.99607843
0.93725491
0.95686275
0.99215686
0.98431373
0.96078432
0.97254902
0.98431373
0.98823529
0.98039216
0.98431373
0.99607843
0.99607843
0.99607843
0.98431373
0.96862745
0.91764706
0.89019608
0.80784315
0.26666668
0.06666667
0.09411765
0.12549020
0.09019608
0.07450981
0.07058824
0.07450981
0.06666667
0.07843138
0.20392157
0.70980394
0.97647059
0.96078432
0.90196079
0.94117647
1.00000000
0.96470588
0.93725491
0.97647059
0.98431373
0.99215686
0.98039216
0.98039216
0.98431373
0.98431373
0.99215686
0.96470588
0.94509804
0.90588236
0.80784315
0.87843138
0.56862748
0.10196079
0.10196079
0.13333334
0.10196079
0.07450981
0.07450981
0.10980392
0.07450981
0.05490196
0.40392157
0.93725491
0.94901961
0.85490197
0.83921570
0.91764706
0.97254902
0.95686275
0.94901961
0.98039216
0.96470588
0.96078432
0.94509804
0.91372550
0.90196079
0.90980393
0.93725491
0.94901961
0.90196079
0.81568629
0.70196080
0.80000001
0.72941178
0.19215687
0.10980392
0.13725491
0.12549020
0.09803922
0.07843138
0.14117648
0.09411765
0.08235294
0.58431375
0.94901961
0.85490197
0.72941178
0.72941178
0.81960785
0.85490197
0.96078432
0.96078432
0.93725491
0.89019608
0.88627452
0.87843138
0.80392158
0.78431374
0.81176472
0.85490197
0.92156863
0.71764708
0.52549022
0.54901963
0.60784316
0.75294119
0.38039216
0.10588235
0.12156863
0.10980392
0.11764706
0.09019608
0.13725491
0.09019608
0.27450982
0.80000001
0.81568629
0.67450982
0.55686277
0.60784316
0.63921571
0.52549022
0.58039218
0.59607846
0.68627453
0.74117649
0.78823531
0.76078433
0.68235296
0.67058825
0.74509805
0.79215688
0.65490198
0.34117648
0.21960784
0.32549021
0.33725491
0.58039218
0.54901963
0.12941177
0.09803922
0.09019608
0.10588235
0.11372549
0.12156863
0.08235294
0.54117650
0.83529413
0.52941179
0.45882353
0.42352942
0.54901963
0.43921569
0.21960784
0.17254902
0.17647059
0.35294119
0.45490196
0.58431375
0.68627453
0.60784316
0.50196081
0.58039218
0.56862748
0.29803923
0.20392157
0.12941177
0.20392157
0.28627452
0.41568628
0.54901963
0.19215687
0.07843138
0.09411765
0.10588235
0.09411765
0.10196079
0.17647059
0.74117649
0.69411767
0.37647060
0.29019609
0.34509805
0.47450981
0.26274511
0.18823530
0.26274511
0.27058825
0.29019609
0.34117648
0.50588238
0.68235296
0.69803923
0.65098041
0.58823532
0.47450981
0.26274511
0.19215687
0.10588235
0.23137255
0.33333334
0.35686275
0.55294120
0.38431373
0.07450981
0.08627451
0.10196079
0.08235294
0.11764706
0.33725491
0.78039217
0.56078434
0.32549021
0.23921569
0.32549021
0.41568628
0.18823530
0.19215687
0.34117648
0.28627452
0.26666668
0.29019609
0.53333336
0.72156864
0.90588236
0.96078432
0.89411765
0.65490198
0.31764707
0.13333334
0.09019608
0.26666668
0.32941177
0.29411766
0.49411765
0.38431373
0.10588235
0.08235294
0.09803922
0.12549020
0.16470589
0.36862746
0.62745100
0.45490196
0.33725491
0.29019609
0.31764707
0.40000001
0.23529412
0.06666667
0.10980392
0.19215687
0.27843139
0.23529412
0.48627451
0.77647060
0.98039216
1.00000000
0.98823529
0.76078433
0.32549021
0.21176471
0.16078432
0.29019609
0.32549021
0.24313726
0.32549021
0.27058825
0.18039216
0.12549020
0.10980392
0.15686275
0.21960784
0.51764709
0.60392159
0.39215687
0.32156864
0.23137255
0.27058825
0.40392157
0.33725491
0.12549020
0.13333334
0.30196080
0.30980393
0.25882354
0.44313726
0.70196080
0.94509804
0.99215686
0.98431373
0.73333335
0.33333334
0.29019609
0.27450982
0.33333334
0.32156864
0.23137255
0.29803923
0.20784314
0.16470589
0.18431373
0.12549020
0.12549020
0.32156864
0.61960787
0.62352943
0.31764707
0.25882354
0.23529412
0.27058825
0.38039216
0.40000001
0.29411766
0.27843139
0.34901962
0.34901962
0.40000001
0.48627451
0.62352943
0.83921570
0.99607843
0.99607843
0.72156864
0.36862746
0.30980393
0.30196080
0.37647060
0.32549021
0.20784314
0.29019609
0.17254902
0.13333334
0.16470589
0.11764706
0.12549020
0.27843139
0.60000002
0.59215689
0.24313726
0.20000000
0.24705882
0.27058825
0.36470589
0.44313726
0.33725491
0.33333334
0.36078432
0.35686275
0.45098040
0.50980395
0.60784316
0.71372551
0.90588236
0.91764706
0.70980394
0.43921569
0.30196080
0.32156864
0.36862746
0.29803923
0.27450982
0.36862746
0.20784314
0.17647059
0.13333334
0.12156863
0.15686275
0.29411766
0.65490198
0.64313728
0.25098041
0.18431373
0.20784314
0.22352941
0.34117648
0.47058824
0.40392157
0.39607844
0.34901962
0.36862746
0.43921569
0.54901963
0.65490198
0.77254903
0.73725492
0.69411767
0.63529414
0.53725493
0.41960785
0.43137255
0.46274510
0.34509805
0.33725491
0.37254903
0.20392157
0.17647059
0.14509805
0.16078432
0.20000000
0.36862746
0.71764708
0.64313728
0.34509805
0.27450982
0.21568628
0.28235295
0.41960785
0.54117650
0.47450981
0.45098040
0.47450981
0.50196081
0.59215689
0.66666669
0.67843139
0.78431374
0.55294120
0.51372552
0.48627451
0.61176473
0.57254905
0.51764709
0.58039218
0.40784314
0.27843139
0.36078432
0.20000000
0.18823530
0.19215687
0.17254902
0.30196080
0.37647060
0.64313728
0.67843139
0.40784314
0.27843139
0.21960784
0.27843139
0.49803922
0.61960787
0.55294120
0.56862748
0.56862748
0.65098041
0.71764708
0.64705884
0.62745100
0.62745100
0.31372550
0.37254903
0.34117648
0.49019608
0.56470591
0.58431375
0.61960787
0.40392157
0.32549021
0.40000001
0.20392157
0.16078432
0.18431373
0.19215687
0.38039216
0.40000001
0.58823532
0.71372551
0.48235294
0.32941177
0.22352941
0.23921569
0.48235294
0.66666669
0.62352943
0.61568630
0.64313728
0.63137257
0.61568630
0.54509807
0.49411765
0.43137255
0.20392157
0.28235295
0.28235295
0.39215687
0.56862748
0.64705884
0.53333336
0.35294119
0.38823530
0.41176471
0.18039216
0.12941177
0.14509805
0.20784314
0.41960785
0.44313726
0.56078434
0.67058825
0.55294120
0.42745098
0.31764707
0.20784314
0.29411766
0.49803922
0.60392159
0.67843139
0.69803923
0.63921571
0.60392159
0.50196081
0.40000001
0.35686275
0.23921569
0.20000000
0.22745098
0.36078432
0.50588238
0.53333336
0.37254903
0.34509805
0.40784314
0.38823530
0.16862746
0.16862746
0.17254902
0.20000000
0.45882353
0.52549022
0.62745100
0.59215689
0.61568630
0.48235294
0.49803922
0.32941177
0.16862746
0.22352941
0.37254903
0.56862748
0.61568630
0.58039218
0.49019608
0.40784314
0.37647060
0.34901962
0.31372550
0.18039216
0.18431373
0.35686275
0.41176471
0.41176471
0.35686275
0.35294119
0.41568628
0.24313726
0.14901961
0.20392157
0.20784314
0.20000000
0.46274510
0.47058824
0.50196081
0.39215687
0.52549022
0.52549022
0.45882353
0.49411765
0.32549021
0.21568628
0.26666668
0.41960785
0.49019608
0.45098040
0.41568628
0.36470589
0.33333334
0.33725491
0.33725491
0.24313726
0.25098041
0.38823530
0.32156864
0.27450982
0.30980393
0.41568628
0.43137255
0.12549020
0.08235294
0.18823530
0.24313726
0.22745098
0.47843137
0.36862746
0.25490198
0.10980392
0.24313726
0.39215687
0.35294119
0.39215687
0.40000001
0.38039216
0.37254903
0.34117648
0.38823530
0.39607844
0.40784314
0.39607844
0.35686275
0.36470589
0.34509805
0.35294119
0.38823530
0.46666667
0.38039216
0.34117648
0.49803922
0.57647061
0.49411765
0.32549021
0.22745098
0.13725491
0.18823530
0.25098041
0.49019608
0.30196080
0.13725491
0.07058824
0.07450981
0.21176471
0.42745098
0.43137255
0.38039216
0.37647060
0.37647060
0.35294119
0.38039216
0.49411765
0.49411765
0.46274510
0.44705883
0.44313726
0.42352942
0.46666667
0.47450981
0.47058824
0.50196081
0.50980395
0.61960787
0.66274512
0.61960787
0.61176473
0.56078434
0.35686275
0.19215687
0.18039216
0.53333336
0.24705882
0.11764706
0.07843138
0.07843138
0.15686275
0.39215687
0.51764709
0.55294120
0.47450981
0.45882353
0.43137255
0.45490196
0.54901963
0.54509807
0.51764709
0.49411765
0.49019608
0.45098040
0.44705883
0.45098040
0.47058824
0.52156866
0.54509807
0.60392159
0.68627453
0.70196080
0.68235296
0.65098041
0.55294120
0.44705883
0.30588236
0.46666667
0.24313726
0.11372549
0.08627451
0.12156863
0.20392157
0.38823530
0.46274510
0.54901963
0.54509807
0.46666667
0.46274510
0.54509807
0.56078434
0.54117650
0.47450981
0.45490196
0.49803922
0.40784314
0.43137255
0.45098040
0.44313726
0.50980395
0.60784316
0.64705884
0.67843139
0.71764708
0.70980394
0.66666669
0.59215689
0.63137257
0.51764709
0.23921569
0.16862746
0.07843138
0.06274510
0.14901961
0.25098041
0.36862746
0.52156866
0.58431375
0.52941179
0.35686275
0.34509805
0.41568628
0.42745098
0.47058824
0.40000001
0.43529412
0.51764709
0.38823530
0.49019608
0.54901963
0.58431375
0.64705884
0.70588237
0.72156864
0.76078433
0.74509805
0.70196080
0.68627453
0.66274512
0.64705884
0.62745100
0.05882353
0.06666667
0.07058824
0.05882353
0.04313726
0.01960784
0.03529412
0.03529412
0.03529412
0.05882353
0.13333334
0.50588238
0.73725492
0.60000002
0.50980395
0.59215689
0.76470590
0.66274512
0.39607844
0.31764707
0.21960784
0.04705882
0.04705882
0.03921569
0.04313726
0.10588235
0.07450981
0.02352941
0.05490196
0.04705882
0.05882353
0.05882353
0.04313726
0.06274510
0.04705882
0.05098039
0.10588235
0.07450981
0.03529412
0.03137255
0.03529412
0.15294118
0.49019608
0.81568629
0.80784315
0.81176472
0.81568629
0.79607844
0.78823531
0.78431374
0.75294119
0.69019610
0.33725491
0.07058824
0.09803922
0.05098039
0.07058824
0.08235294
0.03529412
0.02745098
0.03921569
0.03921569
0.05882353
0.05882353
0.05098039
0.06666667
0.03529412
0.02352941
0.06666667
0.05490196
0.03921569
0.05098039
0.13725491
0.49803922
0.78823531
0.83529413
0.78431374
0.78039217
0.78039217
0.78039217
0.77647060
0.76470590
0.78431374
0.79215688
0.65098041
0.45490196
0.47843137
0.27058825
0.09411765
0.05098039
0.03137255
0.03921569
0.05098039
0.03921569
0.05098039
0.05490196
0.03921569
0.08627451
0.05490196
0.01960784
0.04705882
0.03137255
0.02745098
0.05490196
0.34117648
0.76862746
0.85098040
0.83529413
0.79607844
0.78431374
0.79215688
0.74509805
0.71764708
0.75686276
0.78039217
0.76078433
0.77647060
0.79215688
0.72941178
0.43921569
0.12941177
0.04705882
0.05098039
0.05490196
0.05882353
0.03529412
0.04313726
0.05882353
0.03137255
0.05882353
0.04313726
0.07058824
0.08235294
0.03529412
0.04705882
0.23529412
0.64705884
0.86274511
0.85098040
0.83529413
0.79607844
0.79215688
0.77647060
0.71764708
0.70588237
0.74901962
0.80000001
0.78431374
0.78431374
0.78823531
0.78823531
0.48627451
0.08627451
0.03921569
0.05490196
0.06274510
0.04705882
0.03921569
0.04313726
0.05490196
0.02352941
0.05882353
0.05098039
0.06666667
0.03921569
0.03529412
0.27058825
0.70588237
0.89411765
0.87843138
0.84313726
0.78039217
0.75686276
0.76862746
0.77254903
0.79215688
0.81176472
0.83137256
0.85098040
0.84705883
0.83529413
0.81568629
0.82352942
0.70196080
0.28627452
0.03529412
0.05098039
0.05490196
0.02352941
0.03921569
0.05490196
0.04705882
0.02352941
0.06274510
0.04705882
0.04705882
0.01176471
0.10588235
0.61960787
0.89411765
0.86666667
0.84313726
0.81568629
0.75686276
0.76470590
0.76862746
0.80000001
0.83529413
0.85098040
0.85098040
0.84705883
0.84705883
0.84705883
0.83137256
0.81176472
0.78823531
0.62745100
0.17647059
0.03137255
0.05882353
0.02352941
0.05490196
0.07843138
0.05098039
0.03137255
0.03921569
0.03921569
0.03921569
0.01568628
0.13333334
0.69803923
0.85882354
0.79215688
0.79607844
0.78823531
0.78039217
0.79215688
0.78823531
0.82745099
0.83921570
0.83529413
0.83529413
0.83529413
0.83137256
0.83137256
0.82352942
0.80784315
0.76862746
0.76470590
0.45490196
0.04313726
0.04313726
0.03529412
0.05882353
0.05882353
0.05098039
0.03529412
0.03137255
0.03137255
0.05098039
0.02352941
0.24313726
0.75686276
0.84313726
0.77254903
0.77647060
0.79607844
0.78431374
0.77254903
0.80784315
0.82745099
0.81960785
0.80784315
0.81176472
0.81960785
0.81960785
0.81568629
0.80392158
0.79215688
0.74117649
0.72549021
0.67843139
0.18431373
0.01176471
0.03921569
0.05490196
0.03137255
0.03921569
0.03137255
0.03529412
0.02745098
0.03921569
0.13333334
0.58823532
0.82745099
0.80000001
0.73725492
0.76470590
0.81568629
0.76470590
0.72549021
0.80000001
0.81568629
0.79607844
0.79215688
0.79607844
0.80000001
0.80000001
0.80784315
0.78039217
0.76470590
0.72941178
0.63529414
0.72941178
0.46666667
0.03529412
0.03921569
0.06274510
0.04313726
0.03529412
0.03921569
0.05490196
0.03137255
0.01176471
0.31372550
0.79607844
0.78431374
0.67843139
0.66274512
0.73333335
0.78431374
0.76078433
0.75686276
0.79215688
0.75294119
0.71764708
0.72549021
0.71764708
0.71764708
0.72156864
0.73725492
0.75686276
0.72156864
0.64313728
0.53333336
0.63921571
0.60000002
0.10980392
0.04705882
0.06274510
0.05882353
0.05490196
0.03921569
0.07058824
0.05882353
0.02352941
0.46274510
0.78823531
0.67450982
0.54509807
0.53725493
0.62745100
0.66666669
0.78039217
0.79607844
0.74509805
0.65882355
0.62352943
0.63921571
0.59607846
0.59215689
0.61176473
0.65098041
0.72941178
0.54901963
0.37254903
0.40784314
0.46274510
0.60000002
0.27450982
0.04705882
0.05490196
0.04705882
0.05882353
0.03529412
0.07843138
0.06666667
0.19607843
0.65098041
0.63921571
0.49019608
0.37647060
0.42745098
0.47058824
0.36862746
0.42352942
0.42745098
0.50196081
0.54117650
0.57647061
0.55686277
0.47450981
0.45882353
0.54901963
0.60392159
0.49019608
0.22352941
0.11764706
0.20784314
0.19215687
0.42352942
0.43137255
0.07450981
0.05882353
0.03921569
0.04313726
0.05098039
0.06666667
0.05098039
0.44313726
0.66274512
0.34901962
0.28627452
0.25882354
0.38823530
0.29803923
0.09803922
0.05490196
0.03137255
0.19215687
0.27843139
0.40784314
0.52549022
0.39607844
0.25098041
0.36078432
0.37254903
0.15294118
0.12549020
0.06666667
0.10588235
0.14117648
0.25490198
0.41960785
0.12156863
0.05490196
0.05882353
0.04705882
0.04313726
0.04705882
0.11764706
0.61568630
0.52549022
0.21176471
0.14901961
0.20784314
0.33333334
0.14509805
0.10980392
0.18431373
0.14901961
0.14509805
0.17254902
0.32156864
0.47058824
0.37647060
0.23529412
0.20392157
0.20784314
0.12156863
0.12941177
0.05098039
0.13725491
0.20000000
0.19215687
0.41176471
0.29803923
0.03921569
0.05098039
0.06274510
0.03921569
0.05490196
0.24313726
0.64313728
0.40392157
0.18431373
0.12549020
0.20392157
0.28235295
0.08235294
0.13333334
0.29411766
0.19607843
0.14117648
0.12156863
0.32941177
0.40392157
0.40392157
0.34509805
0.29411766
0.28235295
0.16862746
0.07450981
0.03529412
0.16862746
0.19607843
0.12941177
0.34509805
0.28627452
0.05098039
0.03921569
0.06666667
0.04705882
0.07450981
0.25098041
0.47058824
0.29803923
0.20392157
0.16078432
0.17254902
0.23137255
0.11372549
0.03529412
0.08235294
0.12549020
0.18823530
0.09019608
0.28235295
0.38431373
0.32549021
0.32549021
0.31764707
0.28235295
0.16862746
0.14901961
0.06666667
0.16862746
0.19607843
0.09803922
0.18823530
0.16470589
0.10980392
0.07058824
0.06666667
0.07058824
0.11372549
0.38039216
0.42745098
0.22352941
0.19215687
0.10588235
0.13333334
0.22745098
0.18039216
0.06274510
0.06274510
0.18823530
0.18823530
0.10196079
0.23529412
0.32941177
0.26274511
0.29803923
0.31764707
0.21960784
0.13725491
0.19607843
0.14901961
0.20392157
0.20392157
0.10588235
0.18431373
0.10980392
0.08235294
0.11372549
0.06666667
0.05882353
0.20784314
0.45490196
0.42352942
0.14509805
0.14509805
0.14117648
0.17254902
0.21568628
0.20784314
0.16862746
0.14509805
0.19607843
0.20784314
0.24313726
0.30196080
0.32156864
0.22352941
0.30196080
0.37647060
0.26274511
0.17254902
0.19607843
0.18431373
0.27058825
0.21568628
0.09019608
0.18431373
0.08235294
0.03921569
0.07843138
0.04313726
0.06274510
0.16862746
0.43529412
0.40000001
0.08627451
0.09411765
0.16862746
0.19215687
0.21176471
0.22745098
0.17647059
0.18431373
0.23529412
0.24705882
0.32156864
0.34901962
0.36470589
0.24705882
0.36470589
0.45882353
0.38431373
0.29019609
0.20392157
0.22352941
0.27843139
0.18039216
0.14509805
0.25098041
0.10196079
0.06666667
0.02745098
0.03137255
0.07843138
0.18431373
0.50588238
0.48235294
0.12156863
0.09411765
0.12156863
0.14509805
0.19607843
0.25098041
0.24705882
0.26666668
0.22745098
0.25098041
0.28235295
0.34117648
0.42745098
0.48235294
0.43137255
0.46666667
0.43137255
0.38823530
0.27843139
0.27450982
0.33333334
0.20392157
0.18431373
0.23137255
0.07450981
0.05098039
0.02745098
0.05490196
0.10196079
0.25490198
0.59215689
0.50588238
0.22745098
0.18039216
0.12549020
0.18823530
0.26666668
0.32941177
0.29803923
0.27058825
0.27058825
0.28235295
0.32549021
0.36078432
0.41568628
0.59607846
0.41960785
0.43921569
0.34117648
0.41960785
0.35294119
0.28627452
0.40392157
0.25490198
0.10980392
0.20392157
0.06666667
0.06274510
0.07450981
0.06274510
0.18039216
0.24705882
0.52156866
0.53725493
0.25882354
0.15294118
0.12549020
0.16862746
0.33333334
0.44705883
0.32941177
0.27843139
0.26274511
0.33333334
0.37254903
0.28627452
0.32549021
0.44313726
0.22745098
0.31764707
0.21960784
0.29019609
0.32156864
0.36470589
0.45490196
0.25490198
0.15686275
0.24705882
0.07450981
0.04705882
0.06666667
0.08235294
0.23921569
0.25098041
0.44313726
0.56470591
0.31372550
0.17254902
0.10588235
0.12549020
0.35294119
0.53725493
0.43529412
0.36862746
0.38823530
0.36862746
0.33333334
0.24705882
0.22745098
0.24705882
0.10588235
0.20784314
0.16862746
0.21176471
0.35686275
0.46666667
0.38039216
0.18431373
0.22352941
0.26274511
0.05098039
0.01568628
0.01960784
0.08235294
0.26274511
0.27843139
0.40392157
0.52156866
0.38431373
0.25098041
0.16862746
0.09411765
0.19607843
0.39215687
0.46274510
0.50196081
0.52549022
0.45882353
0.40784314
0.29019609
0.18431373
0.18431373
0.12156863
0.09803922
0.10588235
0.20784314
0.33333334
0.38823530
0.22745098
0.17647059
0.25098041
0.25490198
0.05098039
0.05490196
0.03529412
0.06274510
0.30196080
0.36078432
0.47450981
0.46274510
0.47058824
0.30588236
0.32941177
0.20392157
0.06666667
0.10588235
0.23529412
0.42352942
0.47843137
0.43921569
0.33333334
0.23921569
0.19215687
0.18039216
0.17254902
0.06274510
0.05490196
0.20784314
0.26666668
0.28627452
0.21568628
0.19215687
0.29411766
0.14509805
0.05882353
0.10196079
0.06666667
0.05098039
0.32549021
0.32549021
0.36470589
0.29019609
0.40784314
0.36078432
0.29411766
0.35686275
0.19607843
0.06666667
0.10588235
0.27058825
0.34117648
0.29803923
0.25098041
0.19215687
0.15686275
0.16862746
0.18431373
0.11372549
0.10196079
0.23137255
0.18823530
0.14901961
0.17254902
0.28235295
0.34509805
0.07058824
0.03137255
0.10196079
0.10588235
0.07843138
0.33333334
0.21568628
0.15294118
0.05490196
0.16862746
0.27058825
0.21176471
0.24313726
0.24313726
0.20784314
0.19607843
0.16862746
0.22745098
0.23529412
0.24313726
0.22745098
0.19215687
0.20000000
0.18431373
0.20784314
0.22745098
0.29803923
0.23137255
0.19215687
0.35294119
0.44705883
0.39607844
0.25490198
0.16470589
0.06666667
0.07450981
0.12156863
0.33725491
0.14509805
0.06274510
0.04313726
0.02745098
0.12549020
0.30196080
0.28235295
0.21568628
0.20392157
0.19607843
0.17647059
0.22352941
0.34117648
0.34117648
0.30980393
0.28235295
0.27450982
0.25882354
0.29803923
0.31764707
0.31764707
0.35686275
0.37647060
0.48235294
0.52156866
0.49019608
0.50196081
0.46666667
0.28235295
0.09411765
0.07450981
0.39607844
0.11372549
0.05098039
0.04705882
0.03137255
0.07843138
0.27450982
0.38039216
0.39607844
0.31372550
0.29019609
0.26274511
0.29803923
0.39607844
0.39607844
0.36078432
0.32156864
0.30980393
0.27450982
0.26666668
0.29411766
0.33333334
0.38823530
0.41960785
0.47450981
0.54509807
0.57254905
0.56862748
0.54509807
0.44313726
0.32549021
0.20392157
0.34901962
0.13725491
0.05882353
0.05098039
0.07058824
0.13333334
0.28235295
0.33725491
0.40784314
0.40000001
0.31372550
0.30196080
0.39215687
0.40784314
0.38823530
0.32156864
0.28235295
0.32156864
0.23137255
0.25490198
0.27058825
0.26666668
0.33725491
0.43921569
0.49019608
0.53725493
0.58431375
0.59215689
0.54901963
0.46274510
0.49803922
0.41176471
0.13725491
0.08627451
0.03137255
0.02745098
0.09803922
0.18039216
0.27450982
0.40784314
0.45882353
0.39215687
0.21960784
0.20000000
0.26274511
0.27450982
0.31764707
0.24705882
0.27843139
0.36078432
0.23529412
0.33725491
0.37647060
0.40784314
0.47450981
0.54117650
0.56862748
0.61960787
0.61176473
0.58039218
0.56862748
0.54901963
0.51764709
0.50196081
1 0 -1 0 0 0 0 0 0 0 0
0 1 -1 0 0 0 0 0 0 0 0
0 0 -1 1 0 0 0 0 0 0 0
0 0 -1 0 1 0 0 0 0 0 0
0 0 -1 0 0 1 0 0 0 0 0
0 0 -1 0 0 0 1 0 0 0 0
0 0 -1 0 0 0 0 1 0 0 0
0 0 -1 0 0 0 0 0 1 0 0
0 0 -1 0 0 0 0 0 0 1 0
