0.21176471
0.19215687
0.15686275
0.15294118
0.18039216
0.20000000
0.24313726
0.29411766
0.29019609
0.22352941
0.16862746
0.12156863
0.06666667
0.09411765
0.12941177
0.14509805
0.14117648
0.14509805
0.24313726
0.34901962
0.38823530
0.32941177
0.21568628
0.12156863
0.07843138
0.10588235
0.33725491
0.57254905
0.55294120
0.51764709
0.51372552
0.50196081
0.18431373
0.15686275
0.12941177
0.13725491
0.18039216
0.20392157
0.27058825
0.34901962
0.27843139
0.13725491
0.08627451
0.07843138
0.07450981
0.11372549
0.14509805
0.16470589
0.19607843
0.27450982
0.40000001
0.49019608
0.52156866
0.48627451
0.39215687
0.27843139
0.21568628
0.29019609
0.48627451
0.54117650
0.52156866
0.56078434
0.56470591
0.54117650
0.16078432
0.16078432
0.14509805
0.12941177
0.15686275
0.19607843
0.41568628
0.46666667
0.31372550
0.14509805
0.05882353
0.08235294
0.09411765
0.10980392
0.13725491
0.20784314
0.30196080
0.40392157
0.48627451
0.53333336
0.54509807
0.55686277
0.52549022
0.44313726
0.43529412
0.49803922
0.52941179
0.46666667
0.43137255
0.47843137
0.51372552
0.52941179
0.14509805
0.17647059
0.17254902
0.15294118
0.14901961
0.23529412
0.59215689
0.53725493
0.29411766
0.27450982
0.16862746
0.16078432
0.14509805
0.11764706
0.16078432
0.28627452
0.41960785
0.49803922
0.50980395
0.52156866
0.52549022
0.56470591
0.58431375
0.54901963
0.55686277
0.56078434
0.51764709
0.45490196
0.40000001
0.41568628
0.45882353
0.50196081
0.10980392
0.15294118
0.18039216
0.21960784
0.28235295
0.41568628
0.67843139
0.63529414
0.34901962
0.41960785
0.44705883
0.53725493
0.45098040
0.30588236
0.28235295
0.41568628
0.54509807
0.56470591
0.52549022
0.51764709
0.50588238
0.53725493
0.57647061
0.56862748
0.57647061
0.53725493
0.49411765
0.47843137
0.43921569
0.43529412
0.44705883
0.47450981
0.07843138
0.10980392
0.19215687
0.42745098
0.54117650
0.56862748
0.61176473
0.60000002
0.43529412
0.41960785
0.32156864
0.55294120
0.63137257
0.58823532
0.59607846
0.67058825
0.65490198
0.61568630
0.64313728
0.61568630
0.54509807
0.52156866
0.54117650
0.56078434
0.53725493
0.52941179
0.50980395
0.49411765
0.47058824
0.45490196
0.45882353
0.44705883
0.05882353
0.09411765
0.29411766
0.47450981
0.45098040
0.53725493
0.48235294
0.55294120
0.25490198
0.11764706
0.14117648
0.30588236
0.56862748
0.66666669
0.63137257
0.53725493
0.46274510
0.47058824
0.59607846
0.63921571
0.65490198
0.59607846
0.51764709
0.54509807
0.49019608
0.50196081
0.52156866
0.52156866
0.49019608
0.47058824
0.50196081
0.47450981
0.05882353
0.09411765
0.27058825
0.27843139
0.45098040
0.67058825
0.66666669
0.63921571
0.22352941
0.05882353
0.10588235
0.23529412
0.45490196
0.56078434
0.52941179
0.48235294
0.45490196
0.42352942
0.56078434
0.61568630
0.64313728
0.50588238
0.52549022
0.56470591
0.54509807
0.56470591
0.52941179
0.49803922
0.49019608
0.51764709
0.54901963
0.53333336
0.06666667
0.07450981
0.15686275
0.22352941
0.41568628
0.63529414
0.67843139
0.58039218
0.30980393
0.10196079
0.12549020
0.25490198
0.28235295
0.33725491
0.39607844
0.44313726
0.37254903
0.56862748
0.47843137
0.49019608
0.63137257
0.41176471
0.43529412
0.46666667
0.55294120
0.64705884
0.62352943
0.61568630
0.51764709
0.52549022
0.56862748
0.56862748
0.06274510
0.05098039
0.06274510
0.21960784
0.27058825
0.32549021
0.47058824
0.33725491
0.30980393
0.23529412
0.26274511
0.37254903
0.23529412
0.19607843
0.31372550
0.45098040
0.34901962
0.50196081
0.36862746
0.43529412
0.54509807
0.40000001
0.38431373
0.32156864
0.44705883
0.55294120
0.59607846
0.68627453
0.53725493
0.47843137
0.52156866
0.54509807
0.04705882
0.02352941
0.01568628
0.10196079
0.19215687
0.24705882
0.34117648
0.25490198
0.22352941
0.32156864
0.43921569
0.47450981
0.28235295
0.16862746
0.27058825
0.40392157
0.44313726
0.43921569
0.44705883
0.54901963
0.49803922
0.36862746
0.45490196
0.38823530
0.34901962
0.41176471
0.49019608
0.61176473
0.59607846
0.59215689
0.53725493
0.50980395
0.02745098
0.02352941
0.05098039
0.12156863
0.21568628
0.25098041
0.25882354
0.25098041
0.25882354
0.26666668
0.29803923
0.40000001
0.35294119
0.24705882
0.29803923
0.34901962
0.43529412
0.32156864
0.38823530
0.47843137
0.47058824
0.47058824
0.45098040
0.39215687
0.40784314
0.46274510
0.63529414
0.64313728
0.56470591
0.54509807
0.56078434
0.49411765
0.07450981
0.11764706
0.18431373
0.23137255
0.29019609
0.30588236
0.22745098
0.20000000
0.22745098
0.25098041
0.27058825
0.30980393
0.34509805
0.43137255
0.40000001
0.29411766
0.26666668
0.29019609
0.34901962
0.33333334
0.34509805
0.30588236
0.33333334
0.56470591
0.63137257
0.58823532
0.70588237
0.57254905
0.43921569
0.37254903
0.40392157
0.46274510
0.19215687
0.22745098
0.27450982
0.30196080
0.32549021
0.33333334
0.28235295
0.21568628
0.21176471
0.22745098
0.23921569
0.23529412
0.26666668
0.32156864
0.38823530
0.34509805
0.40784314
0.52549022
0.44705883
0.39215687
0.36862746
0.23921569
0.48235294
0.76470590
0.50196081
0.37647060
0.55294120
0.43921569
0.41568628
0.29019609
0.29019609
0.44705883
0.26274511
0.29803923
0.32941177
0.34117648
0.32941177
0.32549021
0.32549021
0.30588236
0.29019609
0.21568628
0.19215687
0.20392157
0.22745098
0.24705882
0.32941177
0.37254903
0.54117650
0.74901962
0.64313728
0.49411765
0.51372552
0.36862746
0.54509807
0.69019610
0.60392159
0.43921569
0.40784314
0.30196080
0.27450982
0.28235295
0.32941177
0.41960785
0.30588236
0.32941177
0.34509805
0.34509805
0.32941177
0.32941177
0.35294119
0.33333334
0.33725491
0.26666668
0.18823530
0.20000000
0.20000000
0.23921569
0.31764707
0.41960785
0.49411765
0.52156866
0.52156866
0.51372552
0.53725493
0.38039216
0.40000001
0.41568628
0.41568628
0.32156864
0.26666668
0.21176471
0.21960784
0.34509805
0.36078432
0.35686275
0.31372550
0.31372550
0.31372550
0.30980393
0.31372550
0.34509805
0.35686275
0.40784314
0.50588238
0.30980393
0.15294118
0.16078432
0.17647059
0.22352941
0.28627452
0.35686275
0.35294119
0.39607844
0.58823532
0.42352942
0.38431373
0.30588236
0.20784314
0.32549021
0.40000001
0.27450982
0.23529412
0.20392157
0.22352941
0.35294119
0.32941177
0.32941177
0.30196080
0.29019609
0.31764707
0.32941177
0.36078432
0.41568628
0.45490196
0.61176473
0.59607846
0.25882354
0.05882353
0.05098039
0.12549020
0.18039216
0.18039216
0.18039216
0.21960784
0.46274510
0.61568630
0.45098040
0.30196080
0.20392157
0.18431373
0.28627452
0.32549021
0.21960784
0.28627452
0.29411766
0.26274511
0.25098041
0.27450982
0.28627452
0.30196080
0.30196080
0.36078432
0.38431373
0.44313726
0.61176473
0.74117649
0.78431374
0.55294120
0.19607843
0.03137255
0.05882353
0.10588235
0.18823530
0.16078432
0.09411765
0.30980393
0.49803922
0.38039216
0.37647060
0.17647059
0.07843138
0.09803922
0.13725491
0.12156863
0.09019608
0.15686275
0.20392157
0.15686275
0.15294118
0.25098041
0.25882354
0.27843139
0.26274511
0.28235295
0.28235295
0.45882353
0.57254905
0.61568630
0.49411765
0.40392157
0.21176471
0.16078432
0.18039216
0.16862746
0.17254902
0.14509805
0.21176471
0.56078434
0.49803922
0.27058825
0.17254902
0.07450981
0.01568628
0.01568628
0.03921569
0.05490196
0.05098039
0.07058824
0.07843138
0.10588235
0.14509805
0.18431373
0.25490198
0.29019609
0.18823530
0.21568628
0.31764707
0.49411765
0.40000001
0.39215687
0.30196080
0.29803923
0.26666668
0.25882354
0.20784314
0.18039216
0.14509805
0.10196079
0.36862746
0.51764709
0.33725491
0.24705882
0.09411765
0.03921569
0.03529412
0.03921569
0.05098039
0.03137255
0.01960784
0.05882353
0.04705882
0.11764706
0.12156863
0.09019608
0.19215687
0.29803923
0.19215687
0.17647059
0.31372550
0.38431373
0.31372550
0.31372550
0.29411766
0.26274511
0.23529412
0.25882354
0.20000000
0.16862746
0.10588235
0.20392157
0.44313726
0.38823530
0.23529412
0.18431373
0.06666667
0.04313726
0.05882353
0.08235294
0.09411765
0.06274510
0.03921569
0.07843138
0.09411765
0.13725491
0.13725491
0.13333334
0.21176471
0.25098041
0.23137255
0.12156863
0.26274511
0.25882354
0.21960784
0.20392157
0.20000000
0.24705882
0.24313726
0.23921569
0.15686275
0.22745098
0.29803923
0.38431373
0.38431373
0.28235295
0.15294118
0.07450981
0.04313726
0.04705882
0.06274510
0.10196079
0.15294118
0.15686275
0.13725491
0.14901961
0.18431373
0.19215687
0.16078432
0.18823530
0.23921569
0.30196080
0.28627452
0.17647059
0.29411766
0.27450982
0.14117648
0.10588235
0.12941177
0.25490198
0.26666668
0.20392157
0.22352941
0.41176471
0.50588238
0.37254903
0.32549021
0.19607843
0.09411765
0.07058824
0.06274510
0.08627451
0.13725491
0.18039216
0.23529412
0.25490198
0.25882354
0.25098041
0.24705882
0.25098041
0.20392157
0.19607843
0.22745098
0.32941177
0.28627452
0.23137255
0.25098041
0.27843139
0.19607843
0.14117648
0.13333334
0.25098041
0.26274511
0.30588236
0.33725491
0.50980395
0.64705884
0.46274510
0.22745098
0.11372549
0.10588235
0.12549020
0.10980392
0.16470589
0.23137255
0.25098041
0.30196080
0.33333334
0.28627452
0.27058825
0.30980393
0.29019609
0.22745098
0.22745098
0.23921569
0.25882354
0.23921569
0.24705882
0.24313726
0.25882354
0.21960784
0.22352941
0.16470589
0.20392157
0.21176471
0.22352941
0.23137255
0.41960785
0.57647061
0.56078434
0.16078432
0.10588235
0.19215687
0.21960784
0.17647059
0.27843139
0.31372550
0.30980393
0.46666667
0.39607844
0.28627452
0.30196080
0.28235295
0.27843139
0.24313726
0.24705882
0.26274511
0.24313726
0.26666668
0.28235295
0.27843139
0.20392157
0.18823530
0.20392157
0.14117648
0.14901961
0.15294118
0.10980392
0.28627452
0.34117648
0.40784314
0.32549021
0.23137255
0.26666668
0.26274511
0.25490198
0.23529412
0.29411766
0.33333334
0.35294119
0.44313726
0.36078432
0.28627452
0.34117648
0.29411766
0.26274511
0.27450982
0.32156864
0.33333334
0.21568628
0.25882354
0.22745098
0.18823530
0.12156863
0.14509805
0.24705882
0.20392157
0.11372549
0.10980392
0.19215687
0.30980393
0.23529412
0.37647060
0.29019609
0.32549021
0.34117648
0.30196080
0.30980393
0.27450982
0.27843139
0.30196080
0.35686275
0.33333334
0.29019609
0.27450982
0.25490198
0.20392157
0.24705882
0.28627452
0.30196080
0.29803923
0.18039216
0.22745098
0.23137255
0.21568628
0.11764706
0.08627451
0.20000000
0.23921569
0.13333334
0.14117648
0.26666668
0.31372550
0.19607843
0.36470589
0.39607844
0.33725491
0.33725491
0.30196080
0.30588236
0.25098041
0.26666668
0.32156864
0.38039216
0.23137255
0.12156863
0.14901961
0.12941177
0.09019608
0.09019608
0.14509805
0.16078432
0.21176471
0.15686275
0.15294118
0.22352941
0.26666668
0.18823530
0.12549020
0.15294118
0.13333334
0.11372549
0.15294118
0.22352941
0.23137255
0.19215687
0.32941177
0.37254903
0.26666668
0.27843139
0.30196080
0.24705882
0.27058825
0.32549021
0.43137255
0.29411766
0.16078432
0.18039216
0.14117648
0.12549020
0.16862746
0.12941177
0.09803922
0.15686275
0.23921569
0.15686275
0.10588235
0.17254902
0.27058825
0.25490198
0.21960784
0.18039216
0.09411765
0.11764706
0.14509805
0.15294118
0.15686275
0.12156863
0.24313726
0.20784314
0.14117648
0.20392157
0.25098041
0.20392157
0.24313726
0.32549021
0.39607844
0.24705882
0.26666668
0.30196080
0.24705882
0.22745098
0.24313726
0.21568628
0.21960784
0.30196080
0.32941177
0.11764706
0.08235294
0.12156863
0.19607843
0.27843139
0.24313726
0.23137255
0.17254902
0.12549020
0.12941177
0.16862746
0.14901961
0.11372549
0.20000000
0.16862746
0.14901961
0.18431373
0.23137255
0.24313726
0.23921569
0.24705882
0.24705882
0.23921569
0.27843139
0.21960784
0.17647059
0.19607843
0.17647059
0.23921569
0.32941177
0.31764707
0.32941177
0.25882354
0.23921569
0.20784314
0.20000000
0.21960784
0.23921569
0.29019609
0.33725491
0.32549021
0.25490198
0.19607843
0.12941177
0.07058824
0.11372549
0.16470589
0.17254902
0.16862746
0.17254902
0.26666668
0.37254903
0.40392157
0.34509805
0.23137255
0.14117648
0.10196079
0.12941177
0.36078432
0.59607846
0.57647061
0.54117650
0.53725493
0.52549022
0.22745098
0.20392157
0.17647059
0.18039216
0.21960784
0.23529412
0.30588236
0.38431373
0.31372550
0.17254902
0.10980392
0.08235294
0.07450981
0.13333334
0.17647059
0.19215687
0.22352941
0.30196080
0.42352942
0.51372552
0.53725493
0.49803922
0.40392157
0.29019609
0.23137255
0.31372550
0.50980395
0.56470591
0.54509807
0.58431375
0.58823532
0.56470591
0.20000000
0.20000000
0.18431373
0.16470589
0.19215687
0.21960784
0.43137255
0.48627451
0.34509805
0.18039216
0.07843138
0.08235294
0.08627451
0.12156863
0.16078432
0.23529412
0.32941177
0.42745098
0.50980395
0.55294120
0.56078434
0.56862748
0.53725493
0.45490196
0.44705883
0.51764709
0.55294120
0.49019608
0.45490196
0.50196081
0.53725493
0.55294120
0.17647059
0.20784314
0.20392157
0.18431373
0.18039216
0.25098041
0.58823532
0.53725493
0.31764707
0.30588236
0.18431373
0.15686275
0.13333334
0.11764706
0.18039216
0.31372550
0.45098040
0.52549022
0.53333336
0.54509807
0.54117650
0.57647061
0.59607846
0.56078434
0.56862748
0.58039218
0.54117650
0.47843137
0.42352942
0.43921569
0.48235294
0.52549022
0.13725491
0.18039216
0.20784314
0.24705882
0.30980393
0.42745098
0.65490198
0.61568630
0.36078432
0.44705883
0.45490196
0.52941179
0.43921569
0.30588236
0.29803923
0.44705883
0.57647061
0.59607846
0.55686277
0.54509807
0.52156866
0.55294120
0.59215689
0.58039218
0.58823532
0.55686277
0.51764709
0.50196081
0.46274510
0.45882353
0.47058824
0.49803922
0.09803922
0.12941177
0.20784314
0.44705883
0.56862748
0.57647061
0.58039218
0.56862748
0.43529412
0.44313726
0.33333334
0.54509807
0.61568630
0.58039218
0.60784316
0.70196080
0.69019610
0.64313728
0.67058825
0.64313728
0.56470591
0.53725493
0.55686277
0.56862748
0.54901963
0.54509807
0.52941179
0.51372552
0.49411765
0.47843137
0.48235294
0.47058824
0.08235294
0.10588235
0.30196080
0.47450981
0.45098040
0.53333336
0.47450981
0.55294120
0.26666668
0.14509805
0.16862746
0.31372550
0.55686277
0.63529414
0.60784316
0.54509807
0.46666667
0.47058824
0.59607846
0.63529414
0.65490198
0.59607846
0.52156866
0.54901963
0.49019608
0.50196081
0.52941179
0.52941179
0.50588238
0.48627451
0.52549022
0.49803922
0.08235294
0.10588235
0.27058825
0.27843139
0.43529412
0.65882355
0.66666669
0.64705884
0.23137255
0.07450981
0.12156863
0.23921569
0.44705883
0.53333336
0.49803922
0.47058824
0.43921569
0.40000001
0.53333336
0.58823532
0.62745100
0.50196081
0.52549022
0.56862748
0.54901963
0.56470591
0.52549022
0.50196081
0.50196081
0.53333336
0.57254905
0.55686277
0.08627451
0.09019608
0.16470589
0.23137255
0.40392157
0.61568630
0.66666669
0.57254905
0.30588236
0.09411765
0.11764706
0.24705882
0.27450982
0.32549021
0.38431373
0.42352942
0.34901962
0.53725493
0.43921569
0.45098040
0.61176473
0.40392157
0.43137255
0.47058824
0.56078434
0.64705884
0.62352943
0.61960787
0.52941179
0.54509807
0.58823532
0.59215689
0.08235294
0.07058824
0.08235294
0.23921569
0.26274511
0.30980393
0.46274510
0.32549021
0.29803923
0.21568628
0.23529412
0.35686275
0.23529412
0.20392157
0.31764707
0.43529412
0.32156864
0.47058824
0.32549021
0.39215687
0.51372552
0.38039216
0.37254903
0.31764707
0.44705883
0.55294120
0.59215689
0.69019610
0.54509807
0.49411765
0.54117650
0.56862748
0.06274510
0.04705882
0.04313726
0.13333334
0.20392157
0.24313726
0.34117648
0.25098041
0.21176471
0.29803923
0.40784314
0.45490196
0.27843139
0.17647059
0.28235295
0.40000001
0.42745098
0.41960785
0.41568628
0.51372552
0.45882353
0.33333334
0.42745098
0.37254903
0.34117648
0.40392157
0.48235294
0.60784316
0.60392159
0.60000002
0.55294120
0.52941179
0.04313726
0.05098039
0.08627451
0.16470589
0.24705882
0.27058825
0.27450982
0.25882354
0.25490198
0.25490198
0.27843139
0.38823530
0.34509805
0.25098041
0.30588236
0.35686275
0.43921569
0.31764707
0.37647060
0.45490196
0.43137255
0.42745098
0.41960785
0.37647060
0.40000001
0.45098040
0.61960787
0.63529414
0.56470591
0.54901963
0.57254905
0.51764709
0.09019608
0.14509805
0.22745098
0.28235295
0.33725491
0.35294119
0.26666668
0.22745098
0.23921569
0.25098041
0.26666668
0.30196080
0.33725491
0.42352942
0.40392157
0.31764707
0.28627452
0.30196080
0.35294119
0.32156864
0.30980393
0.26666668
0.30980393
0.55294120
0.62352943
0.57254905
0.68627453
0.56078434
0.43137255
0.37254903
0.41568628
0.48627451
0.24313726
0.28235295
0.33333334
0.36078432
0.39607844
0.40784314
0.34509805
0.26666668
0.24705882
0.24313726
0.24313726
0.23921569
0.26666668
0.32156864
0.38823530
0.35294119
0.41176471
0.52156866
0.43137255
0.36862746
0.33333334
0.20392157
0.45490196
0.74117649
0.47843137
0.35294119
0.52941179
0.41568628
0.40000001
0.28235295
0.29803923
0.47450981
0.32941177
0.36078432
0.39215687
0.40392157
0.40392157
0.40000001
0.39215687
0.36078432
0.33333334
0.23921569
0.19607843
0.20784314
0.23137255
0.25098041
0.32941177
0.36862746
0.53333336
0.74117649
0.61960787
0.46274510
0.48235294
0.33725491
0.51372552
0.66274512
0.57647061
0.41176471
0.38431373
0.27843139
0.25882354
0.27450982
0.34509805
0.45882353
0.37254903
0.39215687
0.40784314
0.40784314
0.39607844
0.39607844
0.40784314
0.37647060
0.37254903
0.28627452
0.19607843
0.20392157
0.20784314
0.24705882
0.32156864
0.41960785
0.49019608
0.50980395
0.49803922
0.48235294
0.50980395
0.35686275
0.36862746
0.38823530
0.38431373
0.29411766
0.24313726
0.19607843
0.20784314
0.34117648
0.38431373
0.41176471
0.38039216
0.37647060
0.37647060
0.37254903
0.37647060
0.40000001
0.40000001
0.43529412
0.52549022
0.32549021
0.15686275
0.16470589
0.18039216
0.23137255
0.29019609
0.35294119
0.34901962
0.38431373
0.56470591
0.39215687
0.36078432
0.27843139
0.18039216
0.29411766
0.36862746
0.24705882
0.21568628
0.18823530
0.21568628
0.34901962
0.36078432
0.39607844
0.36470589
0.35686275
0.38431373
0.39607844
0.41960785
0.45882353
0.48627451
0.63137257
0.60392159
0.26274511
0.06274510
0.05098039
0.12549020
0.18431373
0.18039216
0.17647059
0.21176471
0.45490196
0.59215689
0.41960785
0.27843139
0.18431373
0.16078432
0.26274511
0.30196080
0.20000000
0.27058825
0.28627452
0.25882354
0.25490198
0.30980393
0.35294119
0.36470589
0.36470589
0.42745098
0.45098040
0.49411765
0.64705884
0.76470590
0.78823531
0.54509807
0.18823530
0.02745098
0.05882353
0.10588235
0.18823530
0.16078432
0.09019608
0.30588236
0.49019608
0.35686275
0.34509805
0.15294118
0.06274510
0.08235294
0.12156863
0.10588235
0.07450981
0.14901961
0.20000000
0.15686275
0.15686275
0.28627452
0.31764707
0.34117648
0.32549021
0.34509805
0.34901962
0.50980395
0.60784316
0.63529414
0.49803922
0.39607844
0.20392157
0.16862746
0.18039216
0.16862746
0.16862746
0.14117648
0.20784314
0.55686277
0.49019608
0.25098041
0.14509805
0.05490196
0.00392157
0.00784314
0.02745098
0.04705882
0.04705882
0.06666667
0.07843138
0.10980392
0.15294118
0.21568628
0.30588236
0.34117648
0.23529412
0.25490198
0.35686275
0.51372552
0.41176471
0.40784314
0.33333334
0.33725491
0.31764707
0.30980393
0.24313726
0.19215687
0.14117648
0.08627451
0.35294119
0.50588238
0.32549021
0.23529412
0.08627451
0.03921569
0.03921569
0.04313726
0.05098039
0.03529412
0.03137255
0.07450981
0.05882353
0.13333334
0.13333334
0.12941177
0.25098041
0.34509805
0.23137255
0.21176471
0.34117648
0.40000001
0.32156864
0.33333334
0.33333334
0.32156864
0.30588236
0.32941177
0.24705882
0.19215687
0.10196079
0.18823530
0.41960785
0.36862746
0.22352941
0.17254902
0.06666667
0.05490196
0.07450981
0.09803922
0.10980392
0.07450981
0.05882353
0.10196079
0.11372549
0.15686275
0.15686275
0.17647059
0.27450982
0.30588236
0.27843139
0.16470589
0.30196080
0.27843139
0.23529412
0.23137255
0.23921569
0.29803923
0.30196080
0.29803923
0.20000000
0.24313726
0.29803923
0.36862746
0.36078432
0.26274511
0.13725491
0.06666667
0.04313726
0.06274510
0.09019608
0.12941177
0.17647059
0.17647059
0.16470589
0.18039216
0.21176471
0.21960784
0.18823530
0.23137255
0.30588236
0.36078432
0.33725491
0.22352941
0.33725491
0.30196080
0.16470589
0.13725491
0.16862746
0.30196080
0.31372550
0.24705882
0.25490198
0.42352942
0.50588238
0.36078432
0.30980393
0.18431373
0.08627451
0.06666667
0.06666667
0.11372549
0.17254902
0.21176471
0.26666668
0.28235295
0.29411766
0.29019609
0.28627452
0.29019609
0.23921569
0.25098041
0.29411766
0.39607844
0.34509805
0.28235295
0.29803923
0.30980393
0.22352941
0.17647059
0.16862746
0.29019609
0.29803923
0.33333334
0.35686275
0.51764709
0.65098041
0.46666667
0.23137255
0.11764706
0.11764706
0.14901961
0.14117648
0.20784314
0.27843139
0.29411766
0.34117648
0.37647060
0.32941177
0.31764707
0.36078432
0.34117648
0.27843139
0.28627452
0.30588236
0.33333334
0.30196080
0.30588236
0.29019609
0.29411766
0.25490198
0.25882354
0.20000000
0.23529412
0.23529412
0.23921569
0.24313726
0.42745098
0.58431375
0.57254905
0.18823530
0.14117648
0.23137255
0.27450982
0.23137255
0.33333334
0.36862746
0.36470589
0.51764709
0.44705883
0.34117648
0.36078432
0.34117648
0.33725491
0.30588236
0.30980393
0.32941177
0.32156864
0.33725491
0.34117648
0.32549021
0.23921569
0.22352941
0.24313726
0.18039216
0.18039216
0.16862746
0.11764706
0.29411766
0.34901962
0.41176471
0.34509805
0.28235295
0.32941177
0.32941177
0.32941177
0.31372550
0.35686275
0.39215687
0.41176471
0.49803922
0.41568628
0.34117648
0.40392157
0.35686275
0.32941177
0.34117648
0.38823530
0.39607844
0.26666668
0.32941177
0.28627452
0.22352941
0.14509805
0.17647059
0.28235295
0.24313726
0.15294118
0.13725491
0.20784314
0.32156864
0.24705882
0.38431373
0.31372550
0.39607844
0.41960785
0.38039216
0.38823530
0.35294119
0.33333334
0.36078432
0.42745098
0.39215687
0.32549021
0.31764707
0.30980393
0.25490198
0.29411766
0.32549021
0.35686275
0.36470589
0.22745098
0.29019609
0.28627452
0.24313726
0.14117648
0.11372549
0.23529412
0.27450982
0.17254902
0.17254902
0.28235295
0.32941177
0.20784314
0.37647060
0.42352942
0.40000001
0.40392157
0.36862746
0.37647060
0.31372550
0.32156864
0.38039216
0.44705883
0.28235295
0.14901961
0.18431373
0.17647059
0.13333334
0.13333334
0.18039216
0.21176471
0.27450982
0.20392157
0.21176471
0.27843139
0.30196080
0.22352941
0.16862746
0.19215687
0.16862746
0.14901961
0.18431373
0.24313726
0.25098041
0.21176471
0.34901962
0.40000001
0.30980393
0.32549021
0.35294119
0.29803923
0.32156864
0.38039216
0.49411765
0.35686275
0.21176471
0.21176471
0.17647059
0.16862746
0.21568628
0.17647059
0.14509805
0.21176471
0.29803923
0.20392157
0.15294118
0.21960784
0.31372550
0.30588236
0.27843139
0.23137255
0.13333334
0.15294118
0.17647059
0.18431373
0.18823530
0.15294118
0.27058825
0.23529412
0.17647059
0.23529412
0.28627452
0.23921569
0.28235295
0.38039216
0.45490196
0.30196080
0.31372550
0.33725491
0.27843139
0.26274511
0.28627452
0.26274511
0.27058825
0.35686275
0.38823530
0.16470589
0.12156863
0.16078432
0.23921569
0.34117648
0.30980393
0.29019609
0.21960784
0.16078432
0.16470589
0.20392157
0.18431373
0.14509805
0.23137255
0.20000000
0.18823530
0.21960784
0.26274511
0.27450982
0.27450982
0.30980393
0.30588236
0.28235295
0.31372550
0.25882354
0.20392157
0.21960784
0.21176471
0.28627452
0.38431373
0.37647060
0.38823530
0.31372550
0.29411766
0.25882354
0.25098041
0.28235295
0.29411766
0.32941177
0.38823530
0.40000001
0.32941177
0.25098041
0.16078432
0.08627451
0.12941177
0.18431373
0.18823530
0.18823530
0.20392157
0.30588236
0.41960785
0.45098040
0.38823530
0.26274511
0.15686275
0.10980392
0.16470589
0.41568628
0.64705884
0.63137257
0.59607846
0.59215689
0.58039218
0.27450982
0.25098041
0.22352941
0.22745098
0.27450982
0.27843139
0.31372550
0.38431373
0.33333334
0.20784314
0.14901961
0.10196079
0.08235294
0.14509805
0.19607843
0.21960784
0.25490198
0.34509805
0.47450981
0.56862748
0.60000002
0.55686277
0.45490196
0.33333334
0.27058825
0.36078432
0.56470591
0.61960787
0.60000002
0.63921571
0.64313728
0.61960787
0.23921569
0.23921569
0.22352941
0.20392157
0.23921569
0.23921569
0.40000001
0.44313726
0.31764707
0.18431373
0.09803922
0.08235294
0.08235294
0.12941177
0.18431373
0.26274511
0.36470589
0.47450981
0.56078434
0.61176473
0.62745100
0.63921571
0.60392159
0.52156866
0.50980395
0.57647061
0.60784316
0.54509807
0.50980395
0.55686277
0.59215689
0.60784316
0.21568628
0.24313726
0.24313726
0.22352941
0.21568628
0.25098041
0.52941179
0.46666667
0.28235295
0.30196080
0.18039216
0.14509805
0.12156863
0.12156863
0.20000000
0.33333334
0.47450981
0.55686277
0.57254905
0.59215689
0.60000002
0.63921571
0.66274512
0.63529414
0.64705884
0.64705884
0.59607846
0.53333336
0.47843137
0.49411765
0.53725493
0.58039218
0.17254902
0.21568628
0.24313726
0.28235295
0.33333334
0.40392157
0.58039218
0.54117650
0.33725491
0.44705883
0.43529412
0.49803922
0.41568628
0.30588236
0.31372550
0.44313726
0.58039218
0.60784316
0.57647061
0.57254905
0.56078434
0.60000002
0.65098041
0.65098041
0.66274512
0.61960787
0.57254905
0.55686277
0.51764709
0.51372552
0.52549022
0.55294120
0.12941177
0.15686275
0.23921569
0.47450981
0.57254905
0.53725493
0.49803922
0.50588238
0.43529412
0.45098040
0.30588236
0.50588238
0.58431375
0.57254905
0.61176473
0.68235296
0.66666669
0.63529414
0.66666669
0.64313728
0.57647061
0.56078434
0.59607846
0.62745100
0.61960787
0.60784316
0.58431375
0.56862748
0.54901963
0.53725493
0.54117650
0.52549022
0.10196079
0.11372549
0.29019609
0.45490196
0.41960785
0.48235294
0.40784314
0.50980395
0.27843139
0.16862746
0.16470589
0.29803923
0.52941179
0.60392159
0.58039218
0.52941179
0.44705883
0.43921569
0.55294120
0.58431375
0.60784316
0.56470591
0.51764709
0.58039218
0.54509807
0.54509807
0.56470591
0.58039218
0.56470591
0.56078434
0.58823532
0.55294120
0.09411765
0.10196079
0.24705882
0.23921569
0.39215687
0.60392159
0.60784316
0.61176473
0.23921569
0.09411765
0.12549020
0.23137255
0.42352942
0.49803922
0.46666667
0.45490196
0.41960785
0.36078432
0.47450981
0.51372552
0.53333336
0.41960785
0.47450981
0.54901963
0.55294120
0.57254905
0.54117650
0.52941179
0.54509807
0.59215689
0.63137257
0.61176473
0.10588235
0.09411765
0.15294118
0.21176471
0.37254903
0.56862748
0.61176473
0.53333336
0.29803923
0.09803922
0.10196079
0.22745098
0.25490198
0.30980393
0.36470589
0.40000001
0.31372550
0.49019608
0.38039216
0.37647060
0.50980395
0.31372550
0.35686275
0.41176471
0.51764709
0.61960787
0.60392159
0.61568630
0.54117650
0.56862748
0.63137257
0.64705884
0.10588235
0.08235294
0.08627451
0.23529412
0.25490198
0.28235295
0.41568628
0.28235295
0.27843139
0.19607843
0.20392157
0.32941177
0.21568628
0.19607843
0.30588236
0.40000001
0.27843139
0.42352942
0.27058825
0.32941177
0.44705883
0.31764707
0.31764707
0.26666668
0.40392157
0.50196081
0.54509807
0.65490198
0.52941179
0.49019608
0.56862748
0.62352943
0.09411765
0.07450981
0.06666667
0.14901961
0.22352941
0.25098041
0.32156864
0.21960784
0.19607843
0.27843139
0.37254903
0.42745098
0.26274511
0.17254902
0.27450982
0.36470589
0.38431373
0.37647060
0.37254903
0.47058824
0.43529412
0.31372550
0.40392157
0.34117648
0.30588236
0.34901962
0.41568628
0.56078434
0.56862748
0.58039218
0.57647061
0.58823532
0.08235294
0.08627451
0.11764706
0.19607843
0.29803923
0.30980393
0.27450982
0.24313726
0.24705882
0.24313726
0.25098041
0.36470589
0.32941177
0.23529412
0.29019609
0.32941177
0.40784314
0.29019609
0.34901962
0.43529412
0.41960785
0.41176471
0.38823530
0.32549021
0.33725491
0.38039216
0.55686277
0.58823532
0.53333336
0.52941179
0.59215689
0.57647061
0.13725491
0.19215687
0.27450982
0.33333334
0.41176471
0.41960785
0.29019609
0.22745098
0.24313726
0.24705882
0.25098041
0.29019609
0.32156864
0.40784314
0.38431373
0.29019609
0.25882354
0.27843139
0.33725491
0.30980393
0.27450982
0.20784314
0.23529412
0.45098040
0.50980395
0.48627451
0.62745100
0.51372552
0.40392157
0.35686275
0.43529412
0.54117650
0.30196080
0.34901962
0.41568628
0.45490196
0.49411765
0.49411765
0.40392157
0.30196080
0.27058825
0.25882354
0.25098041
0.24705882
0.27843139
0.32941177
0.39215687
0.32941177
0.36862746
0.47058824
0.39215687
0.33333334
0.27843139
0.13333334
0.36862746
0.63529414
0.36470589
0.25882354
0.45882353
0.36470589
0.36470589
0.25882354
0.30980393
0.51372552
0.40000001
0.44313726
0.48627451
0.50588238
0.51372552
0.50196081
0.46666667
0.40392157
0.34901962
0.25098041
0.21176471
0.22352941
0.24705882
0.26666668
0.33725491
0.34901962
0.48235294
0.67058825
0.55686277
0.41568628
0.41568628
0.26274511
0.43529412
0.57647061
0.48235294
0.33333334
0.31764707
0.23137255
0.22352941
0.25490198
0.35686275
0.50588238
0.45098040
0.47450981
0.49803922
0.50588238
0.50588238
0.50196081
0.48235294
0.41176471
0.37254903
0.27843139
0.20000000
0.20784314
0.21176471
0.25098041
0.32549021
0.39607844
0.43921569
0.43921569
0.43921569
0.43529412
0.43921569
0.27843139
0.30196080
0.32941177
0.32941177
0.23921569
0.19607843
0.16078432
0.18823530
0.33333334
0.41568628
0.47843137
0.46274510
0.46666667
0.46666667
0.45882353
0.47450981
0.49411765
0.46274510
0.46274510
0.51372552
0.30980393
0.16078432
0.16862746
0.18431373
0.23529412
0.29019609
0.33333334
0.29803923
0.31764707
0.50588238
0.34509805
0.29411766
0.21568628
0.12941177
0.25882354
0.34509805
0.21568628
0.18431373
0.17254902
0.21568628
0.36078432
0.41176471
0.48235294
0.45882353
0.44313726
0.46274510
0.47058824
0.49803922
0.53333336
0.53725493
0.65490198
0.59607846
0.26274511
0.07843138
0.06666667
0.14117648
0.20000000
0.18823530
0.15686275
0.16470589
0.38431373
0.52941179
0.38039216
0.23137255
0.14117648
0.13333334
0.24313726
0.29019609
0.18823530
0.25882354
0.28627452
0.27843139
0.28235295
0.37254903
0.45098040
0.46666667
0.45490196
0.50588238
0.51764709
0.54901963
0.68627453
0.79607844
0.80784315
0.55686277
0.20784314
0.06666667
0.09411765
0.14117648
0.22745098
0.18431373
0.07450981
0.25490198
0.41960785
0.29411766
0.30196080
0.14117648
0.05098039
0.07058824
0.10588235
0.09019608
0.07058824
0.15294118
0.21960784
0.19607843
0.20392157
0.35686275
0.41176471
0.44313726
0.41176471
0.41960785
0.40784314
0.53725493
0.61960787
0.65882355
0.52549022
0.42745098
0.24705882
0.21960784
0.23529412
0.21960784
0.22352941
0.17647059
0.18431373
0.50196081
0.42352942
0.19607843
0.11372549
0.06274510
0.01568628
0.00392157
0.01568628
0.03137255
0.04313726
0.07843138
0.10196079
0.15294118
0.20784314
0.29019609
0.39607844
0.42745098
0.30980393
0.32156864
0.41568628
0.53725493
0.43137255
0.46274510
0.40000001
0.39607844
0.37647060
0.37647060
0.29803923
0.23529412
0.17647059
0.09019608
0.29411766
0.43921569
0.27843139
0.21176471
0.08235294
0.03921569
0.03529412
0.04313726
0.05490196
0.03529412
0.02745098
0.07450981
0.07058824
0.16470589
0.17647059
0.19215687
0.33725491
0.43529412
0.30588236
0.27450982
0.39215687
0.41960785
0.35294119
0.40392157
0.41176471
0.38823530
0.36862746
0.39607844
0.29803923
0.22352941
0.12156863
0.17254902
0.34901962
0.30196080
0.18431373
0.16078432
0.07058824
0.05098039
0.07058824
0.10588235
0.12549020
0.09803922
0.07450981
0.11764706
0.14117648
0.19607843
0.20392157
0.23921569
0.35686275
0.40784314
0.35686275
0.21960784
0.34117648
0.30588236
0.27058825
0.29019609
0.30588236
0.36470589
0.36470589
0.35686275
0.24313726
0.26666668
0.30588236
0.34901962
0.30196080
0.20784314
0.10588235
0.05490196
0.04313726
0.07058824
0.10196079
0.15294118
0.21176471
0.21960784
0.21176471
0.23529412
0.27058825
0.28627452
0.25882354
0.30980393
0.38823530
0.47058824
0.42352942
0.28627452
0.37647060
0.34509805
0.20784314
0.18823530
0.22352941
0.36470589
0.37647060
0.29803923
0.29019609
0.43529412
0.49803922
0.33725491
0.26666668
0.14901961
0.07058824
0.06666667
0.08235294
0.14509805
0.21176471
0.25882354
0.32156864
0.34901962
0.37647060
0.37647060
0.37254903
0.38039216
0.32549021
0.33333334
0.37647060
0.49411765
0.43137255
0.35686275
0.36470589
0.37254903
0.27843139
0.21568628
0.21568628
0.34901962
0.35686275
0.37647060
0.38039216
0.51764709
0.62352943
0.43529412
0.21568628
0.11372549
0.12549020
0.16470589
0.16862746
0.25882354
0.34117648
0.36470589
0.42352942
0.46666667
0.43529412
0.42745098
0.46274510
0.43921569
0.37254903
0.37254903
0.38823530
0.41176471
0.39215687
0.40000001
0.38823530
0.38431373
0.31372550
0.29411766
0.23529412
0.29019609
0.29803923
0.27450982
0.25490198
0.41568628
0.54117650
0.53725493
0.20784314
0.17254902
0.26666668
0.31372550
0.27843139
0.40392157
0.45098040
0.45490196
0.61960787
0.55686277
0.45882353
0.47843137
0.44705883
0.43137255
0.38823530
0.38823530
0.40784314
0.38431373
0.41960785
0.44313726
0.44313726
0.34117648
0.28235295
0.27450982
0.20784314
0.23529412
0.22745098
0.14509805
0.30196080
0.33333334
0.37254903
0.32156864
0.32941177
0.38823530
0.38823530
0.38823530
0.37647060
0.43921569
0.49019608
0.51764709
0.61176473
0.53333336
0.45882353
0.51372552
0.45490196
0.41568628
0.41960785
0.46274510
0.47450981
0.32941177
0.40392157
0.37647060
0.32549021
0.21960784
0.21960784
0.31764707
0.27843139
0.19607843
0.17254902
0.21960784
0.33725491
0.25882354
0.39607844
0.34509805
0.47843137
0.50980395
0.46274510
0.47058824
0.43137255
0.42352942
0.46666667
0.54117650
0.49803922
0.41568628
0.41176471
0.39607844
0.32941177
0.36862746
0.41960785
0.43137255
0.42745098
0.28627452
0.35686275
0.36470589
0.33333334
0.20392157
0.14901961
0.27058825
0.31372550
0.21176471
0.19607843
0.29411766
0.34509805
0.23921569
0.41176471
0.47450981
0.48235294
0.49019608
0.45098040
0.45490196
0.39215687
0.40784314
0.48235294
0.55686277
0.38039216
0.22352941
0.24705882
0.22352941
0.16470589
0.17254902
0.25098041
0.27843139
0.34509805
0.25882354
0.26666668
0.34509805
0.38823530
0.29019609
0.21176471
0.23529412
0.20784314
0.18823530
0.21176471
0.25882354
0.27450982
0.24313726
0.38823530
0.44705883
0.37254903
0.39215687
0.41960785
0.36470589
0.39215687
0.46666667
0.58823532
0.45098040
0.29803923
0.28627452
0.22352941
0.18823530
0.22352941
0.20000000
0.19607843
0.28627452
0.38823530
0.25490198
0.19215687
0.27450982
0.39607844
0.38039216
0.33333334
0.28235295
0.17647059
0.19215687
0.20392157
0.20000000
0.21568628
0.18823530
0.31372550
0.28235295
0.21568628
0.28235295
0.34509805
0.30588236
0.35686275
0.47058824
0.54509807
0.38431373
0.38823530
0.40784314
0.33725491
0.30588236
0.32156864
0.31372550
0.35686275
0.46274510
0.49803922
0.20784314
0.14509805
0.20000000
0.32156864
0.42352942
0.37647060
0.34901962
0.26666668
0.19607843
0.19215687
0.22745098
0.21568628
0.18039216
0.27843139
0.24705882
0.21960784
0.25882354
0.31764707
0.34509805
0.35294119
0.39607844
0.38431373
0.34901962
0.37647060
0.32549021
0.27450982
0.28627452
0.27450982
0.37254903
0.50980395
0.50588238
0.49803922
1 0 0 0 0 0 -1 0 0 0 0
0 1 0 0 0 0 -1 0 0 0 0
0 0 1 0 0 0 -1 0 0 0 0
0 0 0 1 0 0 -1 0 0 0 0
0 0 0 0 1 0 -1 0 0 0 0
0 0 0 0 0 1 -1 0 0 0 0
0 0 0 0 0 0 -1 1 0 0 0
0 0 0 0 0 0 -1 0 1 0 0
0 0 0 0 0 0 -1 0 0 1 0
