0.45490196
0.43137255
0.39607844
0.36470589
0.30588236
0.22352941
0.12941177
0.07450981
0.06666667
0.06666667
0.05882353
0.04705882
0.04313726
0.04705882
0.08627451
0.16470589
0.21176471
0.19215687
0.10980392
0.05882353
0.06666667
0.10588235
0.13333334
0.17647059
0.25098041
0.34117648
0.43529412
0.51372552
0.54901963
0.47843137
0.34509805
0.28235295
0.41176471
0.49803922
0.53333336
0.51372552
0.44705883
0.36470589
0.26274511
0.18431373
0.15294118
0.12549020
0.09411765
0.08235294
0.10588235
0.13333334
0.11764706
0.12156863
0.14509805
0.13725491
0.09803922
0.08235294
0.09019608
0.12549020
0.24705882
0.48627451
0.71764708
0.79215688
0.78431374
0.78039217
0.74901962
0.62352943
0.41960785
0.27450982
0.21960784
0.39215687
0.46274510
0.47058824
0.44705883
0.41568628
0.38823530
0.39607844
0.46666667
0.45490196
0.40784314
0.40000001
0.42745098
0.44313726
0.32549021
0.18431373
0.14509805
0.14117648
0.13333334
0.15686275
0.22352941
0.43137255
0.71764708
0.91764706
0.91764706
0.60784316
0.30588236
0.20784314
0.18039216
0.16078432
0.15686275
0.16078432
0.32156864
0.32549021
0.34901962
0.38823530
0.40392157
0.39607844
0.35686275
0.35686275
0.41176471
0.41176471
0.39607844
0.39215687
0.39215687
0.39607844
0.40392157
0.39607844
0.42352942
0.38431373
0.30980393
0.44313726
0.69019610
0.87058824
0.93725491
0.90980393
0.67450982
0.31764707
0.11764706
0.04705882
0.05490196
0.09019608
0.11372549
0.12941177
0.40392157
0.33333334
0.30980393
0.33333334
0.33333334
0.33725491
0.32156864
0.30588236
0.29411766
0.28235295
0.29019609
0.29803923
0.29019609
0.25098041
0.21176471
0.24705882
0.38431373
0.48627451
0.61960787
0.83921570
0.89803922
0.88235295
0.89803922
0.78431374
0.45490196
0.15294118
0.06274510
0.03921569
0.05098039
0.06274510
0.05098039
0.03921569
0.32156864
0.34117648
0.34117648
0.36470589
0.36470589
0.36078432
0.36470589
0.36862746
0.33333334
0.31372550
0.35294119
0.34901962
0.32156864
0.25882354
0.22745098
0.24705882
0.40000001
0.65882355
0.87058824
0.84705883
0.81568629
0.87450981
0.87450981
0.71764708
0.34117648
0.05882353
0.01176471
0.00392157
0.00784314
0.01568628
0.02352941
0.03921569
0.29411766
0.34509805
0.36078432
0.40784314
0.41568628
0.40784314
0.40392157
0.40000001
0.38431373
0.40392157
0.44705883
0.40000001
0.37647060
0.42745098
0.50588238
0.63529414
0.76862746
0.75294119
0.80392158
0.75686276
0.86274511
0.89803922
0.83529413
0.61568630
0.27843139
0.06274510
0.01176471
0.00784314
0.01960784
0.02352941
0.03137255
0.06274510
0.33725491
0.39215687
0.40000001
0.41960785
0.43137255
0.42352942
0.41176471
0.41960785
0.41176471
0.40392157
0.40784314
0.38039216
0.38039216
0.47058824
0.63529414
0.78431374
0.78431374
0.67450982
0.65098041
0.75686276
0.87450981
0.78431374
0.65098041
0.43921569
0.16470589
0.06666667
0.02352941
0.00784314
0.03529412
0.05882353
0.05882353
0.04313726
0.33725491
0.41960785
0.45098040
0.42745098
0.41176471
0.40000001
0.39607844
0.38823530
0.38431373
0.38823530
0.36078432
0.38039216
0.46274510
0.26274511
0.21960784
0.35686275
0.62745100
0.59215689
0.60392159
0.76470590
0.80000001
0.66666669
0.52941179
0.34117648
0.11372549
0.07843138
0.11764706
0.09411765
0.03137255
0.01568628
0.03921569
0.03137255
0.40000001
0.46274510
0.47058824
0.45490196
0.41176471
0.40000001
0.42352942
0.42745098
0.41568628
0.40392157
0.45098040
0.62352943
0.60000002
0.33725491
0.21176471
0.17254902
0.32549021
0.52941179
0.63529414
0.80392158
0.73725492
0.54509807
0.52156866
0.30980393
0.09803922
0.09803922
0.16470589
0.19215687
0.07450981
0.04313726
0.07058824
0.07058824
0.45882353
0.46666667
0.45882353
0.46274510
0.45882353
0.45098040
0.44705883
0.41176471
0.36862746
0.35294119
0.38823530
0.48235294
0.43137255
0.29019609
0.21176471
0.18431373
0.20000000
0.41176471
0.67843139
0.75686276
0.55686277
0.32941177
0.22745098
0.15294118
0.11372549
0.14901961
0.15686275
0.13725491
0.09019608
0.09019608
0.10196079
0.06666667
0.42745098
0.47058824
0.51372552
0.52156866
0.51764709
0.49411765
0.45882353
0.39607844
0.34901962
0.31372550
0.24313726
0.23921569
0.17254902
0.16470589
0.20000000
0.32156864
0.41176471
0.47450981
0.73333335
0.78431374
0.41568628
0.29411766
0.23529412
0.11764706
0.09803922
0.16470589
0.18431373
0.14117648
0.12156863
0.09411765
0.05490196
0.03921569
0.40000001
0.49803922
0.52941179
0.55294120
0.55686277
0.54117650
0.53333336
0.49803922
0.43529412
0.36862746
0.22352941
0.17254902
0.16862746
0.21176471
0.30980393
0.27450982
0.37254903
0.64705884
0.75686276
0.74509805
0.36862746
0.37647060
0.45098040
0.19215687
0.07450981
0.15294118
0.18039216
0.15294118
0.14509805
0.09803922
0.03529412
0.02352941
0.25490198
0.38823530
0.50196081
0.56078434
0.57647061
0.58039218
0.57647061
0.54901963
0.47843137
0.40392157
0.23921569
0.16470589
0.19215687
0.21176471
0.24705882
0.21176471
0.20392157
0.42745098
0.78039217
0.65882355
0.25490198
0.23137255
0.26666668
0.14509805
0.06666667
0.14509805
0.18431373
0.16470589
0.16862746
0.11372549
0.05882353
0.02352941
0.36862746
0.39607844
0.50588238
0.57647061
0.61960787
0.62745100
0.60392159
0.55686277
0.50196081
0.41176471
0.24313726
0.18039216
0.20784314
0.20784314
0.21568628
0.22352941
0.20000000
0.21568628
0.41568628
0.34509805
0.15294118
0.15294118
0.10980392
0.10588235
0.12941177
0.16078432
0.17647059
0.17254902
0.19607843
0.17254902
0.09411765
0.02352941
0.49803922
0.46274510
0.52941179
0.62745100
0.66666669
0.67058825
0.65882355
0.63529414
0.58823532
0.42745098
0.21960784
0.12941177
0.17254902
0.21568628
0.21568628
0.21960784
0.23529412
0.19215687
0.12549020
0.13725491
0.15294118
0.16862746
0.16862746
0.16862746
0.17647059
0.18039216
0.18039216
0.18039216
0.18823530
0.18431373
0.09803922
0.03137255
0.55294120
0.54901963
0.56078434
0.63137257
0.67058825
0.71764708
0.72549021
0.69411767
0.62352943
0.43921569
0.23529412
0.14117648
0.17254902
0.20000000
0.19607843
0.21960784
0.20784314
0.15686275
0.21176471
0.20000000
0.13333334
0.16470589
0.19607843
0.19215687
0.18039216
0.17647059
0.18039216
0.18039216
0.17647059
0.15686275
0.09411765
0.08235294
0.50980395
0.53333336
0.54901963
0.57647061
0.64705884
0.72941178
0.76078433
0.72549021
0.60784316
0.45882353
0.29411766
0.18431373
0.18823530
0.17254902
0.17647059
0.18431373
0.16078432
0.25882354
0.38039216
0.16078432
0.10980392
0.16862746
0.21176471
0.20784314
0.18823530
0.18431373
0.18431373
0.17254902
0.16470589
0.14901961
0.09803922
0.10588235
0.50588238
0.50196081
0.50196081
0.54901963
0.62745100
0.70588237
0.76078433
0.75294119
0.60000002
0.42745098
0.30588236
0.22745098
0.17254902
0.14117648
0.13725491
0.11372549
0.21960784
0.36862746
0.40000001
0.11372549
0.12941177
0.20000000
0.20392157
0.19607843
0.18431373
0.18431373
0.18039216
0.16862746
0.16078432
0.15686275
0.13333334
0.11764706
0.43921569
0.48235294
0.49411765
0.51372552
0.56078434
0.64705884
0.72941178
0.73725492
0.55294120
0.39215687
0.31764707
0.24705882
0.19607843
0.18823530
0.16470589
0.10980392
0.26274511
0.40000001
0.40392157
0.14117648
0.18039216
0.20784314
0.19215687
0.17254902
0.17254902
0.18039216
0.17647059
0.17254902
0.16078432
0.15294118
0.14901961
0.12941177
0.29411766
0.38431373
0.48235294
0.48627451
0.47450981
0.52156866
0.62352943
0.69411767
0.56862748
0.44705883
0.43529412
0.36078432
0.26666668
0.30196080
0.25098041
0.28627452
0.33333334
0.44705883
0.50196081
0.20000000
0.18039216
0.19607843
0.18039216
0.17254902
0.17254902
0.18039216
0.18431373
0.17647059
0.16470589
0.15294118
0.14901961
0.12156863
0.23137255
0.36078432
0.49019608
0.44705883
0.35294119
0.34117648
0.45882353
0.62352943
0.57647061
0.46666667
0.51764709
0.51764709
0.39607844
0.41176471
0.39607844
0.43921569
0.50980395
0.54509807
0.59215689
0.34117648
0.17647059
0.19607843
0.17254902
0.16862746
0.17647059
0.17254902
0.15686275
0.15294118
0.16078432
0.17254902
0.16862746
0.15294118
0.16862746
0.30588236
0.40000001
0.34509805
0.21176471
0.16862746
0.29803923
0.51372552
0.51372552
0.47450981
0.56470591
0.64313728
0.54117650
0.41176471
0.44705883
0.49803922
0.54901963
0.59607846
0.64313728
0.43921569
0.18039216
0.20000000
0.21176471
0.18431373
0.16862746
0.17647059
0.17254902
0.14901961
0.14901961
0.16078432
0.16078432
0.16470589
0.10588235
0.12156863
0.18039216
0.20000000
0.12549020
0.12549020
0.41960785
0.64705884
0.46274510
0.37254903
0.49411765
0.65098041
0.62352943
0.43529412
0.40784314
0.50980395
0.55294120
0.56862748
0.65490198
0.41960785
0.18431373
0.20784314
0.21960784
0.20000000
0.17254902
0.16078432
0.17254902
0.18039216
0.15686275
0.13725491
0.13333334
0.14509805
0.10588235
0.16470589
0.25490198
0.26666668
0.20000000
0.30196080
0.63921571
0.67843139
0.33333334
0.26274511
0.41960785
0.54901963
0.53333336
0.38823530
0.40392157
0.46274510
0.50196081
0.52941179
0.61960787
0.36470589
0.18039216
0.20784314
0.20392157
0.19607843
0.19607843
0.18823530
0.17647059
0.17254902
0.16862746
0.16470589
0.15686275
0.15686275
0.15686275
0.16470589
0.19215687
0.21960784
0.23529412
0.49803922
0.75686276
0.52156866
0.18431373
0.20392157
0.33333334
0.40784314
0.41960785
0.32941177
0.41960785
0.40392157
0.38823530
0.46274510
0.57254905
0.28627452
0.15294118
0.20784314
0.20392157
0.19607843
0.20392157
0.20000000
0.18823530
0.17647059
0.16862746
0.17647059
0.19215687
0.17254902
0.19607843
0.16470589
0.10980392
0.11764706
0.18823530
0.41176471
0.56470591
0.33725491
0.12941177
0.14509805
0.25098041
0.28235295
0.35294119
0.38823530
0.45882353
0.32549021
0.27843139
0.45882353
0.56470591
0.23921569
0.14509805
0.20392157
0.20784314
0.20000000
0.20000000
0.18823530
0.17647059
0.18039216
0.18039216
0.16470589
0.16078432
0.16862746
0.18431373
0.14901961
0.15686275
0.16470589
0.19215687
0.26274511
0.28627452
0.18039216
0.12941177
0.11764706
0.14117648
0.23137255
0.30196080
0.43921569
0.46666667
0.28235295
0.21568628
0.50980395
0.54117650
0.17647059
0.16862746
0.18039216
0.19215687
0.19215687
0.18431373
0.19215687
0.18431373
0.17254902
0.17647059
0.17254902
0.16470589
0.16078432
0.16862746
0.14509805
0.18039216
0.20392157
0.21960784
0.19215687
0.14509805
0.11372549
0.09803922
0.10588235
0.12549020
0.18431373
0.23921569
0.41960785
0.47058824
0.47058824
0.31764707
0.58039218
0.40392157
0.10588235
0.15686275
0.14509805
0.15686275
0.18039216
0.19215687
0.19215687
0.19607843
0.18823530
0.18039216
0.18039216
0.17647059
0.17254902
0.20392157
0.18431373
0.17254902
0.18039216
0.19607843
0.16470589
0.14901961
0.15294118
0.13333334
0.12156863
0.16078432
0.16470589
0.17254902
0.47450981
0.48627451
0.54117650
0.68235296
0.65490198
0.26666668
0.10588235
0.12941177
0.17254902
0.25098041
0.21176471
0.18431373
0.19607843
0.20392157
0.20784314
0.20784314
0.19607843
0.18823530
0.18039216
0.23921569
0.23137255
0.19607843
0.17254902
0.17254902
0.18823530
0.19607843
0.19607843
0.20392157
0.18431373
0.16470589
0.16078432
0.21960784
0.63529414
0.53725493
0.37647060
0.79607844
0.62352943
0.18039216
0.16470589
0.34901962
0.54509807
0.47450981
0.22352941
0.18039216
0.19607843
0.20000000
0.21176471
0.21960784
0.20784314
0.19215687
0.18039216
0.21568628
0.22352941
0.23137255
0.25098041
0.20000000
0.21176471
0.21568628
0.22745098
0.23137255
0.22352941
0.20000000
0.20000000
0.26666668
0.63529414
0.65882355
0.46274510
0.74117649
0.53333336
0.15686275
0.37254903
0.67058825
0.58431375
0.24705882
0.14117648
0.19215687
0.21176471
0.19607843
0.19607843
0.21176471
0.20784314
0.19607843
0.18039216
0.65490198
0.65490198
0.64705884
0.65098041
0.62352943
0.57254905
0.49411765
0.41568628
0.33725491
0.27058825
0.25098041
0.26274511
0.28235295
0.28627452
0.25490198
0.21176471
0.16470589
0.17647059
0.23529412
0.28235295
0.27843139
0.25490198
0.25098041
0.27058825
0.30980393
0.35294119
0.41568628
0.47843137
0.51764709
0.46666667
0.38039216
0.38039216
0.64313728
0.69803923
0.71372551
0.70980394
0.69019610
0.66666669
0.63137257
0.58823532
0.52941179
0.46274510
0.41960785
0.39215687
0.37647060
0.35294119
0.30588236
0.25098041
0.20784314
0.22352941
0.27450982
0.32156864
0.32156864
0.30588236
0.38039216
0.56078434
0.74509805
0.80000001
0.80000001
0.80000001
0.76862746
0.72156864
0.62352943
0.55294120
0.54901963
0.66274512
0.67058825
0.65490198
0.64313728
0.63529414
0.62745100
0.64313728
0.69411767
0.68235296
0.65490198
0.65882355
0.65882355
0.63137257
0.53333336
0.39215687
0.31372550
0.31372550
0.34117648
0.38039216
0.43137255
0.58431375
0.78823531
0.93333334
0.92941177
0.67450982
0.44313726
0.35294119
0.28627452
0.30196080
0.35686275
0.39215687
0.58823532
0.56470591
0.55686277
0.58039218
0.58431375
0.58039218
0.55294120
0.55294120
0.58039218
0.56078434
0.56470591
0.58431375
0.58823532
0.57254905
0.58823532
0.58431375
0.58823532
0.52549022
0.43921569
0.55294120
0.77254903
0.92156863
0.96078432
0.92941177
0.76470590
0.55294120
0.46666667
0.40000001
0.31372550
0.24705882
0.20784314
0.17254902
0.60392159
0.52549022
0.49411765
0.51372552
0.51372552
0.52156866
0.52156866
0.51372552
0.48627451
0.45098040
0.45490196
0.47058824
0.47058824
0.42745098
0.41568628
0.43529412
0.50980395
0.56470591
0.68235296
0.88235295
0.91372550
0.88235295
0.90980393
0.85490197
0.63137257
0.46274510
0.46274510
0.45882353
0.44313726
0.41568628
0.36470589
0.28627452
0.52941179
0.53725493
0.51764709
0.54117650
0.54117650
0.54509807
0.55294120
0.56078434
0.52156866
0.49411765
0.52549022
0.51764709
0.48235294
0.42745098
0.41960785
0.41176471
0.47843137
0.69411767
0.90196079
0.88235295
0.83529413
0.87058824
0.87450981
0.78039217
0.50980395
0.32156864
0.32941177
0.34901962
0.39215687
0.44705883
0.49019608
0.49411765
0.49803922
0.53725493
0.54509807
0.58823532
0.60000002
0.60392159
0.60000002
0.59215689
0.56862748
0.58823532
0.62352943
0.56470591
0.52941179
0.56470591
0.61568630
0.70196080
0.78039217
0.74117649
0.80784315
0.77647060
0.87843138
0.90196079
0.83529413
0.67450982
0.43529412
0.30980393
0.32156864
0.35294119
0.39215687
0.43921569
0.49019608
0.53333336
0.53725493
0.58431375
0.58823532
0.60784316
0.63137257
0.63137257
0.61176473
0.60784316
0.60000002
0.59215689
0.58823532
0.53725493
0.51372552
0.57647061
0.68235296
0.78039217
0.74901962
0.64313728
0.64705884
0.78039217
0.90588236
0.81568629
0.70980394
0.55294120
0.35294119
0.33725491
0.33333334
0.34509805
0.40392157
0.47843137
0.52941179
0.53333336
0.53725493
0.61568630
0.64705884
0.63137257
0.62352943
0.62745100
0.60392159
0.57254905
0.57254905
0.58039218
0.54901963
0.53725493
0.58431375
0.34901962
0.24705882
0.34117648
0.59607846
0.57254905
0.61960787
0.81176472
0.85490197
0.72549021
0.60392159
0.45490196
0.28627452
0.32156864
0.40000001
0.37647060
0.31764707
0.37254903
0.47843137
0.52156866
0.58039218
0.65882355
0.66666669
0.65490198
0.61960787
0.61960787
0.63137257
0.60784316
0.58823532
0.58431375
0.62745100
0.76862746
0.69803923
0.38431373
0.21176471
0.15294118
0.32156864
0.55686277
0.69411767
0.88235295
0.81568629
0.61176473
0.58431375
0.42745098
0.23921569
0.21960784
0.30196080
0.39215687
0.31764707
0.23921569
0.26666668
0.34509805
0.62352943
0.65098041
0.64705884
0.64313728
0.63921571
0.64313728
0.64313728
0.60392159
0.55686277
0.54901963
0.58039218
0.63921571
0.52941179
0.33333334
0.23529412
0.22352941
0.26666668
0.49803922
0.76470590
0.82352942
0.60000002
0.35294119
0.28627452
0.30980393
0.24313726
0.14901961
0.12549020
0.22745098
0.29411766
0.21568628
0.18823530
0.20784314
0.61176473
0.64705884
0.68235296
0.69019610
0.69019610
0.66666669
0.64313728
0.60392159
0.58039218
0.55294120
0.45882353
0.40784314
0.28235295
0.24705882
0.29803923
0.43921569
0.52941179
0.58039218
0.81176472
0.81960785
0.41568628
0.30196080
0.34117648
0.31372550
0.23137255
0.14117648
0.09803922
0.11764706
0.16862746
0.21568628
0.27058825
0.27843139
0.58431375
0.66274512
0.68627453
0.71372551
0.72549021
0.70588237
0.69019610
0.67058825
0.65098041
0.58823532
0.39215687
0.25882354
0.20392157
0.23137255
0.33725491
0.31764707
0.43137255
0.71764708
0.83921570
0.83137256
0.45490196
0.48235294
0.64313728
0.44313726
0.24313726
0.16078432
0.11372549
0.09411765
0.09411765
0.20392157
0.35686275
0.41960785
0.44313726
0.56078434
0.67058825
0.72549021
0.73725492
0.72941178
0.71372551
0.70588237
0.68627453
0.60784316
0.34901962
0.14901961
0.11764706
0.14117648
0.16078432
0.12941177
0.16078432
0.44313726
0.85098040
0.78039217
0.41176471
0.41176471
0.46666667
0.36862746
0.21176471
0.15294118
0.13333334
0.10196079
0.06274510
0.12156863
0.30980393
0.44313726
0.56470591
0.58823532
0.67843139
0.73333335
0.75686276
0.75294119
0.72941178
0.70980394
0.70196080
0.60784316
0.34901962
0.16078432
0.10980392
0.09803922
0.09411765
0.10588235
0.10980392
0.16078432
0.43137255
0.43529412
0.27450982
0.25098041
0.20000000
0.20392157
0.17254902
0.10980392
0.09411765
0.07843138
0.04705882
0.05098039
0.18431373
0.34901962
0.69411767
0.63921571
0.68235296
0.75686276
0.77647060
0.76862746
0.75294119
0.74509805
0.72549021
0.58039218
0.34509805
0.18039216
0.12941177
0.10980392
0.10196079
0.10196079
0.10588235
0.10588235
0.13725491
0.20000000
0.17254902
0.11764706
0.10980392
0.11372549
0.10196079
0.07843138
0.06274510
0.05098039
0.03921569
0.02745098
0.13725491
0.33725491
0.72549021
0.71372551
0.70196080
0.74901962
0.76862746
0.80000001
0.80392158
0.79215688
0.75686276
0.59607846
0.38039216
0.22745098
0.16862746
0.12156863
0.11764706
0.10588235
0.09803922
0.19607843
0.36078432
0.29803923
0.14117648
0.12156863
0.09803922
0.07450981
0.05882353
0.05490196
0.05098039
0.04705882
0.04313726
0.03921569
0.17254902
0.43529412
0.67450982
0.69411767
0.70196080
0.70588237
0.74901962
0.80392158
0.83137256
0.81960785
0.74901962
0.64705884
0.49019608
0.33725491
0.25490198
0.16470589
0.12941177
0.16078432
0.21960784
0.40392157
0.57647061
0.32156864
0.16470589
0.10980392
0.07843138
0.05882353
0.04705882
0.04705882
0.04705882
0.04313726
0.03921569
0.03529412
0.11764706
0.36470589
0.68235296
0.68235296
0.67843139
0.69803923
0.74117649
0.78823531
0.81568629
0.82352942
0.74117649
0.65490198
0.58039218
0.48627451
0.35686275
0.24705882
0.17647059
0.20784314
0.41176471
0.54901963
0.55686277
0.24313726
0.16078432
0.10196079
0.06274510
0.05098039
0.04705882
0.05098039
0.05098039
0.04313726
0.03529412
0.03137255
0.05098039
0.19215687
0.64313728
0.69019610
0.69019610
0.69411767
0.70980394
0.75686276
0.80000001
0.79607844
0.69019610
0.64705884
0.64313728
0.57647061
0.47843137
0.40784314
0.34901962
0.28627452
0.45882353
0.60784316
0.54901963
0.16470589
0.11372549
0.10980392
0.09019608
0.06666667
0.05490196
0.05490196
0.04705882
0.03529412
0.02745098
0.03137255
0.02745098
0.08235294
0.54509807
0.61568630
0.65490198
0.67058825
0.69411767
0.71764708
0.74901962
0.73725492
0.65882355
0.67058825
0.70588237
0.64313728
0.54509807
0.58039218
0.54117650
0.56470591
0.56862748
0.64313728
0.61568630
0.20392157
0.10980392
0.11372549
0.11372549
0.09411765
0.06274510
0.04313726
0.03137255
0.02745098
0.02352941
0.02745098
0.03529412
0.05490196
0.49411765
0.59607846
0.64705884
0.61568630
0.58823532
0.55294120
0.55294120
0.60784316
0.62745100
0.65098041
0.72156864
0.72941178
0.62745100
0.66274512
0.66666669
0.70588237
0.74117649
0.71764708
0.68627453
0.35294119
0.11764706
0.10196079
0.08627451
0.07843138
0.08235294
0.06666667
0.04313726
0.03137255
0.02745098
0.02352941
0.02745098
0.03529412
0.40000001
0.53333336
0.56862748
0.51372552
0.41568628
0.30980393
0.27058825
0.41176471
0.57254905
0.66274512
0.74117649
0.80392158
0.72941178
0.61960787
0.66274512
0.71764708
0.74901962
0.75686276
0.73725492
0.45490196
0.12156863
0.09019608
0.08235294
0.07058824
0.08627451
0.11372549
0.10588235
0.06274510
0.03529412
0.03137255
0.02745098
0.03529412
0.26666668
0.33333334
0.38431373
0.39607844
0.29803923
0.16470589
0.23921569
0.48235294
0.57254905
0.61176473
0.68627453
0.80392158
0.80784315
0.64705884
0.62352943
0.72156864
0.75294119
0.73333335
0.75686276
0.43921569
0.12549020
0.09411765
0.08235294
0.07450981
0.07450981
0.08235294
0.10196079
0.10196079
0.06666667
0.04313726
0.03529412
0.04313726
0.18823530
0.36862746
0.50196081
0.50196081
0.34901962
0.23921569
0.34117648
0.49411765
0.50980395
0.56862748
0.65882355
0.72941178
0.74901962
0.63921571
0.64313728
0.69019610
0.72549021
0.71764708
0.74117649
0.39607844
0.12156863
0.09411765
0.07843138
0.07058824
0.06274510
0.05098039
0.05490196
0.07058824
0.08235294
0.07058824
0.03921569
0.02745098
0.12941177
0.25490198
0.39607844
0.46274510
0.32549021
0.28627452
0.37647060
0.36862746
0.32156864
0.41176471
0.56470591
0.64705884
0.67058825
0.58431375
0.66274512
0.67843139
0.67058825
0.69411767
0.72549021
0.37647060
0.13333334
0.09411765
0.08235294
0.07450981
0.06666667
0.05882353
0.04705882
0.04313726
0.04705882
0.05882353
0.06274510
0.04313726
0.09803922
0.15686275
0.20392157
0.23137255
0.18431373
0.20392157
0.33333334
0.34117648
0.23921569
0.21568628
0.41568628
0.54509807
0.59607846
0.54901963
0.65882355
0.63529414
0.56862748
0.68627453
0.70980394
0.36078432
0.15686275
0.10588235
0.09803922
0.09411765
0.09019608
0.07450981
0.05098039
0.04705882
0.04705882
0.03529412
0.03529412
0.04313726
0.10196079
0.14117648
0.16470589
0.13725491
0.12941177
0.20392157
0.29803923
0.32549021
0.28235295
0.19215687
0.24705882
0.38823530
0.45490196
0.49803922
0.64313728
0.57647061
0.47450981
0.64313728
0.65882355
0.29411766
0.22352941
0.13333334
0.11372549
0.11372549
0.10196079
0.09411765
0.07450981
0.05882353
0.05098039
0.04313726
0.03137255
0.03137255
0.10588235
0.13725491
0.16470589
0.14901961
0.17647059
0.22745098
0.23529412
0.23921569
0.25490198
0.23921569
0.18823530
0.18039216
0.27058825
0.42745098
0.62745100
0.67843139
0.49803922
0.56470591
0.49411765
0.22745098
0.29803923
0.18039216
0.10588235
0.12156863
0.11764706
0.10196079
0.09019608
0.07058824
0.05098039
0.04313726
0.04313726
0.03529412
0.09803922
0.12549020
0.13725491
0.14117648
0.16862746
0.16862746
0.16470589
0.18039216
0.18431373
0.20392157
0.19607843
0.15294118
0.20000000
0.41176471
0.55294120
0.67450982
0.72549021
0.53725493
0.29411766
0.26666668
0.35294119
0.28235295
0.22745098
0.14901961
0.10980392
0.09803922
0.08627451
0.07058824
0.05882353
0.05098039
0.05098039
0.04313726
0.08627451
0.10588235
0.11372549
0.12549020
0.12941177
0.12156863
0.12156863
0.12549020
0.12941177
0.14509805
0.16078432
0.16862746
0.22745098
0.53725493
0.56078434
0.50196081
0.83137256
0.60000002
0.23529412
0.33725491
0.54509807
0.65882355
0.49411765
0.18431373
0.10588235
0.09411765
0.07843138
0.07058824
0.06274510
0.05882353
0.05490196
0.04705882
0.09803922
0.10588235
0.14901961
0.20784314
0.16862746
0.15686275
0.12549020
0.11372549
0.11764706
0.12941177
0.13725491
0.14901961
0.17647059
0.51372552
0.69803923
0.60784316
0.85490197
0.64313728
0.29019609
0.52549022
0.80392158
0.69411767
0.34117648
0.18039216
0.16078432
0.13333334
0.09803922
0.07843138
0.06666667
0.06274510
0.05882353
0.04705882
0.53333336
0.54509807
0.55294120
0.56078434
0.52941179
0.46666667
0.37647060
0.29803923
0.23921569
0.19607843
0.18039216
0.18431373
0.20000000
0.19607843
0.16862746
0.14901961
0.14117648
0.14901961
0.16862746
0.18823530
0.19215687
0.17647059
0.14901961
0.16078432
0.21176471
0.27058825
0.34117648
0.40784314
0.44705883
0.41176471
0.32156864
0.30588236
0.55294120
0.63529414
0.67450982
0.67843139
0.64313728
0.60000002
0.54509807
0.50588238
0.45490196
0.39607844
0.34901962
0.32156864
0.30980393
0.29411766
0.21176471
0.15294118
0.13725491
0.15294118
0.18431373
0.21960784
0.22745098
0.21568628
0.25490198
0.44313726
0.65098041
0.71764708
0.72156864
0.72549021
0.70196080
0.65490198
0.53725493
0.44705883
0.48627451
0.63529414
0.67843139
0.67843139
0.65882355
0.63921571
0.63137257
0.65490198
0.71372551
0.70196080
0.65882355
0.65098041
0.65882355
0.63921571
0.49019608
0.31764707
0.24705882
0.23921569
0.24313726
0.27058825
0.31764707
0.47843137
0.69411767
0.85490197
0.86666667
0.60784316
0.36862746
0.28627452
0.24313726
0.22745098
0.25098041
0.27450982
0.60784316
0.60392159
0.61960787
0.65098041
0.65490198
0.64313728
0.60392159
0.60392159
0.64313728
0.63137257
0.63137257
0.64705884
0.65490198
0.64313728
0.63529414
0.60392159
0.59215689
0.50196081
0.37647060
0.46274510
0.67058825
0.83137256
0.90196079
0.89019608
0.71764708
0.47843137
0.38039216
0.33333334
0.28235295
0.20392157
0.14901961
0.12156863
0.65882355
0.58823532
0.56862748
0.58823532
0.58039218
0.58039218
0.56862748
0.56470591
0.54901963
0.52941179
0.53725493
0.54509807
0.53725493
0.49019608
0.48235294
0.49803922
0.54901963
0.55686277
0.61568630
0.80000001
0.85490197
0.85490197
0.89411765
0.80392158
0.54901963
0.38039216
0.40784314
0.42745098
0.41568628
0.37647060
0.31764707
0.24313726
0.58823532
0.60392159
0.59215689
0.61176473
0.61176473
0.60784316
0.61568630
0.62352943
0.59607846
0.57254905
0.60392159
0.58431375
0.53333336
0.46274510
0.43921569
0.41568628
0.46666667
0.63921571
0.81568629
0.80392158
0.80784315
0.87843138
0.86274511
0.71764708
0.41960785
0.25882354
0.31764707
0.36078432
0.38039216
0.41568628
0.44705883
0.43921569
0.57647061
0.61568630
0.62352943
0.67058825
0.68627453
0.69411767
0.69019610
0.67058825
0.65098041
0.67058825
0.70196080
0.63137257
0.58039218
0.59607846
0.60000002
0.63529414
0.68627453
0.63137257
0.71764708
0.71764708
0.85882354
0.88627452
0.78823531
0.60784316
0.37647060
0.27450982
0.31372550
0.35686275
0.39215687
0.42745098
0.46666667
0.49803922
0.61960787
0.65882355
0.65490198
0.68235296
0.72156864
0.74117649
0.72549021
0.70196080
0.68627453
0.68235296
0.66666669
0.60392159
0.56470591
0.61176473
0.67058825
0.70588237
0.62352943
0.51764709
0.57254905
0.75294119
0.88627452
0.76470590
0.61568630
0.47843137
0.32549021
0.32549021
0.31764707
0.32549021
0.38823530
0.45882353
0.50588238
0.50980395
0.61176473
0.67843139
0.69803923
0.69019610
0.70588237
0.73725492
0.72549021
0.67843139
0.66666669
0.67058825
0.62352943
0.59607846
0.63137257
0.38431373
0.27450982
0.30196080
0.47450981
0.45490196
0.57254905
0.80784315
0.82745099
0.63921571
0.49411765
0.40784314
0.30980393
0.34509805
0.38823530
0.34117648
0.29411766
0.35294119
0.45490196
0.49803922
0.60000002
0.61960787
0.64313728
0.70196080
0.71764708
0.71764708
0.72156864
0.70588237
0.67450982
0.65490198
0.69019610
0.81960785
0.73725492
0.40000001
0.23921569
0.16078432
0.27058825
0.49803922
0.66666669
0.86666667
0.76470590
0.52941179
0.52156866
0.41960785
0.28235295
0.27450982
0.32156864
0.37647060
0.29803923
0.22352941
0.25098041
0.33725491
0.54901963
0.52941179
0.59215689
0.72156864
0.79215688
0.77647060
0.74509805
0.71372551
0.64313728
0.61568630
0.65882355
0.72941178
0.59607846
0.34901962
0.24705882
0.24313726
0.28235295
0.50980395
0.76470590
0.80392158
0.56470591
0.32941177
0.30196080
0.33333334
0.28627452
0.21568628
0.17647059
0.23529412
0.28235295
0.17647059
0.12549020
0.16078432
0.52156866
0.64705884
0.76078433
0.81176472
0.83529413
0.83529413
0.81176472
0.73725492
0.69411767
0.66274512
0.58039218
0.53333336
0.38039216
0.29411766
0.30980393
0.44705883
0.53333336
0.58823532
0.81960785
0.82745099
0.42352942
0.32156864
0.38823530
0.36470589
0.29803923
0.21568628
0.14901961
0.13333334
0.16862746
0.20000000
0.21960784
0.21176471
0.60392159
0.81568629
0.86666667
0.83529413
0.80784315
0.81568629
0.82352942
0.78431374
0.76470590
0.71372551
0.51764709
0.36470589
0.27058825
0.26274511
0.33725491
0.29803923
0.40784314
0.69411767
0.81960785
0.81568629
0.44705883
0.49803922
0.69019610
0.50196081
0.31372550
0.23137255
0.14509805
0.09019608
0.09411765
0.22745098
0.35294119
0.36862746
0.55686277
0.72156864
0.81960785
0.82745099
0.80784315
0.81568629
0.81568629
0.81568629
0.82352942
0.76862746
0.49019608
0.23921569
0.15686275
0.14509805
0.15686275
0.12156863
0.14901961
0.43137255
0.85098040
0.80000001
0.45882353
0.47843137
0.54509807
0.45098040
0.30196080
0.22745098
0.15686275
0.09019608
0.07058824
0.16078432
0.32156864
0.41568628
0.67450982
0.67843139
0.76078433
0.82352942
0.86274511
0.87058824
0.84705883
0.84313726
0.87450981
0.80000001
0.51764709
0.26666668
0.16078432
0.11764706
0.11372549
0.12549020
0.12549020
0.20000000
0.49803922
0.52941179
0.38823530
0.37647060
0.30196080
0.29411766
0.25882354
0.18039216
0.12156863
0.07450981
0.06274510
0.08235294
0.19215687
0.32941177
0.80000001
0.73333335
0.76862746
0.83921570
0.86666667
0.85490197
0.84705883
0.85882354
0.87058824
0.75686276
0.52156866
0.32156864
0.21960784
0.15294118
0.13333334
0.12549020
0.12941177
0.16078432
0.23137255
0.30980393
0.26274511
0.18431373
0.15294118
0.14509805
0.12941177
0.10196079
0.07450981
0.05098039
0.04313726
0.05098039
0.14901961
0.31764707
0.85490197
0.83529413
0.81176472
0.84313726
0.84705883
0.86666667
0.85882354
0.85882354
0.87450981
0.78431374
0.60392159
0.42745098
0.30196080
0.19215687
0.14509805
0.14901961
0.18039216
0.29803923
0.47450981
0.41960785
0.22352941
0.15294118
0.12549020
0.09803922
0.07843138
0.07058824
0.05882353
0.04705882
0.03921569
0.05098039
0.17254902
0.40392157
0.82352942
0.83529413
0.82745099
0.81176472
0.82745099
0.86274511
0.86274511
0.85098040
0.85098040
0.83921570
0.73725492
0.58039218
0.45098040
0.29411766
0.20000000
0.23921569
0.34509805
0.56470591
0.72549021
0.42745098
0.22745098
0.14509805
0.10588235
0.08235294
0.06666667
0.05882353
0.05490196
0.04313726
0.03921569
0.04313726
0.12549020
0.35294119
0.81176472
0.81960785
0.81176472
0.81568629
0.83529413
0.85490197
0.85882354
0.86274511
0.83137256
0.81568629
0.80000001
0.72549021
0.59607846
0.46666667
0.33333334
0.34117648
0.58039218
0.73333335
0.69411767
0.30980393
0.20000000
0.14901961
0.08235294
0.05882353
0.05490196
0.05490196
0.05098039
0.04313726
0.03529412
0.02745098
0.06274510
0.21176471
0.74509805
0.81176472
0.82352942
0.81960785
0.81568629
0.84313726
0.86666667
0.86274511
0.78039217
0.77647060
0.80784315
0.78431374
0.73725492
0.68235296
0.55686277
0.48235294
0.67058825
0.77254903
0.63529414
0.20784314
0.15686275
0.15294118
0.09803922
0.05882353
0.04313726
0.04313726
0.04313726
0.03921569
0.03137255
0.01568628
0.03137255
0.11372549
0.64705884
0.72941178
0.78431374
0.80000001
0.80784315
0.82745099
0.85490197
0.83529413
0.78823531
0.81960785
0.81568629
0.77647060
0.78823531
0.81176472
0.74117649
0.76470590
0.74117649
0.75686276
0.67450982
0.23921569
0.14117648
0.14509805
0.14509805
0.11372549
0.06666667
0.03529412
0.02352941
0.02745098
0.03137255
0.03137255
0.03921569
0.06274510
0.61568630
0.70980394
0.77254903
0.73333335
0.69019610
0.67058825
0.66666669
0.70980394
0.77254903
0.80784315
0.80784315
0.81568629
0.80392158
0.83137256
0.82745099
0.87450981
0.86666667
0.80392158
0.73725492
0.38823530
0.14901961
0.12941177
0.10588235
0.10588235
0.10588235
0.09411765
0.06274510
0.04705882
0.04313726
0.03529412
0.03137255
0.03529412
0.52941179
0.64705884
0.69019610
0.61960787
0.50196081
0.41176471
0.36078432
0.49803922
0.71372551
0.81176472
0.82352942
0.87058824
0.83921570
0.74117649
0.79215688
0.85098040
0.85490197
0.83137256
0.78823531
0.49019608
0.14901961
0.10588235
0.07843138
0.08235294
0.12156863
0.16470589
0.16078432
0.10196079
0.05882353
0.03529412
0.02352941
0.03137255
0.37254903
0.45098040
0.52156866
0.51764709
0.36862746
0.21960784
0.28235295
0.53725493
0.71372551
0.76078433
0.79215688
0.88627452
0.88627452
0.76078433
0.75294119
0.84313726
0.85490197
0.81568629
0.81568629
0.47843137
0.14901961
0.10588235
0.08235294
0.08235294
0.10196079
0.12156863
0.14117648
0.13333334
0.09019608
0.04705882
0.02745098
0.03529412
0.25882354
0.49019608
0.66274512
0.64313728
0.41176471
0.24705882
0.32156864
0.52156866
0.64313728
0.71764708
0.78823531
0.84705883
0.83921570
0.77254903
0.80000001
0.83137256
0.84705883
0.81568629
0.80784315
0.43529412
0.14117648
0.10980392
0.10196079
0.08627451
0.06666667
0.05490196
0.05490196
0.08235294
0.10196079
0.08627451
0.05490196
0.04313726
0.19215687
0.34901962
0.52941179
0.59215689
0.40392157
0.29019609
0.35686275
0.38823530
0.41568628
0.53725493
0.70196080
0.82352942
0.84705883
0.72156864
0.78823531
0.85098040
0.84313726
0.83921570
0.79607844
0.43529412
0.16078432
0.10588235
0.10588235
0.09411765
0.07450981
0.05490196
0.03921569
0.03921569
0.04313726
0.06666667
0.08235294
0.05882353
0.13725491
0.22352941
0.28235295
0.29019609
0.21176471
0.20392157
0.33725491
0.37254903
0.32156864
0.33333334
0.52941179
0.71764708
0.81176472
0.71372551
0.81176472
0.84705883
0.80392158
0.84313726
0.80000001
0.43529412
0.20392157
0.11764706
0.11764706
0.11764706
0.10980392
0.08627451
0.05882353
0.04705882
0.03921569
0.03921569
0.04313726
0.05098039
0.11764706
0.20392157
0.21960784
0.14509805
0.10980392
0.21568628
0.34117648
0.38039216
0.36470589
0.27843139
0.32156864
0.52941179
0.65098041
0.68235296
0.84705883
0.81176472
0.72156864
0.78039217
0.76470590
0.38039216
0.28627452
0.14901961
0.13725491
0.14509805
0.12549020
0.11372549
0.09019608
0.06666667
0.05490196
0.04705882
0.03529412
0.03529412
0.13333334
0.19215687
0.21176471
0.17647059
0.20000000
0.27843139
0.30588236
0.30980393
0.32549021
0.28235295
0.23921569
0.32156864
0.42745098
0.54509807
0.79215688
0.86666667
0.67058825
0.66666669
0.56470591
0.32549021
0.36862746
0.19607843
0.12549020
0.14509805
0.13725491
0.11764706
0.10196079
0.07843138
0.05882353
0.04313726
0.03921569
0.03137255
0.10980392
0.11764706
0.14901961
0.19215687
0.23529412
0.21960784
0.19607843
0.22745098
0.26274511
0.25882354
0.25098041
0.26274511
0.28235295
0.43137255
0.64705884
0.81568629
0.79215688
0.57254905
0.31764707
0.36862746
0.42745098
0.30196080
0.23529412
0.15686275
0.11372549
0.10196079
0.08627451
0.07058824
0.05490196
0.04705882
0.04313726
0.03921569
0.08627451
0.08235294
0.10588235
0.15294118
0.16862746
0.13725491
0.11764706
0.14117648
0.18039216
0.19607843
0.20392157
0.22352941
0.23529412
0.49411765
0.57647061
0.58039218
0.86666667
0.61176473
0.23137255
0.38039216
0.57254905
0.66274512
0.50980395
0.19607843
0.10588235
0.09411765
0.08627451
0.07843138
0.06274510
0.05490196
0.04705882
0.03921569
0.09019608
0.10196079
0.14117648
0.19215687
0.15294118
0.14901961
0.12941177
0.11764706
0.12156863
0.14117648
0.16862746
0.17647059
0.16862746
0.45882353
0.66274512
0.60784316
0.86274511
0.63137257
0.25490198
0.47450981
0.74901962
0.65882355
0.35294119
0.18823530
0.15294118
0.13333334
0.11372549
0.09803922
0.07058824
0.06274510
0.05490196
0.04313726
1 0 -1 0 0 0 0 0 0 0 0
0 1 -1 0 0 0 0 0 0 0 0
0 0 -1 1 0 0 0 0 0 0 0
0 0 -1 0 1 0 0 0 0 0 0
0 0 -1 0 0 1 0 0 0 0 0
0 0 -1 0 0 0 1 0 0 0 0
0 0 -1 0 0 0 0 1 0 0 0
0 0 -1 0 0 0 0 0 1 0 0
0 0 -1 0 0 0 0 0 0 1 0
