0.12941177
0.11764706
0.12156863
0.12549020
0.12941177
0.15294118
0.16470589
0.15294118
0.14901961
0.15294118
0.13333334
0.12156863
0.14509805
0.16470589
0.14901961
0.14509805
0.13333334
0.11764706
0.11764706
0.12941177
0.12549020
0.12941177
0.13725491
0.14117648
0.13725491
0.14117648
0.13725491
0.13333334
0.13333334
0.13333334
0.12941177
0.12941177
0.12156863
0.11372549
0.11764706
0.12549020
0.13333334
0.14901961
0.16862746
0.17254902
0.20784314
0.24313726
0.18039216
0.11372549
0.15294118
0.21176471
0.18039216
0.16078432
0.18039216
0.13333334
0.12549020
0.12941177
0.12549020
0.12941177
0.14901961
0.17254902
0.15294118
0.13725491
0.13333334
0.13333334
0.13333334
0.13725491
0.12941177
0.12941177
0.11764706
0.10980392
0.11372549
0.12156863
0.12941177
0.13333334
0.14117648
0.16862746
0.23921569
0.29803923
0.24313726
0.15686275
0.16862746
0.21568628
0.20392157
0.19215687
0.20784314
0.17647059
0.13725491
0.12941177
0.10980392
0.11764706
0.14509805
0.17647059
0.18039216
0.14901961
0.13333334
0.12941177
0.13333334
0.13725491
0.14901961
0.14901961
0.11372549
0.10980392
0.11372549
0.12156863
0.12941177
0.12156863
0.12549020
0.13725491
0.18039216
0.21960784
0.19607843
0.15686275
0.17254902
0.20392157
0.20784314
0.20784314
0.20000000
0.18431373
0.15686275
0.13725491
0.15686275
0.14901961
0.12941177
0.15294118
0.16078432
0.14901961
0.14117648
0.12156863
0.12156863
0.13333334
0.17254902
0.16078432
0.10588235
0.10588235
0.11372549
0.11372549
0.12549020
0.12156863
0.12156863
0.12156863
0.13725491
0.14509805
0.13725491
0.13333334
0.14509805
0.18039216
0.20784314
0.20784314
0.17647059
0.14901961
0.16078432
0.15686275
0.26666668
0.32156864
0.18431373
0.15294118
0.14117648
0.14117648
0.14117648
0.12549020
0.11764706
0.13333334
0.16470589
0.16078432
0.10196079
0.10196079
0.10980392
0.09803922
0.11372549
0.12941177
0.12156863
0.11764706
0.13333334
0.12941177
0.12549020
0.12549020
0.12549020
0.14117648
0.16862746
0.17647059
0.16470589
0.14117648
0.14509805
0.14901961
0.25098041
0.43529412
0.32156864
0.17254902
0.13725491
0.12549020
0.13725491
0.13725491
0.13333334
0.13725491
0.15294118
0.15294118
0.09803922
0.10196079
0.10588235
0.10196079
0.10196079
0.12549020
0.12549020
0.12156863
0.12941177
0.12549020
0.12156863
0.12156863
0.11372549
0.12156863
0.14117648
0.14901961
0.14901961
0.14117648
0.13725491
0.14117648
0.20000000
0.32156864
0.43137255
0.21176471
0.25490198
0.19607843
0.12549020
0.13333334
0.12941177
0.12941177
0.13333334
0.14509805
0.10588235
0.10588235
0.10980392
0.11764706
0.10196079
0.09803922
0.12549020
0.12549020
0.12941177
0.12156863
0.12156863
0.12156863
0.11764706
0.12156863
0.12941177
0.13725491
0.13333334
0.13725491
0.13725491
0.13333334
0.16470589
0.20784314
0.22745098
0.40784314
0.61960787
0.26274511
0.12549020
0.12941177
0.12941177
0.12941177
0.13333334
0.14901961
0.11372549
0.10980392
0.12549020
0.12549020
0.11372549
0.08627451
0.09803922
0.13333334
0.14117648
0.12156863
0.12549020
0.12156863
0.11764706
0.12156863
0.12941177
0.13333334
0.13333334
0.12941177
0.13333334
0.13725491
0.15294118
0.16078432
0.35294119
0.69411767
0.68235296
0.30588236
0.13333334
0.14117648
0.14901961
0.14117648
0.13725491
0.16078432
0.11764706
0.12941177
0.18823530
0.18823530
0.13333334
0.09803922
0.09019608
0.12549020
0.14117648
0.12549020
0.12549020
0.12156863
0.11764706
0.11764706
0.12156863
0.12156863
0.11372549
0.11372549
0.12549020
0.14117648
0.13725491
0.28235295
0.69803923
0.52156866
0.37647060
0.47450981
0.30980393
0.14901961
0.14509805
0.15686275
0.13725491
0.16078432
0.12156863
0.13333334
0.22745098
0.27058825
0.17254902
0.10588235
0.09411765
0.09803922
0.12156863
0.12156863
0.12549020
0.12156863
0.12156863
0.11372549
0.14117648
0.25098041
0.19607843
0.12941177
0.13725491
0.13333334
0.20392157
0.66274512
0.74901962
0.27450982
0.10980392
0.23529412
0.41568628
0.36862746
0.20392157
0.15294118
0.14117648
0.14509805
0.11764706
0.12156863
0.19607843
0.29019609
0.23137255
0.14901961
0.10588235
0.08235294
0.09803922
0.12156863
0.12941177
0.12549020
0.13725491
0.11372549
0.16862746
0.67450982
0.68627453
0.27450982
0.12156863
0.17254902
0.57647061
0.84313726
0.46666667
0.14901961
0.14117648
0.12549020
0.16078432
0.29019609
0.35686275
0.23921569
0.14901961
0.13333334
0.10588235
0.13333334
0.16862746
0.25490198
0.25490198
0.23137255
0.14901961
0.08627451
0.10980392
0.11764706
0.11372549
0.11764706
0.13725491
0.13333334
0.18431373
0.67058825
0.76862746
0.40000001
0.28627452
0.54509807
0.87058824
0.64705884
0.20784314
0.11764706
0.13333334
0.13725491
0.13333334
0.13333334
0.19607843
0.24313726
0.14901961
0.12549020
0.09803922
0.13333334
0.16470589
0.21568628
0.24313726
0.27450982
0.20392157
0.10588235
0.08627451
0.16470589
0.24313726
0.29803923
0.38431373
0.44313726
0.49803922
0.63137257
0.66666669
0.67058825
0.74901962
0.88235295
0.85098040
0.48235294
0.15686275
0.12549020
0.12549020
0.12156863
0.13725491
0.13725491
0.11372549
0.11764706
0.13333334
0.12549020
0.10588235
0.12941177
0.16078432
0.19215687
0.22745098
0.26274511
0.23921569
0.12941177
0.21568628
0.54117650
0.65882355
0.71372551
0.76862746
0.81960785
0.83137256
0.83921570
0.85098040
0.88235295
0.90588236
0.90980393
0.73333335
0.31372550
0.13725491
0.12941177
0.12156863
0.11764706
0.12549020
0.12156863
0.12156863
0.12941177
0.12549020
0.12156863
0.10588235
0.12549020
0.14901961
0.16470589
0.20000000
0.22745098
0.17254902
0.12156863
0.27450982
0.59215689
0.82352942
0.87450981
0.88627452
0.87450981
0.81176472
0.80784315
0.90588236
0.90980393
0.76862746
0.68235296
0.64705884
0.35686275
0.14509805
0.12549020
0.11764706
0.10980392
0.10980392
0.10980392
0.11764706
0.12156863
0.11764706
0.10980392
0.11764706
0.12549020
0.13725491
0.14509805
0.16470589
0.21960784
0.30588236
0.24705882
0.11764706
0.25882354
0.53725493
0.80392158
0.95686275
0.74901962
0.56470591
0.60000002
0.90980393
0.91372550
0.44705883
0.20784314
0.65882355
0.74509805
0.24313726
0.11372549
0.11372549
0.10588235
0.10196079
0.10980392
0.11372549
0.10980392
0.10980392
0.12156863
0.12156863
0.12156863
0.12549020
0.12549020
0.12549020
0.33725491
0.63529414
0.57254905
0.30196080
0.33333334
0.45490196
0.81176472
0.96862745
0.74509805
0.64313728
0.73725492
0.87843138
0.74117649
0.25098041
0.12549020
0.63921571
0.58823532
0.21176471
0.14117648
0.13725491
0.11372549
0.10980392
0.12156863
0.12549020
0.10980392
0.12549020
0.13333334
0.11764706
0.12156863
0.12941177
0.12549020
0.22745098
0.60784316
0.79215688
0.84313726
0.83529413
0.79215688
0.78823531
0.85490197
0.81960785
0.78039217
0.79215688
0.82745099
0.81176472
0.58039218
0.18823530
0.20392157
0.48235294
0.31764707
0.16470589
0.16078432
0.15686275
0.13333334
0.10196079
0.10196079
0.11764706
0.11372549
0.12549020
0.12941177
0.12549020
0.12941177
0.12941177
0.12156863
0.45098040
0.82352942
0.84705883
0.81176472
0.80784315
0.76862746
0.72156864
0.72156864
0.75686276
0.78039217
0.87843138
0.90196079
0.75686276
0.41960785
0.15294118
0.16470589
0.20784314
0.21176471
0.19607843
0.16470589
0.14117648
0.14509805
0.12156863
0.09803922
0.10196079
0.10588235
0.10588235
0.11372549
0.13333334
0.12941177
0.12941177
0.12156863
0.29411766
0.51372552
0.59607846
0.58039218
0.51372552
0.43921569
0.44705883
0.63529414
0.75294119
0.61176473
0.75686276
0.76078433
0.38039216
0.16862746
0.13725491
0.13725491
0.16078432
0.18823530
0.20000000
0.17647059
0.13725491
0.12156863
0.12156863
0.12549020
0.10980392
0.10196079
0.09411765
0.09803922
0.12156863
0.11764706
0.13333334
0.13333334
0.11764706
0.14117648
0.18823530
0.21568628
0.20784314
0.18431373
0.18431373
0.25098041
0.30588236
0.25098041
0.36470589
0.46666667
0.34509805
0.17647059
0.12156863
0.14117648
0.16078432
0.15294118
0.15686275
0.16078432
0.14509805
0.12549020
0.11764706
0.13333334
0.12941177
0.10196079
0.09803922
0.09803922
0.12156863
0.12156863
0.12156863
0.12156863
0.12941177
0.13333334
0.13333334
0.14509805
0.15686275
0.15686275
0.16078432
0.14509805
0.14117648
0.16470589
0.20392157
0.26666668
0.24705882
0.21176471
0.19215687
0.14509805
0.13725491
0.14509805
0.13333334
0.13725491
0.13725491
0.14509805
0.14117648
0.14509805
0.14509805
0.10980392
0.09411765
0.10196079
0.12156863
0.12156863
0.12156863
0.12156863
0.12941177
0.12941177
0.12549020
0.13725491
0.14901961
0.14117648
0.15686275
0.16078432
0.14117648
0.13725491
0.12941177
0.14117648
0.16078432
0.17647059
0.24705882
0.20000000
0.12549020
0.12941177
0.13333334
0.13333334
0.13333334
0.13725491
0.14509805
0.15686275
0.14117648
0.11764706
0.10196079
0.10196079
0.12549020
0.11764706
0.11764706
0.12156863
0.12941177
0.12941177
0.11372549
0.10588235
0.12549020
0.13333334
0.13725491
0.14901961
0.14509805
0.13725491
0.12156863
0.11764706
0.12549020
0.13333334
0.16470589
0.18039216
0.15294118
0.13725491
0.11764706
0.12941177
0.12941177
0.12549020
0.12941177
0.13725491
0.13333334
0.11764706
0.10980392
0.10588235
0.13725491
0.12156863
0.11764706
0.12941177
0.13725491
0.14901961
0.12941177
0.10588235
0.10980392
0.12156863
0.11764706
0.13333334
0.14117648
0.13333334
0.11764706
0.10980392
0.11764706
0.11764706
0.11372549
0.13725491
0.17647059
0.15686275
0.12941177
0.11764706
0.11372549
0.11764706
0.12156863
0.11764706
0.12549020
0.11764706
0.12156863
0.12156863
0.14117648
0.13333334
0.12941177
0.14117648
0.14509805
0.14901961
0.14901961
0.14117648
0.12549020
0.10588235
0.10980392
0.11372549
0.12156863
0.12941177
0.12156863
0.11764706
0.11764706
0.11764706
0.12156863
0.12941177
0.14117648
0.14509805
0.16078432
0.14117648
0.10980392
0.10196079
0.11372549
0.11764706
0.12156863
0.10196079
0.11764706
0.13333334
0.14117648
0.13333334
0.12941177
0.13333334
0.14117648
0.15294118
0.15686275
0.15686275
0.14901961
0.12941177
0.11764706
0.10980392
0.11764706
0.12941177
0.13333334
0.12156863
0.11372549
0.11372549
0.12549020
0.11764706
0.12156863
0.11372549
0.11764706
0.13333334
0.14117648
0.12549020
0.10980392
0.10196079
0.10196079
0.10196079
0.11764706
0.13725491
0.13333334
0.12941177
0.13333334
0.12941177
0.13725491
0.14901961
0.15686275
0.15686275
0.15294118
0.14509805
0.13725491
0.12549020
0.12549020
0.12549020
0.12941177
0.12156863
0.11764706
0.11764706
0.12156863
0.11372549
0.10980392
0.11372549
0.10588235
0.10588235
0.11764706
0.12156863
0.13333334
0.13725491
0.11372549
0.10980392
0.12549020
0.13333334
0.12549020
0.12941177
0.14117648
0.13725491
0.13333334
0.14117648
0.14509805
0.15294118
0.15294118
0.14901961
0.14901961
0.13333334
0.12549020
0.11372549
0.11372549
0.12156863
0.11764706
0.11372549
0.11764706
0.10588235
0.10588235
0.10980392
0.10196079
0.10196079
0.09411765
0.09019608
0.12156863
0.15294118
0.15294118
0.14117648
0.13725491
0.12941177
0.12156863
0.12156863
0.14117648
0.14117648
0.13725491
0.14509805
0.14901961
0.15294118
0.15294118
0.14901961
0.14901961
0.14117648
0.12549020
0.10588235
0.10588235
0.10980392
0.10588235
0.10588235
0.10980392
0.09803922
0.09803922
0.10196079
0.09803922
0.09803922
0.09803922
0.09411765
0.09803922
0.10588235
0.12549020
0.13725491
0.14509805
0.12549020
0.11764706
0.10980392
0.12941177
0.13725491
0.13725491
0.14117648
0.14509805
0.15294118
0.15294118
0.15294118
0.15294118
0.14901961
0.13725491
0.12549020
0.11764706
0.11372549
0.10980392
0.11372549
0.10196079
0.09019608
0.09411765
0.10196079
0.10980392
0.10196079
0.10196079
0.09803922
0.09803922
0.10196079
0.10980392
0.10980392
0.11764706
0.11764706
0.28235295
0.27450982
0.28235295
0.28627452
0.29019609
0.30588236
0.31372550
0.30980393
0.31372550
0.30588236
0.30196080
0.29803923
0.30980393
0.31764707
0.31372550
0.31372550
0.30588236
0.30196080
0.29803923
0.29803923
0.29803923
0.30196080
0.30980393
0.30980393
0.30196080
0.30196080
0.30588236
0.30588236
0.30588236
0.29803923
0.29019609
0.27450982
0.27843139
0.27058825
0.27843139
0.28627452
0.29411766
0.30588236
0.32156864
0.32941177
0.33725491
0.34509805
0.31764707
0.29411766
0.31764707
0.34117648
0.32941177
0.31372550
0.32156864
0.31372550
0.30980393
0.30196080
0.30196080
0.30588236
0.31372550
0.32549021
0.31372550
0.30196080
0.30196080
0.30980393
0.30980393
0.30196080
0.29411766
0.27843139
0.27058825
0.26666668
0.27450982
0.28627452
0.29411766
0.29019609
0.29803923
0.31764707
0.33725491
0.35686275
0.34509805
0.30588236
0.32156864
0.33725491
0.33333334
0.32549021
0.33725491
0.33333334
0.32156864
0.30980393
0.30588236
0.29803923
0.30196080
0.32941177
0.32941177
0.31372550
0.30196080
0.30196080
0.30980393
0.31372550
0.30588236
0.29803923
0.26274511
0.26666668
0.27450982
0.27843139
0.28627452
0.28627452
0.28627452
0.30196080
0.32549021
0.33725491
0.33333334
0.32549021
0.32941177
0.34117648
0.33333334
0.33333334
0.32941177
0.33725491
0.32941177
0.31372550
0.31372550
0.30588236
0.30196080
0.30588236
0.31372550
0.31372550
0.30588236
0.29411766
0.29803923
0.31372550
0.32549021
0.31372550
0.25882354
0.26274511
0.27843139
0.24705882
0.27058825
0.29019609
0.28235295
0.28627452
0.30196080
0.30980393
0.31372550
0.31372550
0.31764707
0.32941177
0.33333334
0.33333334
0.32156864
0.32156864
0.32549021
0.31372550
0.35686275
0.38431373
0.32549021
0.30980393
0.30588236
0.30588236
0.30980393
0.29803923
0.29411766
0.31372550
0.31764707
0.30980393
0.25098041
0.25490198
0.26666668
0.23529412
0.23529412
0.30196080
0.29019609
0.27843139
0.28627452
0.29019609
0.29411766
0.29411766
0.30588236
0.31372550
0.31764707
0.32156864
0.32156864
0.30980393
0.30588236
0.30980393
0.33725491
0.42745098
0.38823530
0.32156864
0.30980393
0.30196080
0.30588236
0.30588236
0.30196080
0.30980393
0.30980393
0.30588236
0.25098041
0.25098041
0.25490198
0.26274511
0.21176471
0.29019609
0.29803923
0.29019609
0.29019609
0.28627452
0.28235295
0.28235295
0.29411766
0.30196080
0.30588236
0.31372550
0.31372550
0.30588236
0.30196080
0.30588236
0.32549021
0.37254903
0.44313726
0.33333334
0.36862746
0.32941177
0.29803923
0.29803923
0.29411766
0.29411766
0.29411766
0.29803923
0.25490198
0.25490198
0.25882354
0.27450982
0.23529412
0.24313726
0.29803923
0.29019609
0.29019609
0.27450982
0.26274511
0.26274511
0.27450982
0.28235295
0.29411766
0.30196080
0.30196080
0.30196080
0.30196080
0.29803923
0.31764707
0.32941177
0.34509805
0.49019608
0.60784316
0.35294119
0.28627452
0.29411766
0.29411766
0.29411766
0.29411766
0.30196080
0.25882354
0.26274511
0.28235295
0.27843139
0.27058825
0.20784314
0.27843139
0.30196080
0.29411766
0.27058825
0.25490198
0.25490198
0.26666668
0.27058825
0.27843139
0.29019609
0.29411766
0.29411766
0.29803923
0.30588236
0.30588236
0.30588236
0.42352942
0.64313728
0.61176473
0.37254903
0.29019609
0.30196080
0.30980393
0.30588236
0.30588236
0.30980393
0.25490198
0.27058825
0.31764707
0.31372550
0.28627452
0.21568628
0.23529412
0.31372550
0.29411766
0.27058825
0.25882354
0.25882354
0.27058825
0.27058825
0.28235295
0.28627452
0.29019609
0.29411766
0.29019609
0.30588236
0.29411766
0.36862746
0.64313728
0.50588238
0.41568628
0.48235294
0.39215687
0.30980393
0.30588236
0.30980393
0.30588236
0.30980393
0.25490198
0.27058825
0.32156864
0.34509805
0.30196080
0.25098041
0.18823530
0.29019609
0.29803923
0.26274511
0.25882354
0.25882354
0.27450982
0.27450982
0.28627452
0.34901962
0.31764707
0.28235295
0.28627452
0.28627452
0.31764707
0.61960787
0.62352943
0.34117648
0.28235295
0.33725491
0.44313726
0.41960785
0.32549021
0.29803923
0.30196080
0.30588236
0.25882354
0.27450982
0.30980393
0.34509805
0.31764707
0.29411766
0.20784314
0.22352941
0.29803923
0.26666668
0.25882354
0.25882354
0.28235295
0.24705882
0.20784314
0.61568630
0.63529414
0.34901962
0.26666668
0.29411766
0.56078434
0.70588237
0.43137255
0.27843139
0.27843139
0.27058825
0.29411766
0.36862746
0.41176471
0.34117648
0.29411766
0.29411766
0.24705882
0.27450982
0.29411766
0.32156864
0.32156864
0.32156864
0.25490198
0.18431373
0.28235295
0.28627452
0.25882354
0.25490198
0.27450982
0.24313726
0.18431373
0.58431375
0.68627453
0.43137255
0.36862746
0.54901963
0.75686276
0.56862748
0.30196080
0.26666668
0.26274511
0.26666668
0.27843139
0.27450982
0.30196080
0.33333334
0.27843139
0.27450982
0.22352941
0.27058825
0.29019609
0.30588236
0.32156864
0.32941177
0.29411766
0.20392157
0.21960784
0.31372550
0.33725491
0.36862746
0.40784314
0.44313726
0.45882353
0.54509807
0.59215689
0.59215689
0.65098041
0.77254903
0.71372551
0.43921569
0.27058825
0.25490198
0.25098041
0.24705882
0.25882354
0.25882354
0.24313726
0.25098041
0.26274511
0.26274511
0.21960784
0.25882354
0.28627452
0.30588236
0.31764707
0.32941177
0.32156864
0.21176471
0.27843139
0.52941179
0.58431375
0.62352943
0.66274512
0.69411767
0.72549021
0.72156864
0.72156864
0.76078433
0.77647060
0.78039217
0.64705884
0.32549021
0.24313726
0.23529412
0.23137255
0.22745098
0.23529412
0.23137255
0.23137255
0.24705882
0.24705882
0.24705882
0.23921569
0.26274511
0.28235295
0.29803923
0.30588236
0.31764707
0.25098041
0.14117648
0.25490198
0.52549022
0.72156864
0.75686276
0.76862746
0.75294119
0.71764708
0.70980394
0.78823531
0.79607844
0.68627453
0.60784316
0.58823532
0.39215687
0.23137255
0.21176471
0.21176471
0.21176471
0.21176471
0.21176471
0.21960784
0.22745098
0.23137255
0.23137255
0.25490198
0.26274511
0.27450982
0.28627452
0.29019609
0.31372550
0.33333334
0.22352941
0.10980392
0.23921569
0.49411765
0.70980394
0.81568629
0.66274512
0.51764709
0.54901963
0.80392158
0.79607844
0.40784314
0.18039216
0.58039218
0.65490198
0.30588236
0.21176471
0.21176471
0.20784314
0.20392157
0.21176471
0.21960784
0.21960784
0.21960784
0.21960784
0.25882354
0.25882354
0.25882354
0.27058825
0.26666668
0.38823530
0.56078434
0.49803922
0.26666668
0.30196080
0.41176471
0.69803923
0.83529413
0.65490198
0.55686277
0.65098041
0.74117649
0.61176473
0.24705882
0.10980392
0.53725493
0.54117650
0.30980393
0.25882354
0.24313726
0.21568628
0.21176471
0.22352941
0.22745098
0.21960784
0.23529412
0.25098041
0.25098041
0.24313726
0.24313726
0.25098041
0.32156864
0.55686277
0.67450982
0.72941178
0.73333335
0.68627453
0.67843139
0.72549021
0.69019610
0.62745100
0.62745100
0.66666669
0.61960787
0.47058824
0.27450982
0.27058825
0.46274510
0.36862746
0.28627452
0.27058825
0.26666668
0.23921569
0.21176471
0.20392157
0.20784314
0.21568628
0.23137255
0.24705882
0.24313726
0.23921569
0.23921569
0.23529412
0.45490196
0.69803923
0.71372551
0.65490198
0.64313728
0.61568630
0.57254905
0.58039218
0.61176473
0.63137257
0.73725492
0.76470590
0.65882355
0.43529412
0.27843139
0.28627452
0.30980393
0.31372550
0.30980393
0.27450982
0.24705882
0.25490198
0.23529412
0.20392157
0.18823530
0.19607843
0.20000000
0.21568628
0.23137255
0.23529412
0.23921569
0.23921569
0.34117648
0.47058824
0.51764709
0.48627451
0.43921569
0.40000001
0.39607844
0.54901963
0.63921571
0.52156866
0.64705884
0.64313728
0.39607844
0.26666668
0.26274511
0.26274511
0.28235295
0.29019609
0.29411766
0.28627452
0.24313726
0.23137255
0.23529412
0.23137255
0.19215687
0.18039216
0.17647059
0.18431373
0.22745098
0.22352941
0.23921569
0.23921569
0.22352941
0.24313726
0.27843139
0.30196080
0.30196080
0.29411766
0.28627452
0.31372550
0.31764707
0.25882354
0.31764707
0.39215687
0.34509805
0.25882354
0.25490198
0.25098041
0.25882354
0.27058825
0.28627452
0.28627452
0.26666668
0.25098041
0.24313726
0.25882354
0.24313726
0.19215687
0.17254902
0.17647059
0.23137255
0.22352941
0.22352941
0.21960784
0.23137255
0.23921569
0.24313726
0.25490198
0.26274511
0.26274511
0.26666668
0.25098041
0.24705882
0.24705882
0.27450982
0.29803923
0.24705882
0.23137255
0.27058825
0.25098041
0.24313726
0.25882354
0.25882354
0.25882354
0.25882354
0.26666668
0.26274511
0.26666668
0.26274511
0.20784314
0.17647059
0.17647059
0.23137255
0.22745098
0.21960784
0.22352941
0.23137255
0.22352941
0.21568628
0.23137255
0.24705882
0.24313726
0.25882354
0.26666668
0.25098041
0.22745098
0.22745098
0.23529412
0.22745098
0.21568628
0.27058825
0.29019609
0.25490198
0.23921569
0.23137255
0.23921569
0.23921569
0.23921569
0.24705882
0.25490198
0.24313726
0.21176471
0.18039216
0.17254902
0.23529412
0.21568628
0.20784314
0.21568628
0.22745098
0.21960784
0.19607843
0.19215687
0.21176471
0.22745098
0.23921569
0.24705882
0.23529412
0.21960784
0.20392157
0.20784314
0.22352941
0.22352941
0.23137255
0.25882354
0.24705882
0.24705882
0.22745098
0.22352941
0.22352941
0.21960784
0.21960784
0.23137255
0.22352941
0.21176471
0.19607843
0.18039216
0.25490198
0.21960784
0.20392157
0.22352941
0.23921569
0.24313726
0.21960784
0.19215687
0.19215687
0.20392157
0.21568628
0.22745098
0.22745098
0.21960784
0.20784314
0.20000000
0.20392157
0.20784314
0.21176471
0.20784314
0.21568628
0.23137255
0.25882354
0.22352941
0.20000000
0.20000000
0.20000000
0.21176471
0.21176471
0.20784314
0.21176471
0.20392157
0.27843139
0.24705882
0.23137255
0.25490198
0.26274511
0.25882354
0.25098041
0.24313726
0.21960784
0.19607843
0.19215687
0.19607843
0.20784314
0.21568628
0.21176471
0.20784314
0.20784314
0.20784314
0.20392157
0.20000000
0.19607843
0.20784314
0.22352941
0.23529412
0.23529412
0.21176471
0.19215687
0.18431373
0.19215687
0.18823530
0.20784314
0.22352941
0.27450982
0.25490198
0.24313726
0.25882354
0.27450982
0.27450982
0.26666668
0.26666668
0.25490198
0.22745098
0.20000000
0.19607843
0.20000000
0.20784314
0.22352941
0.21568628
0.20392157
0.20392157
0.20000000
0.19607843
0.19215687
0.18039216
0.17647059
0.19607843
0.21176471
0.23137255
0.21960784
0.19215687
0.18431373
0.18431373
0.20392157
0.24313726
0.24705882
0.24313726
0.24313726
0.25098041
0.26666668
0.26666668
0.26666668
0.26666668
0.26274511
0.25098041
0.23921569
0.21960784
0.19607843
0.20000000
0.22352941
0.21960784
0.20784314
0.20784314
0.20000000
0.18823530
0.17647059
0.17254902
0.16862746
0.16470589
0.16470589
0.18039216
0.22352941
0.23137255
0.20784314
0.18431373
0.20392157
0.23921569
0.21960784
0.22352941
0.23137255
0.23921569
0.24313726
0.25098041
0.25490198
0.26274511
0.26274511
0.25490198
0.25098041
0.22745098
0.19607843
0.18431373
0.19607843
0.20784314
0.20392157
0.20392157
0.19607843
0.18039216
0.17254902
0.16862746
0.16078432
0.16078432
0.16078432
0.16078432
0.16862746
0.19607843
0.21960784
0.20000000
0.20000000
0.21960784
0.21568628
0.21176471
0.22745098
0.23137255
0.23529412
0.24705882
0.25490198
0.26274511
0.26274511
0.25490198
0.25490198
0.23921569
0.20392157
0.18823530
0.18431373
0.18431373
0.18823530
0.19215687
0.18823530
0.17254902
0.16470589
0.16078432
0.15686275
0.15686275
0.15686275
0.15686275
0.16470589
0.16470589
0.17647059
0.18823530
0.20000000
0.20392157
0.21568628
0.21176471
0.22745098
0.23921569
0.23921569
0.24313726
0.24705882
0.25490198
0.25490198
0.25490198
0.25882354
0.25490198
0.23921569
0.22352941
0.20392157
0.18039216
0.18431373
0.18823530
0.17647059
0.16862746
0.15686275
0.16078432
0.16862746
0.16078432
0.15686275
0.15686275
0.15686275
0.16470589
0.16862746
0.16470589
0.17647059
0.18823530
0.45098040
0.45098040
0.45882353
0.46666667
0.47058824
0.48235294
0.48627451
0.48235294
0.47450981
0.45882353
0.46274510
0.46274510
0.47058824
0.47058824
0.47450981
0.47843137
0.47843137
0.47450981
0.47058824
0.47450981
0.47058824
0.47843137
0.47843137
0.47450981
0.46666667
0.46666667
0.46666667
0.46666667
0.46666667
0.46274510
0.45490196
0.44313726
0.44705883
0.44705883
0.45882353
0.46666667
0.47843137
0.47450981
0.48235294
0.48627451
0.48235294
0.47843137
0.46274510
0.46666667
0.47843137
0.47450981
0.48235294
0.47450981
0.49019608
0.47450981
0.47450981
0.47843137
0.47450981
0.48235294
0.48235294
0.48627451
0.47450981
0.46666667
0.46666667
0.47058824
0.47058824
0.46666667
0.45882353
0.44705883
0.45098040
0.44705883
0.45490196
0.47058824
0.47450981
0.46274510
0.47058824
0.48235294
0.48235294
0.47450981
0.47058824
0.47450981
0.47450981
0.46666667
0.48235294
0.47843137
0.49019608
0.47843137
0.47843137
0.47450981
0.45882353
0.47450981
0.48235294
0.48235294
0.48235294
0.47843137
0.47058824
0.47450981
0.47843137
0.47450981
0.47450981
0.45882353
0.45098040
0.44705883
0.45490196
0.45490196
0.45882353
0.46274510
0.46666667
0.47450981
0.47450981
0.46274510
0.46666667
0.48235294
0.48627451
0.48235294
0.48627451
0.48627451
0.48235294
0.48235294
0.48627451
0.47450981
0.47450981
0.47058824
0.47450981
0.46274510
0.46666667
0.47843137
0.47450981
0.47058824
0.47058824
0.47450981
0.49411765
0.47058824
0.44313726
0.44705883
0.45882353
0.40392157
0.43529412
0.47058824
0.46274510
0.46274510
0.47058824
0.47450981
0.47450981
0.47843137
0.48235294
0.48235294
0.48627451
0.49019608
0.48627451
0.47843137
0.49019608
0.48627451
0.50588238
0.49411765
0.46666667
0.46274510
0.46666667
0.47058824
0.47843137
0.47450981
0.46666667
0.47450981
0.48627451
0.46666667
0.43921569
0.43921569
0.45098040
0.40000001
0.37647060
0.48627451
0.47058824
0.45882353
0.47058824
0.47843137
0.47450981
0.47058824
0.47058824
0.47058824
0.47843137
0.48235294
0.48627451
0.47450981
0.47450981
0.47843137
0.46666667
0.49411765
0.49019608
0.47450981
0.46274510
0.46666667
0.47058824
0.47450981
0.47058824
0.47450981
0.47450981
0.46274510
0.43529412
0.43137255
0.43921569
0.43921569
0.34901962
0.46666667
0.47843137
0.46666667
0.47058824
0.46666667
0.46274510
0.45882353
0.45490196
0.46274510
0.47058824
0.47843137
0.47843137
0.47058824
0.46666667
0.47058824
0.47843137
0.47843137
0.52156866
0.47843137
0.47058824
0.46274510
0.46274510
0.46274510
0.45882353
0.45882353
0.45882353
0.45098040
0.44313726
0.43921569
0.44313726
0.45882353
0.39215687
0.40000001
0.47450981
0.47058824
0.47058824
0.45882353
0.45098040
0.44705883
0.44313726
0.45098040
0.45882353
0.46666667
0.46666667
0.46666667
0.46274510
0.46274510
0.47843137
0.47058824
0.47843137
0.50588238
0.55294120
0.47450981
0.45882353
0.46274510
0.45882353
0.45882353
0.45882353
0.45882353
0.43921569
0.43921569
0.45098040
0.45490196
0.43921569
0.35686275
0.46666667
0.47058824
0.46274510
0.45490196
0.43921569
0.43921569
0.43529412
0.43921569
0.44313726
0.45882353
0.45882353
0.46274510
0.47058824
0.46666667
0.45882353
0.45098040
0.50588238
0.53333336
0.54117650
0.48235294
0.46274510
0.46274510
0.47058824
0.47058824
0.47058824
0.45882353
0.43137255
0.44313726
0.47450981
0.46666667
0.45490196
0.36078432
0.41568628
0.48627451
0.46274510
0.45490196
0.43529412
0.43529412
0.43921569
0.43921569
0.46666667
0.47450981
0.45882353
0.44313726
0.45882353
0.46274510
0.43921569
0.50196081
0.55686277
0.48235294
0.47843137
0.53725493
0.50196081
0.47058824
0.46666667
0.46666667
0.47058824
0.44705883
0.43529412
0.44705883
0.46666667
0.46274510
0.44705883
0.40784314
0.32549021
0.48235294
0.47843137
0.44313726
0.43529412
0.43921569
0.44705883
0.44705883
0.45098040
0.47450981
0.46274510
0.46274510
0.43921569
0.43137255
0.45098040
0.54901963
0.49019608
0.45098040
0.45490196
0.46666667
0.50980395
0.49411765
0.45490196
0.44705883
0.45882353
0.45098040
0.43137255
0.44313726
0.43921569
0.44313726
0.45098040
0.44313726
0.34901962
0.40000001
0.50196081
0.44313726
0.42745098
0.42352942
0.45098040
0.39607844
0.25490198
0.55294120
0.58431375
0.47843137
0.44313726
0.43529412
0.53725493
0.54509807
0.43921569
0.43137255
0.43921569
0.44313726
0.44705883
0.46666667
0.49411765
0.46274510
0.44313726
0.45098040
0.40784314
0.43529412
0.43921569
0.44705883
0.45098040
0.44705883
0.40392157
0.32549021
0.47058824
0.45882353
0.42745098
0.41176471
0.45882353
0.38039216
0.19607843
0.50588238
0.61568630
0.49803922
0.45490196
0.53725493
0.58823532
0.46666667
0.41176471
0.42745098
0.42352942
0.43921569
0.45098040
0.43137255
0.43137255
0.45098040
0.42745098
0.43137255
0.38823530
0.43137255
0.43529412
0.43137255
0.44313726
0.45098040
0.43921569
0.33725491
0.38431373
0.46666667
0.46666667
0.48235294
0.50588238
0.49803922
0.47058824
0.55294120
0.57647061
0.56862748
0.58039218
0.61960787
0.56470591
0.43137255
0.42352942
0.41568628
0.41176471
0.41176471
0.42352942
0.41960785
0.40392157
0.40784314
0.41176471
0.41960785
0.38823530
0.42352942
0.43529412
0.42745098
0.43921569
0.44705883
0.45098040
0.34509805
0.37647060
0.54509807
0.55686277
0.60000002
0.60000002
0.60000002
0.63921571
0.64705884
0.63529414
0.63921571
0.65490198
0.66666669
0.53725493
0.41568628
0.40784314
0.40000001
0.38823530
0.38039216
0.39215687
0.39607844
0.39215687
0.39607844
0.40000001
0.40784314
0.40000001
0.41960785
0.43921569
0.43529412
0.44313726
0.45098040
0.36862746
0.19607843
0.25490198
0.45490196
0.61176473
0.67058825
0.66666669
0.63137257
0.60000002
0.58823532
0.65490198
0.63529414
0.56862748
0.52549022
0.51372552
0.44705883
0.38431373
0.36862746
0.36470589
0.35686275
0.36078432
0.36078432
0.36862746
0.37647060
0.38431373
0.38431373
0.41568628
0.41960785
0.43137255
0.43137255
0.43529412
0.46274510
0.41176471
0.22745098
0.10588235
0.21568628
0.42745098
0.60000002
0.66274512
0.54509807
0.42745098
0.43137255
0.61176473
0.59607846
0.35294119
0.18039216
0.50196081
0.57254905
0.41960785
0.36862746
0.35686275
0.34901962
0.34901962
0.35686275
0.36470589
0.37647060
0.37647060
0.38039216
0.41568628
0.41568628
0.41568628
0.42745098
0.43921569
0.49803922
0.55294120
0.44705883
0.22745098
0.28235295
0.35686275
0.54901963
0.63529414
0.50196081
0.43529412
0.50196081
0.57254905
0.49019608
0.25490198
0.11372549
0.42352942
0.45882353
0.42352942
0.40392157
0.38823530
0.36078432
0.35686275
0.36862746
0.37254903
0.37647060
0.39215687
0.40784314
0.40392157
0.40000001
0.40000001
0.40784314
0.45882353
0.56470591
0.60392159
0.63137257
0.61960787
0.57254905
0.54509807
0.56470591
0.52549022
0.49019608
0.50980395
0.53333336
0.49019608
0.41568628
0.37647060
0.34509805
0.43921569
0.42745098
0.41960785
0.42352942
0.42745098
0.39607844
0.36078432
0.34901962
0.36078432
0.36470589
0.38039216
0.40000001
0.40000001
0.39607844
0.39607844
0.39607844
0.49019608
0.59215689
0.60000002
0.53725493
0.53725493
0.51372552
0.46274510
0.45882353
0.45882353
0.47058824
0.55294120
0.58039218
0.52941179
0.44705883
0.42352942
0.43137255
0.42352942
0.44313726
0.45098040
0.42745098
0.41568628
0.41176471
0.38823530
0.34901962
0.33725491
0.33333334
0.33725491
0.36078432
0.39607844
0.39215687
0.39607844
0.40000001
0.41960785
0.46274510
0.48235294
0.44705883
0.42745098
0.42745098
0.40784314
0.47058824
0.50196081
0.40784314
0.49019608
0.50980395
0.43137255
0.41960785
0.42352942
0.42352942
0.43529412
0.41960785
0.43921569
0.43921569
0.41176471
0.38823530
0.38823530
0.37647060
0.34117648
0.30980393
0.30588236
0.31764707
0.38823530
0.37647060
0.38823530
0.39215687
0.37647060
0.39215687
0.41176471
0.42745098
0.43137255
0.44313726
0.42352942
0.40784314
0.39215687
0.30980393
0.32941177
0.33725491
0.38431373
0.41176471
0.40392157
0.40784314
0.40784314
0.42745098
0.43921569
0.43529412
0.42352942
0.40000001
0.39607844
0.40784314
0.39215687
0.32941177
0.30196080
0.30196080
0.39215687
0.37254903
0.36862746
0.36470589
0.37647060
0.38823530
0.39215687
0.40392157
0.40784314
0.40784314
0.41176471
0.40000001
0.39215687
0.37647060
0.37254903
0.36862746
0.28235295
0.28235295
0.39215687
0.39215687
0.39215687
0.41568628
0.40784314
0.40392157
0.40784314
0.41960785
0.41568628
0.41960785
0.41568628
0.34901962
0.30196080
0.30196080
0.39215687
0.37647060
0.36470589
0.36862746
0.37647060
0.36470589
0.34901962
0.37254903
0.39215687
0.38823530
0.40392157
0.40392157
0.39215687
0.38039216
0.36862746
0.37254903
0.34117648
0.28235295
0.34509805
0.40000001
0.41176471
0.39607844
0.37647060
0.36862746
0.38431373
0.40000001
0.40784314
0.41568628
0.40000001
0.35294119
0.30980393
0.29803923
0.39215687
0.36078432
0.35294119
0.36862746
0.38431373
0.36470589
0.32549021
0.32549021
0.34509805
0.36078432
0.37254903
0.38823530
0.38431373
0.36078432
0.34117648
0.34117648
0.37254903
0.36470589
0.32156864
0.34117648
0.37254903
0.40784314
0.38431373
0.35294119
0.36078432
0.36862746
0.36862746
0.38039216
0.37254903
0.34901962
0.32549021
0.30588236
0.41176471
0.37254903
0.35686275
0.38039216
0.40000001
0.38823530
0.35686275
0.32549021
0.31764707
0.33333334
0.34509805
0.36078432
0.37647060
0.37254903
0.34509805
0.33333334
0.34509805
0.35294119
0.36078432
0.32156864
0.33725491
0.35686275
0.40000001
0.37254903
0.32156864
0.30980393
0.32156864
0.34117648
0.34509805
0.34117648
0.34509805
0.33333334
0.43137255
0.40784314
0.40000001
0.41176471
0.41960785
0.41176471
0.40392157
0.38823530
0.36078432
0.33333334
0.32941177
0.33725491
0.36078432
0.36470589
0.34901962
0.33725491
0.33725491
0.33333334
0.34509805
0.34509805
0.33725491
0.31372550
0.30980393
0.34901962
0.36470589
0.33725491
0.31764707
0.30588236
0.31764707
0.32156864
0.34117648
0.36078432
0.42745098
0.41176471
0.40392157
0.40784314
0.41960785
0.42745098
0.42352942
0.41960785
0.40392157
0.37254903
0.34509805
0.33725491
0.34509805
0.35686275
0.36470589
0.35294119
0.33333334
0.32941177
0.32549021
0.32549021
0.32156864
0.30196080
0.29019609
0.29411766
0.31372550
0.35686275
0.35294119
0.31764707
0.30196080
0.31764707
0.33725491
0.38431373
0.40000001
0.38823530
0.38823530
0.39215687
0.40392157
0.41568628
0.42352942
0.42352942
0.41960785
0.40392157
0.38431373
0.36470589
0.33725491
0.34117648
0.36470589
0.36078432
0.34117648
0.33725491
0.32941177
0.30980393
0.30196080
0.29411766
0.29019609
0.28627452
0.28235295
0.29019609
0.31764707
0.34117648
0.32549021
0.30980393
0.33333334
0.37647060
0.36078432
0.36862746
0.38431373
0.38431373
0.38823530
0.40392157
0.41176471
0.41960785
0.42352942
0.40784314
0.39607844
0.37254903
0.33725491
0.32549021
0.32941177
0.34117648
0.33725491
0.33725491
0.32549021
0.30588236
0.29411766
0.28627452
0.28235295
0.28235295
0.28235295
0.26666668
0.25098041
0.28235295
0.32941177
0.30980393
0.31372550
0.34509805
0.34509805
0.35686275
0.38039216
0.38039216
0.38431373
0.40000001
0.41176471
0.41568628
0.41568628
0.40784314
0.40000001
0.38431373
0.34901962
0.32549021
0.31372550
0.30980393
0.31764707
0.32156864
0.31372550
0.29803923
0.29019609
0.28235295
0.28235295
0.27843139
0.27058825
0.26274511
0.27843139
0.28235295
0.28627452
0.29803923
0.30980393
0.32549021
0.34901962
0.35294119
0.37254903
0.38431373
0.38431373
0.38823530
0.39215687
0.40000001
0.40000001
0.40392157
0.40392157
0.40000001
0.38431373
0.36470589
0.33333334
0.30980393
0.30980393
0.31372550
0.30196080
0.29411766
0.28627452
0.29019609
0.29411766
0.28235295
0.27843139
0.27450982
0.28235295
0.28627452
0.28627452
0.28627452
0.29803923
0.31372550
-1 1 0 0 0 0 0 0 0 0 0
-1 0 1 0 0 0 0 0 0 0 0
-1 0 0 1 0 0 0 0 0 0 0
-1 0 0 0 1 0 0 0 0 0 0
-1 0 0 0 0 1 0 0 0 0 0
-1 0 0 0 0 0 1 0 0 0 0
-1 0 0 0 0 0 0 1 0 0 0
-1 0 0 0 0 0 0 0 1 0 0
-1 0 0 0 0 0 0 0 0 1 0
