0.56862748
0.60000002
0.57647061
0.64705884
0.69411767
0.54901963
0.44313726
0.47843137
0.64313728
0.65490198
0.65490198
0.67450982
0.66666669
0.67058825
0.68627453
0.65882355
0.67058825
0.67450982
0.67450982
0.68627453
0.66274512
0.64313728
0.70588237
0.72156864
0.74509805
0.71764708
0.77254903
0.82352942
0.70588237
0.65098041
0.68235296
0.66274512
0.38431373
0.52156866
0.60392159
0.67843139
0.65098041
0.57647061
0.32941177
0.34901962
0.61568630
0.67058825
0.61960787
0.62352943
0.68627453
0.74901962
0.68235296
0.65098041
0.81960785
0.75294119
0.63921571
0.68627453
0.63137257
0.62745100
0.73725492
0.71764708
0.78823531
0.74509805
0.87450981
0.91372550
0.74117649
0.69411767
0.67843139
0.67843139
0.33333334
0.54901963
0.64705884
0.71372551
0.63137257
0.69019610
0.55294120
0.41568628
0.61176473
0.64313728
0.67058825
0.61960787
0.65490198
0.74901962
0.69803923
0.64705884
0.78039217
0.76078433
0.66666669
0.69803923
0.66666669
0.66666669
0.72156864
0.71372551
0.79607844
0.75686276
0.76078433
0.81568629
0.74117649
0.69803923
0.69803923
0.71372551
0.55294120
0.80392158
0.67058825
0.70196080
0.67058825
0.72549021
0.83529413
0.67450982
0.61960787
0.58039218
0.64705884
0.65098041
0.62745100
0.72156864
0.71372551
0.65882355
0.62745100
0.70588237
0.64313728
0.65490198
0.66666669
0.56470591
0.59215689
0.67058825
0.71372551
0.70196080
0.67450982
0.67450982
0.65882355
0.70980394
0.74117649
0.74509805
0.68235296
0.81568629
0.76862746
0.80392158
0.83529413
0.83529413
0.74509805
0.63137257
0.60392159
0.60392159
0.61568630
0.68235296
0.63137257
0.65098041
0.66274512
0.72549021
0.60392159
0.66666669
0.69411767
0.65490198
0.62352943
0.50196081
0.62745100
0.71764708
0.66666669
0.61176473
0.70588237
0.73333335
0.66666669
0.74509805
0.79607844
0.78823531
0.60784316
0.65098041
0.72941178
0.83137256
0.85098040
0.70196080
0.59607846
0.57254905
0.62745100
0.56078434
0.58823532
0.70196080
0.60784316
0.61960787
0.63529414
0.69019610
0.65882355
0.63921571
0.66666669
0.65490198
0.62745100
0.50980395
0.69803923
0.78431374
0.70980394
0.63137257
0.67058825
0.77254903
0.73333335
0.75294119
0.72156864
0.74509805
0.61960787
0.60392159
0.60392159
0.61568630
0.72941178
0.64705884
0.58039218
0.62745100
0.63529414
0.61176473
0.63529414
0.69803923
0.61960787
0.63529414
0.63137257
0.65098041
0.66666669
0.59607846
0.59607846
0.62745100
0.63921571
0.58823532
0.68627453
0.78039217
0.78039217
0.76470590
0.67843139
0.72941178
0.76862746
0.79215688
0.70980394
0.75686276
0.57647061
0.64705884
0.58039218
0.49411765
0.58823532
0.58431375
0.66666669
0.64705884
0.61568630
0.67450982
0.60000002
0.60392159
0.65490198
0.64313728
0.67843139
0.65490198
0.61960787
0.61568630
0.58431375
0.60000002
0.63921571
0.75686276
0.80000001
0.77254903
0.79607844
0.84313726
0.74117649
0.77254903
0.77647060
0.78823531
0.77254903
0.74901962
0.56470591
0.61176473
0.50980395
0.39215687
0.43137255
0.49019608
0.76862746
0.67450982
0.60392159
0.63529414
0.63137257
0.65098041
0.63137257
0.63529414
0.67450982
0.66666669
0.59215689
0.60392159
0.63529414
0.68627453
0.68627453
0.77647060
0.85490197
0.91372550
0.92156863
0.88627452
0.80784315
0.78431374
0.77254903
0.71764708
0.80000001
0.71372551
0.63137257
0.59215689
0.52941179
0.30588236
0.30196080
0.47058824
0.87058824
0.81960785
0.63529414
0.67058825
0.69019610
0.67058825
0.64705884
0.66274512
0.66666669
0.73333335
0.69411767
0.69803923
0.66274512
0.71764708
0.70980394
0.80392158
0.89019608
0.96470588
0.98823529
0.94509804
0.96862745
0.84313726
0.86666667
0.82352942
0.79607844
0.69411767
0.69411767
0.63529414
0.62352943
0.44313726
0.25882354
0.47450981
0.92941177
0.95686275
0.80000001
0.78039217
0.69411767
0.64705884
0.67450982
0.70980394
0.71372551
0.76470590
0.77254903
0.78431374
0.74901962
0.71764708
0.69411767
0.85882354
0.92941177
0.96862745
0.98823529
0.97647059
1.00000000
0.82352942
0.80784315
0.94509804
0.78039217
0.67843139
0.67843139
0.68235296
0.72549021
0.62352943
0.29411766
0.48235294
0.93725491
0.98431373
0.97647059
0.91764706
0.80392158
0.76470590
0.79215688
0.81960785
0.78823531
0.80784315
0.85490197
0.89411765
0.85882354
0.73725492
0.74117649
0.91764706
0.91764706
0.93725491
0.96470588
0.95686275
0.97647059
0.85490197
0.72941178
0.90588236
0.78039217
0.69411767
0.70980394
0.72156864
0.72156864
0.65882355
0.41960785
0.47450981
0.89803922
0.98823529
0.99607843
0.95686275
0.85098040
0.84313726
0.91372550
0.88627452
0.82745099
0.86274511
0.91764706
0.95294118
0.91764706
0.74117649
0.75294119
0.89803922
0.88627452
0.90196079
0.95686275
0.95686275
0.99215686
0.86274511
0.69803923
0.81568629
0.74117649
0.66666669
0.73725492
0.75686276
0.71764708
0.65882355
0.60000002
0.51764709
0.85490197
0.99215686
0.98039216
0.96078432
0.88235295
0.90980393
0.91372550
0.82745099
0.78431374
0.85490197
0.90980393
0.93725491
0.89803922
0.69411767
0.69411767
0.85490197
0.88627452
0.91764706
0.97254902
0.96078432
0.94509804
0.81176472
0.60000002
0.73333335
0.76470590
0.66666669
0.78431374
0.76078433
0.73725492
0.67843139
0.66666669
0.58431375
0.72156864
0.97647059
0.98823529
0.96470588
0.96078432
0.96078432
0.92156863
0.80000001
0.77647060
0.85882354
0.92549020
0.95294118
0.86274511
0.58823532
0.62352943
0.81568629
0.88235295
0.92549020
0.98039216
0.98039216
0.92941177
0.73333335
0.43921569
0.61568630
0.78823531
0.72156864
0.69019610
0.76078433
0.77647060
0.69019610
0.67450982
0.67843139
0.57647061
0.81960785
0.98431373
0.96862745
0.98431373
0.97647059
0.92941177
0.78039217
0.77254903
0.87058824
0.96862745
1.00000000
0.92549020
0.60000002
0.51372552
0.75294119
0.87450981
0.92549020
0.96470588
0.95294118
0.94901961
0.55686277
0.29019609
0.54901963
0.76470590
0.73725492
0.67843139
0.69019610
0.76470590
0.72941178
0.63529414
0.65882355
0.56078434
0.62352943
0.93333334
0.98431373
0.95686275
0.94901961
0.87450981
0.74901962
0.72156864
0.82352942
0.93333334
0.97254902
0.98431373
0.78823531
0.49019608
0.70196080
0.92156863
0.97254902
0.93333334
0.89803922
0.83921570
0.36470589
0.29411766
0.58823532
0.76862746
0.72941178
0.75294119
0.61568630
0.65882355
0.71372551
0.60392159
0.60000002
0.60784316
0.62745100
0.89411765
1.00000000
0.96470588
0.94901961
0.86274511
0.71764708
0.67058825
0.73333335
0.85882354
0.90588236
0.94901961
0.81568629
0.48627451
0.67450982
0.98039216
0.96862745
0.90980393
0.89803922
0.73333335
0.34509805
0.33725491
0.61568630
0.75294119
0.79215688
0.74901962
0.57647061
0.58039218
0.66666669
0.62352943
0.69411767
0.72941178
0.70196080
0.81960785
0.94509804
0.95686275
0.94117647
0.94117647
0.74117649
0.61960787
0.65882355
0.76470590
0.80784315
0.85098040
0.69411767
0.45490196
0.57254905
0.90980393
0.92549020
0.85490197
0.76078433
0.53333336
0.29411766
0.34901962
0.60392159
0.72549021
0.84705883
0.70980394
0.66274512
0.60000002
0.62745100
0.65490198
0.70196080
0.76862746
0.77254903
0.72549021
0.79215688
0.96078432
0.89803922
0.93725491
0.79607844
0.50980395
0.49019608
0.59607846
0.74901962
0.78823531
0.76078433
0.66666669
0.57254905
0.87058824
0.95686275
0.90588236
0.72941178
0.41960785
0.28627452
0.43921569
0.73725492
0.76078433
0.78039217
0.69803923
0.73333335
0.65882355
0.63921571
0.71372551
0.70588237
0.63137257
0.69019610
0.72156864
0.58431375
0.87843138
0.92156863
0.88235295
0.80784315
0.38039216
0.30588236
0.44313726
0.63137257
0.60392159
0.65490198
0.56078434
0.56862748
0.82352942
0.94117647
0.94509804
0.89019608
0.54117650
0.38823530
0.66274512
0.86274511
0.86274511
0.74509805
0.70980394
0.62745100
0.50588238
0.60784316
0.71372551
0.76470590
0.69019610
0.64705884
0.65098041
0.50196081
0.65098041
0.87843138
0.87843138
0.81176472
0.42352942
0.30980393
0.34901962
0.43921569
0.47450981
0.47058824
0.38823530
0.41568628
0.63137257
0.90980393
0.92156863
0.89803922
0.62352943
0.52156866
0.67058825
0.95294118
0.85098040
0.72549021
0.63921571
0.61176473
0.52941179
0.56470591
0.68235296
0.73333335
0.70980394
0.74117649
0.67843139
0.55686277
0.64705884
0.87843138
0.89803922
0.66274512
0.32549021
0.26274511
0.32549021
0.36862746
0.49019608
0.52549022
0.47058824
0.45098040
0.56078434
0.82352942
0.94509804
0.90196079
0.68627453
0.57254905
0.60000002
0.70588237
0.63137257
0.62352943
0.64313728
0.60000002
0.56078434
0.58039218
0.62745100
0.70980394
0.66666669
0.75294119
0.70196080
0.54901963
0.67058825
0.88235295
0.91764706
0.60000002
0.32549021
0.31372550
0.41960785
0.45490196
0.55294120
0.60000002
0.50980395
0.54509807
0.55294120
0.65490198
0.89803922
0.93333334
0.80392158
0.64313728
0.60392159
0.49411765
0.53725493
0.63137257
0.67450982
0.66274512
0.59215689
0.59607846
0.58431375
0.69803923
0.65490198
0.62745100
0.61960787
0.50588238
0.63921571
0.78039217
0.87843138
0.54509807
0.34509805
0.32941177
0.45490196
0.48235294
0.46666667
0.49019608
0.46666667
0.56078434
0.54901963
0.53333336
0.75294119
0.95686275
0.87058824
0.67450982
0.58431375
0.60784316
0.59607846
0.61960787
0.70980394
0.59607846
0.54117650
0.50588238
0.55686277
0.59607846
0.50588238
0.48627451
0.56470591
0.50980395
0.65490198
0.72549021
0.86274511
0.54117650
0.37647060
0.32941177
0.43137255
0.48627451
0.41960785
0.45882353
0.47843137
0.58431375
0.58431375
0.56470591
0.65490198
0.91764706
0.81568629
0.56862748
0.52941179
0.59215689
0.63529414
0.66274512
0.68235296
0.48235294
0.45098040
0.42745098
0.47843137
0.53725493
0.50588238
0.48235294
0.55294120
0.52941179
0.71764708
0.75294119
0.80784315
0.56078434
0.57254905
0.51372552
0.41960785
0.52156866
0.44313726
0.39215687
0.43529412
0.61960787
0.59607846
0.59215689
0.66274512
0.83921570
0.76470590
0.45098040
0.43921569
0.55294120
0.65490198
0.73333335
0.55294120
0.49019608
0.51372552
0.45882353
0.45882353
0.49411765
0.46666667
0.45882353
0.52156866
0.56470591
0.69019610
0.75686276
0.72941178
0.45490196
0.72549021
0.81176472
0.46666667
0.53333336
0.51764709
0.43921569
0.41960785
0.56078434
0.57647061
0.56862748
0.61960787
0.74509805
0.70196080
0.48627451
0.63137257
0.81568629
0.72156864
0.64705884
0.53333336
0.54901963
0.57254905
0.45882353
0.47843137
0.44705883
0.42352942
0.46666667
0.52156866
0.61568630
0.72549021
0.78431374
0.68235296
0.48627451
0.69803923
0.79607844
0.53333336
0.50588238
0.52549022
0.52941179
0.56470591
0.50588238
0.50588238
0.55294120
0.64313728
0.77647060
0.69803923
0.62745100
0.90588236
0.98431373
0.81960785
0.61176473
0.47843137
0.58039218
0.59607846
0.52941179
0.58039218
0.56078434
0.52549022
0.55294120
0.56470591
0.61568630
0.74117649
0.74901962
0.73333335
0.70588237
0.70588237
0.71372551
0.61960787
0.56078434
0.54901963
0.57254905
0.56078434
0.48627451
0.51764709
0.62352943
0.70980394
0.80784315
0.67450982
0.69411767
0.84313726
0.84705883
0.75686276
0.72549021
0.46666667
0.56470591
0.64313728
0.57647061
0.50196081
0.59607846
0.68235296
0.63529414
0.67450982
0.61176473
0.69803923
0.77647060
0.72941178
0.65098041
0.72549021
0.76862746
0.69803923
0.64313728
0.69803923
0.67450982
0.58823532
0.47843137
0.50980395
0.67450982
0.83529413
0.71764708
0.57647061
0.64705884
0.66666669
0.81960785
0.72941178
0.82745099
0.49411765
0.58039218
0.72549021
0.69411767
0.58823532
0.62745100
0.69019610
0.58039218
0.67058825
0.72549021
0.70196080
0.75294119
0.70588237
0.61960787
0.69019610
0.69019610
0.65098041
0.69411767
0.78431374
0.70980394
0.56470591
0.49411765
0.49411765
0.59607846
0.78823531
0.69019610
0.56078434
0.67843139
0.77254903
0.87058824
0.77647060
0.83137256
0.33725491
0.38431373
0.37647060
0.43921569
0.48627451
0.35686275
0.25098041
0.27450982
0.43529412
0.46274510
0.46666667
0.48627451
0.47843137
0.48235294
0.49411765
0.46666667
0.47450981
0.47843137
0.47843137
0.49411765
0.45490196
0.42352942
0.50588238
0.52549022
0.51764709
0.52156866
0.60784316
0.61960787
0.47843137
0.45882353
0.47843137
0.43529412
0.17647059
0.32941177
0.41568628
0.47450981
0.45490196
0.39215687
0.13333334
0.13333334
0.40784314
0.47843137
0.43137255
0.43529412
0.49803922
0.56470591
0.49019608
0.45882353
0.62352943
0.55686277
0.44705883
0.49803922
0.43529412
0.41960785
0.52941179
0.50588238
0.56078434
0.54117650
0.70980394
0.71764708
0.52156866
0.50196081
0.48235294
0.46666667
0.12941177
0.36862746
0.45098040
0.48627451
0.40784314
0.49019608
0.34901962
0.20000000
0.41176471
0.45490196
0.47843137
0.42352942
0.46666667
0.56470591
0.50588238
0.45098040
0.58431375
0.56078434
0.47058824
0.50980395
0.47843137
0.46666667
0.50588238
0.48627451
0.57254905
0.55294120
0.56078434
0.60784316
0.52941179
0.50588238
0.50196081
0.51372552
0.34117648
0.62745100
0.45882353
0.43921569
0.39215687
0.48627451
0.62745100
0.46666667
0.43137255
0.39607844
0.45882353
0.45490196
0.43529412
0.53333336
0.51764709
0.45882353
0.42745098
0.50588238
0.44705883
0.46666667
0.49019608
0.37647060
0.36862746
0.42745098
0.50196081
0.49803922
0.46666667
0.47450981
0.45882353
0.51764709
0.55294120
0.55686277
0.48235294
0.61960787
0.50980395
0.48627451
0.52156866
0.58823532
0.55686277
0.44705883
0.41568628
0.41568628
0.42352942
0.48235294
0.43921569
0.46666667
0.47058824
0.52941179
0.39607844
0.45098040
0.48235294
0.47843137
0.46274510
0.32156864
0.39607844
0.45098040
0.44705883
0.42352942
0.48235294
0.49803922
0.46666667
0.55294120
0.61960787
0.62352943
0.43137255
0.44705883
0.43921569
0.47843137
0.52549022
0.45490196
0.41960785
0.41176471
0.43921569
0.37647060
0.39215687
0.49411765
0.41568628
0.44313726
0.44705883
0.49019608
0.45098040
0.41960785
0.45098040
0.46274510
0.45098040
0.32941177
0.48235294
0.52941179
0.48627451
0.47058824
0.44313726
0.51372552
0.54117650
0.55294120
0.54509807
0.58823532
0.43921569
0.40392157
0.34509805
0.29803923
0.40784314
0.36470589
0.36470589
0.45098040
0.46274510
0.43137255
0.43921569
0.49019608
0.42745098
0.45490196
0.42745098
0.45098040
0.47450981
0.41176471
0.41176471
0.41960785
0.43137255
0.37647060
0.46274510
0.52941179
0.52156866
0.54509807
0.43921569
0.49411765
0.56862748
0.56470591
0.49803922
0.56862748
0.39215687
0.46274510
0.36078432
0.23529412
0.29411766
0.28235295
0.39215687
0.43529412
0.44705883
0.49803922
0.40392157
0.40000001
0.46274510
0.46274510
0.47058824
0.44705883
0.43137255
0.43921569
0.41960785
0.42352942
0.41960785
0.47058824
0.45490196
0.40000001
0.43137255
0.50196081
0.44313726
0.51372552
0.53725493
0.55686277
0.54509807
0.53725493
0.37647060
0.43921569
0.34117648
0.20000000
0.20000000
0.19215687
0.44313726
0.40784314
0.40784314
0.46274510
0.44313726
0.45098040
0.44705883
0.46274510
0.46274510
0.45098040
0.38431373
0.39607844
0.42745098
0.44313726
0.37254903
0.37647060
0.40000001
0.45882353
0.50196081
0.47058824
0.49411765
0.53725493
0.54117650
0.52549022
0.59607846
0.50196081
0.44313726
0.42745098
0.38431373
0.15686275
0.11372549
0.18431373
0.50980395
0.49411765
0.40000001
0.48627451
0.50588238
0.47843137
0.46274510
0.48627451
0.45490196
0.49803922
0.44313726
0.43137255
0.36862746
0.32156864
0.25882354
0.32941177
0.41960785
0.54509807
0.60000002
0.54509807
0.74509805
0.65882355
0.69019610
0.70196080
0.62352943
0.49019608
0.52941179
0.47058824
0.45490196
0.27058825
0.07450981
0.21176471
0.54509807
0.55294120
0.48235294
0.50980395
0.44313726
0.41568628
0.43529412
0.43921569
0.41176471
0.42352942
0.38431373
0.37647060
0.32156864
0.25098041
0.22745098
0.37254903
0.45098040
0.55686277
0.60392159
0.61960787
0.85882354
0.58823532
0.57254905
0.84313726
0.61960787
0.47450981
0.50980395
0.50980395
0.54117650
0.43529412
0.10980392
0.23137255
0.54509807
0.55686277
0.62352943
0.52941179
0.40784314
0.37647060
0.38823530
0.38823530
0.34509805
0.33725491
0.35294119
0.39215687
0.36862746
0.26666668
0.28627452
0.42352942
0.41960785
0.48627451
0.53333336
0.60784316
0.85098040
0.56862748
0.41568628
0.76078433
0.60392159
0.47843137
0.52549022
0.54117650
0.53725493
0.47450981
0.23529412
0.23137255
0.53333336
0.58823532
0.66666669
0.55294120
0.37647060
0.34509805
0.39607844
0.36862746
0.31372550
0.34117648
0.39215687
0.45098040
0.43529412
0.28627452
0.30588236
0.40392157
0.37647060
0.43137255
0.49411765
0.59607846
0.87450981
0.56078434
0.35294119
0.60784316
0.53333336
0.44313726
0.54509807
0.56862748
0.52941179
0.47058824
0.40392157
0.28235295
0.52941179
0.66274512
0.71764708
0.64705884
0.45098040
0.41568628
0.40000001
0.33333334
0.29803923
0.36078432
0.42352942
0.47843137
0.45882353
0.26666668
0.27450982
0.37647060
0.38431373
0.46274510
0.54117650
0.58431375
0.78039217
0.51764709
0.26666668
0.49411765
0.54509807
0.44705883
0.58431375
0.56862748
0.54117650
0.47450981
0.45098040
0.34901962
0.43137255
0.70588237
0.80392158
0.71764708
0.58823532
0.49019608
0.43137255
0.34509805
0.31372550
0.38039216
0.44313726
0.48235294
0.41176471
0.18431373
0.23137255
0.36078432
0.40000001
0.50980395
0.61960787
0.60000002
0.67843139
0.43529412
0.16078432
0.36862746
0.56862748
0.51372552
0.49803922
0.57254905
0.58431375
0.49019608
0.44705883
0.43137255
0.30980393
0.60000002
0.85098040
0.78431374
0.63921571
0.51372552
0.46274510
0.32156864
0.29803923
0.38431373
0.49411765
0.55294120
0.49411765
0.23529412
0.15686275
0.32941177
0.40784314
0.50588238
0.58431375
0.56470591
0.67843139
0.31764707
0.07058824
0.30980393
0.54509807
0.52549022
0.50588238
0.51764709
0.58039218
0.54509807
0.42352942
0.41960785
0.30980393
0.40784314
0.76470590
0.76862746
0.59607846
0.52156866
0.45098040
0.30588236
0.27843139
0.38039216
0.51764709
0.59607846
0.65490198
0.48235294
0.16862746
0.31764707
0.49803922
0.56470591
0.52156866
0.51372552
0.58039218
0.18039216
0.09019608
0.35294119
0.54509807
0.50196081
0.59215689
0.45490196
0.49019608
0.54509807
0.41176471
0.38823530
0.36862746
0.38431373
0.65490198
0.67843139
0.57254905
0.59215689
0.52156866
0.32156864
0.27843139
0.34509805
0.48235294
0.56470591
0.64705884
0.52941179
0.19607843
0.34117648
0.63137257
0.63137257
0.52941179
0.52549022
0.47058824
0.15294118
0.12941177
0.37647060
0.52156866
0.55686277
0.58431375
0.40392157
0.40000001
0.49019608
0.43529412
0.49411765
0.50196081
0.43921569
0.52941179
0.55294120
0.53725493
0.60392159
0.65882355
0.39607844
0.25098041
0.28235295
0.39215687
0.46274510
0.52156866
0.40784314
0.18823530
0.26666668
0.61176473
0.63137257
0.51372552
0.41568628
0.27450982
0.09803922
0.13333334
0.35686275
0.48627451
0.60000002
0.51372552
0.45490196
0.38823530
0.42352942
0.43921569
0.49411765
0.54901963
0.51372552
0.43137255
0.42352942
0.52941179
0.51372552
0.62745100
0.49019608
0.20392157
0.16862746
0.26666668
0.44313726
0.50196081
0.50980395
0.42352942
0.27450982
0.54901963
0.67058825
0.60392159
0.41568628
0.17254902
0.09411765
0.21960784
0.48235294
0.50980395
0.52549022
0.48627451
0.50196081
0.41960785
0.41176471
0.47843137
0.48235294
0.41176471
0.44313726
0.45098040
0.27843139
0.47843137
0.49803922
0.52156866
0.51764709
0.14901961
0.07450981
0.20392157
0.40784314
0.38823530
0.43921569
0.34117648
0.29411766
0.49803922
0.62745100
0.65882355
0.60000002
0.30196080
0.19215687
0.45882353
0.64705884
0.63529414
0.48627451
0.52156866
0.41960785
0.27843139
0.38039216
0.48627451
0.53725493
0.46274510
0.41176471
0.41568628
0.26666668
0.30588236
0.46274510
0.50196081
0.52941179
0.20000000
0.10980392
0.16470589
0.25098041
0.26274511
0.25882354
0.18431373
0.19215687
0.34509805
0.58431375
0.61960787
0.63137257
0.38431373
0.30980393
0.49803922
0.85490197
0.68235296
0.47058824
0.45490196
0.41176471
0.31372550
0.34901962
0.46274510
0.50980395
0.48235294
0.50196081
0.45098040
0.33725491
0.32941177
0.49411765
0.57647061
0.43529412
0.12941177
0.07058824
0.14117648
0.16862746
0.25882354
0.29019609
0.25490198
0.23921569
0.30588236
0.53333336
0.69019610
0.64705884
0.43529412
0.33725491
0.40000001
0.56470591
0.42745098
0.37254903
0.44313726
0.40000001
0.35686275
0.37647060
0.41960785
0.49019608
0.44313726
0.52156866
0.47843137
0.33333334
0.36470589
0.52549022
0.67058825
0.44705883
0.16078432
0.12941177
0.22352941
0.24313726
0.32156864
0.35294119
0.27450982
0.32156864
0.31372550
0.40000001
0.66274512
0.69019610
0.54117650
0.38823530
0.37254903
0.27450982
0.29019609
0.37254903
0.46666667
0.45882353
0.39215687
0.40000001
0.38039216
0.48235294
0.43137255
0.40000001
0.40392157
0.30588236
0.35294119
0.43921569
0.64313728
0.40784314
0.18823530
0.13725491
0.24705882
0.27843139
0.25882354
0.25098041
0.22352941
0.32156864
0.30980393
0.29411766
0.51764709
0.70196080
0.59215689
0.41960785
0.35294119
0.36078432
0.32549021
0.36078432
0.49411765
0.38823530
0.33725491
0.30980393
0.35294119
0.38039216
0.28235295
0.26274511
0.35686275
0.32549021
0.38039216
0.38039216
0.61176473
0.38823530
0.20392157
0.12549020
0.21568628
0.29411766
0.23921569
0.24313726
0.23921569
0.33725491
0.32941177
0.31372550
0.41176471
0.65882355
0.53725493
0.32549021
0.31372550
0.34509805
0.36470589
0.40000001
0.46274510
0.27843139
0.26274511
0.23921569
0.27450982
0.32549021
0.29411766
0.26666668
0.35294119
0.34117648
0.46274510
0.43921569
0.54901963
0.36862746
0.37254903
0.30980393
0.22352941
0.34117648
0.26666668
0.19215687
0.21568628
0.38431373
0.34509805
0.34117648
0.40392157
0.54509807
0.48235294
0.22745098
0.23529412
0.31764707
0.40000001
0.47843137
0.32941177
0.28627452
0.32549021
0.27058825
0.25490198
0.28627452
0.25882354
0.25098041
0.32156864
0.36862746
0.44705883
0.47450981
0.47843137
0.24705882
0.51372552
0.61960787
0.27843139
0.34509805
0.32156864
0.23921569
0.21176471
0.33725491
0.33333334
0.32549021
0.35686275
0.42745098
0.42352942
0.27450982
0.41568628
0.58039218
0.47843137
0.40784314
0.30980393
0.33725491
0.37254903
0.25490198
0.26666668
0.23529412
0.21568628
0.25882354
0.31764707
0.41176471
0.48627451
0.51372552
0.43529412
0.27450982
0.48627451
0.59607846
0.34117648
0.30980393
0.32156864
0.32549021
0.35294119
0.28235295
0.27058825
0.31764707
0.38039216
0.47058824
0.43529412
0.41960785
0.69411767
0.76078433
0.58431375
0.38039216
0.25882354
0.36078432
0.38431373
0.30980393
0.36862746
0.35686275
0.32156864
0.34509805
0.36078432
0.40784314
0.50588238
0.49411765
0.49803922
0.49803922
0.48235294
0.50196081
0.41960785
0.35686275
0.34117648
0.36470589
0.34509805
0.26274511
0.29019609
0.39607844
0.45098040
0.51372552
0.42352942
0.48235294
0.61176473
0.60784316
0.52941179
0.51372552
0.25098041
0.34901962
0.42352942
0.34901962
0.29019609
0.39607844
0.48235294
0.43529412
0.47843137
0.39607844
0.46274510
0.53333336
0.49803922
0.43529412
0.49803922
0.55294120
0.50196081
0.43921569
0.49019608
0.46274510
0.36862746
0.25490198
0.29411766
0.45882353
0.58823532
0.43921569
0.33725491
0.43137255
0.41176471
0.57254905
0.51764709
0.64313728
0.28627452
0.36470589
0.50196081
0.46274510
0.38039216
0.42352942
0.47843137
0.37254903
0.46666667
0.50588238
0.46666667
0.50980395
0.47058824
0.39215687
0.45882353
0.47058824
0.45098040
0.49803922
0.57647061
0.49411765
0.34117648
0.27058825
0.28235295
0.39215687
0.54509807
0.41960785
0.32549021
0.41960785
0.50588238
0.62352943
0.54901963
0.63529414
0.20392157
0.18039216
0.10980392
0.21568628
0.26274511
0.12549020
0.08627451
0.11372549
0.18039216
0.16078432
0.16470589
0.18431373
0.17647059
0.18431373
0.19215687
0.16862746
0.18823530
0.20000000
0.20784314
0.21568628
0.18039216
0.15294118
0.23137255
0.24313726
0.25098041
0.25882354
0.34117648
0.33725491
0.18431373
0.15686275
0.18431373
0.16078432
0.09803922
0.17254902
0.16470589
0.21960784
0.22352941
0.21960784
0.07843138
0.05098039
0.15686275
0.17647059
0.14117648
0.15294118
0.20784314
0.26274511
0.19607843
0.16862746
0.34509805
0.28627452
0.18039216
0.21960784
0.17254902
0.16862746
0.26666668
0.23529412
0.31372550
0.29019609
0.44313726
0.44705883
0.23921569
0.20000000
0.18431373
0.18039216
0.06666667
0.24313726
0.21568628
0.21568628
0.16470589
0.32156864
0.29019609
0.10588235
0.14509805
0.14509805
0.20392157
0.16470589
0.18823530
0.25882354
0.21176471
0.17254902
0.31372550
0.30196080
0.20784314
0.23137255
0.22352941
0.23529412
0.25490198
0.21960784
0.31764707
0.28235295
0.27450982
0.32156864
0.23921569
0.19215687
0.19607843
0.21568628
0.25490198
0.51372552
0.23921569
0.17254902
0.14509805
0.27058825
0.48235294
0.30196080
0.14117648
0.08235294
0.19215687
0.21960784
0.17254902
0.22745098
0.23137255
0.18823530
0.16470589
0.25490198
0.18431373
0.18823530
0.23921569
0.16470589
0.13725491
0.16078432
0.22745098
0.19607843
0.14509805
0.16078432
0.15294118
0.19607843
0.23529412
0.25098041
0.31372550
0.46666667
0.31764707
0.22352941
0.27058825
0.38039216
0.35686275
0.20392157
0.10588235
0.11764706
0.15686275
0.23137255
0.16470589
0.16078432
0.19215687
0.26274511
0.13725491
0.20000000
0.21960784
0.18431373
0.19607843
0.09411765
0.16470589
0.19215687
0.14509805
0.07843138
0.15294118
0.19607843
0.14901961
0.22352941
0.29803923
0.30588236
0.17647059
0.24705882
0.29411766
0.23921569
0.29019609
0.30588236
0.22352941
0.11764706
0.12156863
0.10980392
0.12941177
0.21960784
0.12549020
0.14509805
0.16862746
0.22352941
0.18431373
0.15686275
0.18039216
0.16862746
0.17254902
0.07450981
0.23137255
0.27450982
0.18039216
0.10588235
0.14117648
0.25098041
0.21960784
0.21568628
0.22352941
0.27058825
0.18431373
0.20000000
0.20784314
0.13725491
0.23921569
0.22745098
0.14901961
0.14117648
0.14901961
0.16470589
0.17647059
0.21960784
0.14117648
0.16078432
0.14901961
0.17254902
0.19215687
0.12549020
0.12549020
0.14117648
0.16470589
0.12156863
0.19215687
0.24705882
0.22352941
0.21568628
0.15294118
0.21960784
0.23921569
0.23529412
0.18431373
0.25490198
0.13725491
0.23137255
0.19215687
0.13725491
0.18823530
0.14901961
0.15686275
0.10588235
0.13333334
0.21960784
0.13333334
0.12549020
0.16862746
0.16470589
0.18431373
0.16078432
0.14117648
0.14117648
0.12156863
0.13333334
0.14901961
0.21176471
0.18039216
0.10588235
0.10196079
0.15686275
0.14117648
0.20392157
0.19215687
0.24313726
0.23529412
0.22745098
0.11764706
0.16862746
0.11372549
0.11372549
0.13333334
0.07450981
0.19215687
0.07843138
0.11372549
0.16470589
0.13725491
0.14117648
0.12156863
0.13725491
0.16862746
0.16078432
0.09019608
0.10588235
0.13333334
0.15294118
0.10196079
0.11372549
0.10588235
0.12156863
0.12941177
0.12549020
0.21176471
0.25098041
0.22352941
0.23921569
0.29803923
0.18039216
0.16862746
0.12156863
0.10588235
0.06274510
0.06666667
0.06666667
0.23137255
0.14901961
0.10980392
0.17254902
0.17254902
0.14509805
0.11372549
0.13333334
0.14117648
0.20000000
0.15294118
0.15294118
0.09411765
0.07058824
0.01960784
0.05098039
0.07843138
0.15686275
0.21568628
0.22745098
0.51372552
0.43921569
0.44313726
0.45882353
0.33333334
0.16078432
0.17647059
0.14509805
0.18823530
0.11764706
0.02745098
0.09411765
0.24313726
0.18431373
0.16470589
0.19215687
0.12156863
0.10196079
0.10196079
0.09019608
0.07843138
0.11764706
0.10588235
0.10588235
0.05882353
0.03921569
0.01176471
0.06666667
0.08627451
0.17254902
0.20392157
0.28627452
0.61568630
0.40392157
0.38039216
0.65490198
0.33333334
0.14117648
0.15294118
0.18431373
0.26274511
0.21960784
0.02352941
0.10196079
0.23921569
0.18039216
0.28627452
0.21176471
0.10196079
0.08235294
0.08627451
0.07843138
0.05098039
0.05098039
0.07058824
0.09411765
0.07450981
0.03529412
0.05490196
0.10588235
0.06666667
0.14117648
0.16862746
0.27843139
0.58823532
0.38431373
0.22745098
0.56078434
0.29411766
0.13725491
0.20000000
0.21568628
0.22745098
0.20000000
0.07450981
0.07843138
0.23137255
0.21960784
0.30196080
0.21176471
0.05098039
0.03921569
0.09803922
0.08235294
0.05098039
0.06274510
0.07450981
0.10196079
0.09411765
0.03529412
0.06274510
0.09803922
0.05098039
0.12549020
0.18431373
0.29411766
0.61176473
0.38431373
0.16470589
0.38039216
0.20392157
0.09411765
0.22745098
0.23921569
0.20392157
0.16078432
0.15686275
0.08627451
0.25882354
0.30588236
0.32941177
0.25882354
0.08235294
0.07058824
0.08235294
0.04313726
0.03529412
0.05882353
0.06666667
0.09411765
0.10588235
0.04313726
0.05882353
0.09803922
0.07843138
0.18039216
0.23921569
0.29411766
0.53725493
0.36078432
0.10588235
0.27843139
0.21960784
0.09803922
0.25882354
0.23137255
0.21568628
0.16862746
0.17254902
0.13333334
0.19215687
0.37254903
0.40392157
0.30196080
0.18431373
0.12549020
0.10980392
0.05490196
0.04313726
0.06274510
0.07843138
0.11764706
0.09803922
0.02745098
0.06666667
0.10980392
0.10980392
0.21568628
0.29019609
0.30588236
0.45882353
0.30980393
0.03921569
0.19215687
0.26666668
0.17647059
0.16470589
0.23137255
0.28235295
0.20392157
0.19215687
0.21568628
0.10588235
0.31764707
0.45882353
0.36078432
0.24705882
0.16078432
0.14901961
0.05098039
0.04705882
0.09803922
0.14117648
0.19215687
0.19607843
0.07450981
0.04313726
0.11764706
0.12941177
0.22745098
0.26666668
0.27058825
0.47058824
0.21960784
0.00000000
0.14117648
0.23921569
0.19215687
0.15294118
0.17254902
0.29411766
0.26274511
0.18431373
0.18823530
0.10980392
0.16862746
0.39607844
0.36078432
0.21568628
0.16862746
0.13725491
0.05098039
0.04313726
0.12156863
0.16862746
0.21960784
0.33725491
0.25882354
0.05098039
0.10588235
0.18431373
0.27058825
0.23529412
0.23137255
0.39215687
0.10196079
0.02745098
0.16470589
0.22352941
0.16862746
0.22352941
0.12156863
0.20392157
0.24705882
0.14901961
0.12549020
0.13725491
0.14901961
0.32549021
0.30980393
0.19215687
0.20392157
0.18823530
0.07450981
0.05490196
0.10980392
0.17254902
0.21568628
0.34509805
0.30196080
0.05490196
0.11372549
0.28627452
0.30588236
0.25490198
0.27450982
0.31372550
0.09411765
0.06274510
0.17647059
0.20784314
0.22745098
0.22745098
0.11372549
0.15294118
0.19607843
0.15294118
0.20000000
0.24313726
0.20784314
0.24705882
0.23921569
0.18431373
0.21176471
0.32156864
0.16078432
0.07450981
0.11764706
0.16470589
0.18823530
0.28627452
0.25098041
0.09803922
0.08627451
0.30980393
0.33725491
0.23921569
0.18039216
0.14509805
0.05098039
0.06274510
0.15686275
0.18431373
0.28235295
0.19607843
0.23529412
0.20000000
0.15686275
0.14901961
0.17254902
0.26274511
0.28235295
0.18823530
0.17254902
0.23529412
0.16470589
0.30588236
0.25882354
0.07058824
0.07843138
0.12156863
0.23921569
0.31764707
0.38431373
0.36078432
0.11372549
0.27058825
0.38431373
0.32156864
0.17647059
0.04705882
0.03529412
0.12549020
0.27450982
0.21176471
0.21176471
0.18431373
0.31372550
0.27058825
0.16862746
0.18823530
0.15294118
0.11372549
0.20000000
0.21960784
0.08235294
0.23529412
0.18431373
0.22352941
0.29803923
0.04313726
0.01960784
0.09803922
0.24705882
0.22745098
0.29803923
0.24705882
0.12156863
0.21960784
0.32941177
0.35294119
0.34509805
0.14901961
0.09019608
0.32941177
0.44313726
0.35686275
0.18431373
0.19607843
0.17647059
0.09019608
0.13333334
0.18823530
0.22745098
0.16470589
0.14117648
0.16862746
0.06274510
0.08627451
0.15294118
0.20392157
0.33725491
0.10980392
0.06666667
0.08235294
0.12156863
0.14117648
0.13333334
0.07058824
0.05490196
0.14117648
0.30588236
0.31372550
0.36078432
0.16862746
0.12549020
0.32549021
0.67058825
0.45490196
0.19607843
0.12549020
0.14117648
0.09019608
0.07843138
0.14117648
0.20392157
0.20392157
0.25882354
0.22745098
0.12156863
0.10196079
0.19215687
0.27450982
0.23921569
0.05098039
0.03921569
0.05882353
0.03529412
0.11372549
0.13725491
0.10196079
0.07843138
0.10196079
0.27450982
0.40392157
0.37647060
0.18823530
0.11372549
0.20392157
0.38431373
0.21568628
0.12156863
0.13725491
0.12156863
0.11372549
0.09411765
0.09803922
0.19607843
0.20000000
0.31764707
0.27843139
0.11372549
0.13725491
0.24313726
0.38039216
0.24313726
0.07058824
0.09019608
0.12156863
0.07450981
0.14117648
0.16078432
0.08627451
0.12941177
0.09803922
0.15686275
0.39607844
0.41568628
0.27450982
0.14509805
0.15686275
0.09411765
0.08627451
0.14117648
0.17647059
0.19215687
0.16862746
0.15294118
0.08235294
0.22352941
0.23137255
0.22352941
0.20392157
0.07843138
0.13333334
0.18039216
0.37254903
0.21176471
0.07058824
0.07058824
0.12941177
0.09803922
0.07450981
0.05882353
0.03529412
0.11764706
0.09411765
0.06274510
0.25490198
0.41960785
0.30588236
0.16078432
0.12941177
0.15294118
0.10588235
0.12549020
0.22352941
0.14117648
0.15686275
0.12549020
0.09803922
0.15294118
0.10980392
0.09411765
0.13725491
0.09019608
0.16470589
0.14509805
0.37254903
0.20392157
0.05882353
0.02745098
0.09411765
0.11372549
0.06666667
0.08235294
0.07058824
0.13333334
0.11372549
0.08235294
0.13725491
0.35686275
0.23921569
0.07843138
0.10196079
0.13725491
0.13333334
0.14901961
0.25490198
0.06274510
0.06274510
0.06666667
0.07058824
0.11764706
0.10196079
0.07058824
0.12549020
0.09411765
0.20784314
0.17647059
0.31372550
0.18823530
0.18431373
0.15686275
0.08235294
0.14117648
0.05882353
0.05098039
0.07450981
0.19215687
0.13333334
0.10980392
0.13333334
0.26666668
0.21960784
0.03529412
0.07058824
0.12941177
0.16862746
0.21960784
0.17647059
0.09411765
0.09803922
0.08627451
0.07843138
0.09803922
0.05882353
0.04313726
0.09803922
0.11764706
0.16078432
0.18431373
0.23529412
0.05490196
0.29803923
0.41960785
0.12156863
0.14901961
0.10588235
0.09019608
0.06666667
0.14901961
0.12156863
0.09803922
0.10588235
0.16862746
0.17254902
0.08235294
0.25098041
0.39215687
0.24705882
0.14901961
0.16862746
0.14901961
0.14509805
0.07058824
0.09411765
0.06666667
0.03137255
0.05098039
0.09803922
0.16078432
0.20392157
0.22352941
0.18431373
0.05882353
0.23921569
0.37647060
0.16470589
0.12941177
0.12549020
0.14117648
0.17254902
0.09411765
0.06274510
0.08627451
0.14117648
0.21960784
0.16078432
0.16470589
0.47450981
0.53725493
0.33333334
0.12156863
0.10980392
0.16078432
0.14117648
0.11372549
0.17647059
0.15686275
0.10980392
0.12156863
0.12941177
0.15294118
0.22352941
0.20784314
0.23137255
0.24705882
0.20784314
0.26274511
0.22352941
0.15686275
0.11372549
0.14117648
0.14117648
0.07450981
0.08627451
0.15294118
0.20000000
0.25882354
0.14509805
0.20392157
0.35294119
0.34901962
0.26274511
0.24705882
0.07450981
0.11764706
0.14117648
0.11764706
0.07450981
0.16078432
0.23529412
0.18039216
0.21176471
0.13333334
0.18823530
0.24705882
0.21568628
0.15686275
0.20784314
0.29019609
0.26666668
0.18823530
0.20392157
0.18431373
0.14117648
0.07058824
0.08627451
0.20000000
0.29803923
0.16862746
0.06666667
0.14509805
0.13333334
0.28235295
0.23137255
0.37254903
0.07843138
0.11372549
0.20784314
0.20000000
0.12549020
0.14509805
0.19607843
0.10196079
0.19215687
0.23137255
0.18039216
0.22745098
0.19215687
0.10196079
0.16078432
0.19607843
0.18431373
0.20000000
0.25098041
0.18823530
0.10196079
0.07058824
0.06666667
0.12549020
0.23529412
0.12941177
0.08235294
0.20784314
0.26666668
0.32941177
0.25490198
0.37647060
1 0 0 0 -1 0 0 0 0 0 0
0 1 0 0 -1 0 0 0 0 0 0
0 0 1 0 -1 0 0 0 0 0 0
0 0 0 1 -1 0 0 0 0 0 0
0 0 0 0 -1 1 0 0 0 0 0
0 0 0 0 -1 0 1 0 0 0 0
0 0 0 0 -1 0 0 1 0 0 0
0 0 0 0 -1 0 0 0 1 0 0
0 0 0 0 -1 0 0 0 0 1 0
