0.73333335
0.65882355
0.47843137
0.57254905
0.78039217
0.80000001
0.83137256
0.82352942
0.72156864
0.67843139
0.84313726
0.95294118
0.95686275
0.96078432
0.98431373
0.98431373
0.98431373
0.90588236
0.57647061
0.37254903
0.37647060
0.36470589
0.33333334
0.42745098
0.50980395
0.47843137
0.57254905
0.64313728
0.66274512
0.61568630
0.54509807
0.50196081
0.75294119
0.65098041
0.56862748
0.60392159
0.72941178
0.74901962
0.72941178
0.70980394
0.72549021
0.63921571
0.81176472
0.95686275
0.94901961
0.95294118
0.99215686
0.98823529
0.98823529
0.93725491
0.65490198
0.38431373
0.34509805
0.30196080
0.28235295
0.41176471
0.41176471
0.44705883
0.53725493
0.58823532
0.60784316
0.59215689
0.56470591
0.52941179
0.73333335
0.65490198
0.74509805
0.62352943
0.64705884
0.67450982
0.65882355
0.61568630
0.68627453
0.69411767
0.82352942
0.90588236
0.89803922
0.89411765
0.94901961
0.94509804
0.90980393
0.86274511
0.70196080
0.46274510
0.34509805
0.28235295
0.26274511
0.30980393
0.26274511
0.43529412
0.49019608
0.53333336
0.56470591
0.54901963
0.52156866
0.51764709
0.65098041
0.59607846
0.77647060
0.63921571
0.57647061
0.68235296
0.64705884
0.61176473
0.65882355
0.71764708
0.81568629
0.82745099
0.78823531
0.85098040
0.89411765
0.88627452
0.81960785
0.73725492
0.67450982
0.53725493
0.39215687
0.25882354
0.23137255
0.19215687
0.21960784
0.44705883
0.46274510
0.50980395
0.51764709
0.49019608
0.49803922
0.54509807
0.55294120
0.46274510
0.66666669
0.64313728
0.38823530
0.61960787
0.60784316
0.56078434
0.59607846
0.68235296
0.79607844
0.76862746
0.66666669
0.78431374
0.82745099
0.85098040
0.76862746
0.60784316
0.60392159
0.55686277
0.45098040
0.29019609
0.20784314
0.17254902
0.28235295
0.45098040
0.47450981
0.49019608
0.47843137
0.47450981
0.50196081
0.53725493
0.52156866
0.45098040
0.54509807
0.70196080
0.36862746
0.38039216
0.58431375
0.45882353
0.51372552
0.64313728
0.76862746
0.72941178
0.64313728
0.78039217
0.76078433
0.85098040
0.73333335
0.50588238
0.51372552
0.54509807
0.43529412
0.27450982
0.19215687
0.18431373
0.32156864
0.42352942
0.45490196
0.46274510
0.45882353
0.46666667
0.45490196
0.50980395
0.45882353
0.37254903
0.45098040
0.74117649
0.64313728
0.24313726
0.50588238
0.43529412
0.39215687
0.62745100
0.69019610
0.72156864
0.58823532
0.76470590
0.77254903
0.84705883
0.75686276
0.50980395
0.40000001
0.41960785
0.30980393
0.18823530
0.15294118
0.18039216
0.33333334
0.37647060
0.39215687
0.40784314
0.41568628
0.37254903
0.40784314
0.52156866
0.41960785
0.52549022
0.69019610
0.85490197
0.94901961
0.55686277
0.38823530
0.72941178
0.42745098
0.48235294
0.59215689
0.76078433
0.64313728
0.65098041
0.74509805
0.78431374
0.74509805
0.52941179
0.28627452
0.25098041
0.25490198
0.18039216
0.19215687
0.18823530
0.36078432
0.42745098
0.31372550
0.30196080
0.30980393
0.24705882
0.44705883
0.55686277
0.44705883
0.52941179
0.67450982
0.82352942
0.97254902
0.90980393
0.44313726
0.70588237
0.60784316
0.28627452
0.49411765
0.73333335
0.75294119
0.80000001
0.85490197
0.86666667
0.81176472
0.57647061
0.25490198
0.19607843
0.32941177
0.23921569
0.21568628
0.34901962
0.40784314
0.30196080
0.18039216
0.23921569
0.24313726
0.23921569
0.46666667
0.53333336
0.40392157
0.28627452
0.31372550
0.50980395
0.90196079
1.00000000
0.63921571
0.34117648
0.36078432
0.21568628
0.51372552
0.69019610
0.78431374
0.86274511
0.89411765
0.90196079
0.81176472
0.58431375
0.27058825
0.19215687
0.32941177
0.30980393
0.26666668
0.40392157
0.33333334
0.16470589
0.07450981
0.19215687
0.17647059
0.25882354
0.44705883
0.44705883
0.36862746
0.22745098
0.34901962
0.70588237
0.94117647
1.00000000
0.85490197
0.52549022
0.27843139
0.32941177
0.61568630
0.70588237
0.78823531
0.85490197
0.91372550
0.92941177
0.86666667
0.58823532
0.25490198
0.20392157
0.30196080
0.31764707
0.24313726
0.28627452
0.18039216
0.07843138
0.12156863
0.12156863
0.10980392
0.28627452
0.41568628
0.33333334
0.35686275
0.45098040
0.67058825
0.91372550
0.94901961
0.97647059
0.96862745
0.84313726
0.49411765
0.38431373
0.54509807
0.69411767
0.64705884
0.73333335
0.92549020
0.94509804
0.86666667
0.59215689
0.23137255
0.18431373
0.29411766
0.28627452
0.24705882
0.23137255
0.09019608
0.08235294
0.17254902
0.11764706
0.12156863
0.29019609
0.30980393
0.24705882
0.25882354
0.49411765
0.74117649
0.82352942
0.86274511
0.90980393
0.89411765
0.80784315
0.60392159
0.41568628
0.48627451
0.57254905
0.45490196
0.50196081
0.80392158
0.93333334
0.82745099
0.55686277
0.18823530
0.16470589
0.28627452
0.28235295
0.26666668
0.16862746
0.07058824
0.18431373
0.21176471
0.16862746
0.22352941
0.27843139
0.22745098
0.31372550
0.24705882
0.27843139
0.51372552
0.66666669
0.72941178
0.81960785
0.80784315
0.73725492
0.60784316
0.37647060
0.39607844
0.41568628
0.43137255
0.41176471
0.41176471
0.68235296
0.70196080
0.44313726
0.12156863
0.15294118
0.27843139
0.30196080
0.29803923
0.18039216
0.15686275
0.23137255
0.20392157
0.25098041
0.23137255
0.21960784
0.22352941
0.43137255
0.33725491
0.34117648
0.27058825
0.46666667
0.60784316
0.69411767
0.72941178
0.69803923
0.56470591
0.45098040
0.41568628
0.37647060
0.44705883
0.60784316
0.44313726
0.33725491
0.41176471
0.38823530
0.16470589
0.12941177
0.26666668
0.31372550
0.35294119
0.27450982
0.24313726
0.24705882
0.22352941
0.18431373
0.14117648
0.22352941
0.31764707
0.48235294
0.30196080
0.32549021
0.25098041
0.23137255
0.41568628
0.50980395
0.51764709
0.51764709
0.44705883
0.45490196
0.46666667
0.41176471
0.41568628
0.71372551
0.69019610
0.30980393
0.45882353
0.58431375
0.36470589
0.13725491
0.20392157
0.35686275
0.40000001
0.27058825
0.30980393
0.31764707
0.24705882
0.07058824
0.18431373
0.28627452
0.42352942
0.49411765
0.26274511
0.15294118
0.22745098
0.23137255
0.30588236
0.36078432
0.39215687
0.41568628
0.33333334
0.29019609
0.36470589
0.39215687
0.39607844
0.61568630
0.56862748
0.48235294
0.81960785
0.73333335
0.47450981
0.21568628
0.11764706
0.35294119
0.31372550
0.18039216
0.26666668
0.26274511
0.11372549
0.14117648
0.30588236
0.38823530
0.45490196
0.43529412
0.29411766
0.14117648
0.14901961
0.23137255
0.25490198
0.30980393
0.40784314
0.42352942
0.35686275
0.25098041
0.25490198
0.29803923
0.32156864
0.40392157
0.44705883
0.73333335
0.86666667
0.70196080
0.46666667
0.29019609
0.20000000
0.32156864
0.18039216
0.16470589
0.18823530
0.14901961
0.11372549
0.25490198
0.33725491
0.41568628
0.44313726
0.40392157
0.28235295
0.17647059
0.20784314
0.24705882
0.31764707
0.38431373
0.41568628
0.40000001
0.35686275
0.25490198
0.16862746
0.17647059
0.20392157
0.25098041
0.48627451
0.72549021
0.74117649
0.63529414
0.41568628
0.28235295
0.30588236
0.28235295
0.10196079
0.16470589
0.16078432
0.11764706
0.14509805
0.25098041
0.29019609
0.37254903
0.44313726
0.43529412
0.23921569
0.22352941
0.37254903
0.30588236
0.29411766
0.45098040
0.47450981
0.47058824
0.40784314
0.27843139
0.11372549
0.12156863
0.18823530
0.27058825
0.43921569
0.53333336
0.54901963
0.49019608
0.32549021
0.27450982
0.34509805
0.22745098
0.08627451
0.17254902
0.14509805
0.10196079
0.11764706
0.23921569
0.29019609
0.34509805
0.39215687
0.38431373
0.22745098
0.19215687
0.20784314
0.18823530
0.36078432
0.60000002
0.61568630
0.71372551
0.54901963
0.18823530
0.15294118
0.16470589
0.20392157
0.30196080
0.36078432
0.34901962
0.36470589
0.33333334
0.25490198
0.30980393
0.36470589
0.17647059
0.10196079
0.17647059
0.09019608
0.08235294
0.11372549
0.22745098
0.30196080
0.33333334
0.33725491
0.33725491
0.25490198
0.20392157
0.18823530
0.31764707
0.56078434
0.69803923
0.69411767
0.84313726
0.60784316
0.13725491
0.33333334
0.27843139
0.23529412
0.28627452
0.31372550
0.28235295
0.32549021
0.26666668
0.25882354
0.37647060
0.32941177
0.16078432
0.16078432
0.15686275
0.05098039
0.08627451
0.13333334
0.23137255
0.20000000
0.26274511
0.31764707
0.29803923
0.33333334
0.23921569
0.23137255
0.30588236
0.34901962
0.36078432
0.49019608
0.83921570
0.57647061
0.16862746
0.44705883
0.25490198
0.29019609
0.35686275
0.28627452
0.22352941
0.32156864
0.27843139
0.32549021
0.37647060
0.22745098
0.11764706
0.18039216
0.12941177
0.03529412
0.08627451
0.15294118
0.16078432
0.05882353
0.13333334
0.28235295
0.28627452
0.32156864
0.33333334
0.25490198
0.26666668
0.24313726
0.21568628
0.48627451
0.83137256
0.49411765
0.21176471
0.47058824
0.20392157
0.26274511
0.43529412
0.41960785
0.27058825
0.30980393
0.32549021
0.37647060
0.27843139
0.13333334
0.07450981
0.12941177
0.10196079
0.05098039
0.07450981
0.12549020
0.08627451
0.05490196
0.10588235
0.19607843
0.25490198
0.25882354
0.35686275
0.39215687
0.34117648
0.36470589
0.45882353
0.54509807
0.69803923
0.36862746
0.27843139
0.43137255
0.21960784
0.25098041
0.37647060
0.50196081
0.36470589
0.28235295
0.34117648
0.31764707
0.19607843
0.08235294
0.05490196
0.05098039
0.05882353
0.06666667
0.11372549
0.10980392
0.15294118
0.20000000
0.17647059
0.12941177
0.20000000
0.34509805
0.32941177
0.39607844
0.37647060
0.31764707
0.29411766
0.30980393
0.44313726
0.27058825
0.37647060
0.38823530
0.27058825
0.27058825
0.31764707
0.38823530
0.40000001
0.29019609
0.32549021
0.26274511
0.15294118
0.07843138
0.05490196
0.03137255
0.04705882
0.07843138
0.12156863
0.10980392
0.18823530
0.14509805
0.09803922
0.05882353
0.07843138
0.52941179
0.45882353
0.37254903
0.35686275
0.30980393
0.23137255
0.28235295
0.37647060
0.34509805
0.38431373
0.33333334
0.27843139
0.27450982
0.23529412
0.21176471
0.31764707
0.30196080
0.32941177
0.22352941
0.15686275
0.10980392
0.05490196
0.04313726
0.03921569
0.08235294
0.11764706
0.12941177
0.11764706
0.05490196
0.02745098
0.01568628
0.01960784
0.68627453
0.56862748
0.48235294
0.40000001
0.29411766
0.28627452
0.29803923
0.33725491
0.29803923
0.34509805
0.31764707
0.27450982
0.27843139
0.31372550
0.26666668
0.22745098
0.30588236
0.32941177
0.20784314
0.17254902
0.12156863
0.06666667
0.07450981
0.04313726
0.05098039
0.10196079
0.09803922
0.05098039
0.01960784
0.01960784
0.02745098
0.01960784
0.67843139
0.60392159
0.55686277
0.47450981
0.33333334
0.36470589
0.33333334
0.26274511
0.20000000
0.31372550
0.32156864
0.32549021
0.32941177
0.41960785
0.32156864
0.17647059
0.26666668
0.28627452
0.20784314
0.17254902
0.12941177
0.11764706
0.11372549
0.07058824
0.07450981
0.08235294
0.03529412
0.02352941
0.01960784
0.01960784
0.02745098
0.01960784
0.67843139
0.70196080
0.66666669
0.56470591
0.47843137
0.47843137
0.43137255
0.31764707
0.23137255
0.21568628
0.24313726
0.26666668
0.27450982
0.29019609
0.19607843
0.12156863
0.21568628
0.26274511
0.22745098
0.19215687
0.21176471
0.24313726
0.23529412
0.25490198
0.26274511
0.16078432
0.06666667
0.05098039
0.03529412
0.02352941
0.03137255
0.02745098
0.80392158
0.82352942
0.76078433
0.72549021
0.67843139
0.59215689
0.58039218
0.49803922
0.40392157
0.33725491
0.30588236
0.32156864
0.36078432
0.34901962
0.27058825
0.22352941
0.29411766
0.35294119
0.31372550
0.26274511
0.28235295
0.36078432
0.44313726
0.49411765
0.45490196
0.37647060
0.26274511
0.14901961
0.04313726
0.03137255
0.03529412
0.02352941
0.83137256
0.79215688
0.75294119
0.78039217
0.79215688
0.71764708
0.68627453
0.64705884
0.62745100
0.63137257
0.55686277
0.53725493
0.58039218
0.61176473
0.49019608
0.43529412
0.47843137
0.46274510
0.41960785
0.41176471
0.50196081
0.51372552
0.41568628
0.38823530
0.46666667
0.50980395
0.46666667
0.36078432
0.20392157
0.09803922
0.05882353
0.03529412
0.61176473
0.59215689
0.47450981
0.53333336
0.71372551
0.75686276
0.80000001
0.78823531
0.67843139
0.63921571
0.82352942
0.94901961
0.95294118
0.96078432
0.98431373
0.98431373
0.98039216
0.85882354
0.50980395
0.32156864
0.34509805
0.33333334
0.30588236
0.38431373
0.45882353
0.43529412
0.52941179
0.60392159
0.62745100
0.58039218
0.51764709
0.47843137
0.65098041
0.60000002
0.52941179
0.54901963
0.67058825
0.70588237
0.69803923
0.68627453
0.68627453
0.60784316
0.79215688
0.95294118
0.94117647
0.94901961
0.98431373
0.97647059
0.98039216
0.90588236
0.59215689
0.32941177
0.30588236
0.27058825
0.25098041
0.37254903
0.37254903
0.41176471
0.49411765
0.55294120
0.57254905
0.55686277
0.53333336
0.50196081
0.67058825
0.61176473
0.69411767
0.54509807
0.58431375
0.63921571
0.63529414
0.59215689
0.65882355
0.66274512
0.80392158
0.89411765
0.86666667
0.85882354
0.91372550
0.90980393
0.88235295
0.81568629
0.63921571
0.40392157
0.29803923
0.25098041
0.23529412
0.28235295
0.24313726
0.40392157
0.44705883
0.49411765
0.52941179
0.51372552
0.49019608
0.48235294
0.61176473
0.56078434
0.73333335
0.56862748
0.51372552
0.64705884
0.62745100
0.59215689
0.64313728
0.69803923
0.79607844
0.80392158
0.74509805
0.80392158
0.85490197
0.83529413
0.76078433
0.67843139
0.61568630
0.47843137
0.33725491
0.23137255
0.20784314
0.17647059
0.20392157
0.41176471
0.42352942
0.47450981
0.48627451
0.45490196
0.46274510
0.50980395
0.51764709
0.43137255
0.63137257
0.59215689
0.34509805
0.56862748
0.58039218
0.54901963
0.58823532
0.66666669
0.78039217
0.73725492
0.61960787
0.73725492
0.77647060
0.77647060
0.68235296
0.52941179
0.54509807
0.49803922
0.39215687
0.25882354
0.18823530
0.16078432
0.26274511
0.41568628
0.43921569
0.45490196
0.45098040
0.44313726
0.46666667
0.50196081
0.49019608
0.42352942
0.53333336
0.65882355
0.32156864
0.33333334
0.53725493
0.44313726
0.50980395
0.62352943
0.74509805
0.68235296
0.58431375
0.71764708
0.68235296
0.74901962
0.62745100
0.41176471
0.44705883
0.48235294
0.38039216
0.24705882
0.17647059
0.17254902
0.29803923
0.38823530
0.41960785
0.42352942
0.43137255
0.43529412
0.42352942
0.47450981
0.43137255
0.35294119
0.44313726
0.71764708
0.58431375
0.21568628
0.44313726
0.39215687
0.37647060
0.60000002
0.64705884
0.65882355
0.52156866
0.66666669
0.65490198
0.72156864
0.63137257
0.40784314
0.32941177
0.36470589
0.27058825
0.17254902
0.14117648
0.16470589
0.30588236
0.34117648
0.36078432
0.38039216
0.39215687
0.34901962
0.38039216
0.48627451
0.40000001
0.51372552
0.67450982
0.82745099
0.90980393
0.53333336
0.33725491
0.62745100
0.37254903
0.43921569
0.52549022
0.68235296
0.55686277
0.54117650
0.61568630
0.65098041
0.61568630
0.41960785
0.22745098
0.20392157
0.20784314
0.16078432
0.18039216
0.17254902
0.33333334
0.40000001
0.29019609
0.28235295
0.29411766
0.23529412
0.41960785
0.51372552
0.41960785
0.50588238
0.65882355
0.80000001
0.95294118
0.87450981
0.39607844
0.57254905
0.47450981
0.23529412
0.42352942
0.63921571
0.63529414
0.67450982
0.71372551
0.73333335
0.68627453
0.46274510
0.20784314
0.15686275
0.25882354
0.19607843
0.19215687
0.31764707
0.38039216
0.28235295
0.16862746
0.22745098
0.23529412
0.23137255
0.43137255
0.49411765
0.37647060
0.27058825
0.30980393
0.49411765
0.87843138
1.00000000
0.60000002
0.25882354
0.26274511
0.17647059
0.43137255
0.55686277
0.63529414
0.72156864
0.75686276
0.77647060
0.68627453
0.46666667
0.21960784
0.15294118
0.24705882
0.24705882
0.22745098
0.36470589
0.30980393
0.15294118
0.07450981
0.18823530
0.17647059
0.24705882
0.41568628
0.41568628
0.34117648
0.21176471
0.32941177
0.67450982
0.92156863
1.00000000
0.82745099
0.45882353
0.23529412
0.27450982
0.50588238
0.55686277
0.61960787
0.70196080
0.81176472
0.82745099
0.74117649
0.47058824
0.20784314
0.16078432
0.21960784
0.25098041
0.19607843
0.25490198
0.16862746
0.07843138
0.11372549
0.11764706
0.10980392
0.27450982
0.38823530
0.30980393
0.32549021
0.41960785
0.62745100
0.87843138
0.93333334
0.96862745
0.95294118
0.77647060
0.42745098
0.30588236
0.41960785
0.53725493
0.49411765
0.57254905
0.84313726
0.88235295
0.74901962
0.48235294
0.19607843
0.13725491
0.21960784
0.21960784
0.19215687
0.20000000
0.08627451
0.08235294
0.16470589
0.10980392
0.11764706
0.27450982
0.29411766
0.23137255
0.23529412
0.47058824
0.71764708
0.80392158
0.83921570
0.88235295
0.85882354
0.74117649
0.52156866
0.32156864
0.35686275
0.42745098
0.35686275
0.38039216
0.71372551
0.87843138
0.73333335
0.47450981
0.16470589
0.11764706
0.20784314
0.21568628
0.21176471
0.14509805
0.06666667
0.17254902
0.19607843
0.15686275
0.21568628
0.27058825
0.22352941
0.30196080
0.22745098
0.25882354
0.49411765
0.64705884
0.70980394
0.78823531
0.75294119
0.67058825
0.52941179
0.27843139
0.27058825
0.30588236
0.35294119
0.32156864
0.36470589
0.64313728
0.64313728
0.39215687
0.10980392
0.10980392
0.20392157
0.23137255
0.23921569
0.15294118
0.14117648
0.21176471
0.18431373
0.23137255
0.22352941
0.21568628
0.21568628
0.41176471
0.31372550
0.32156864
0.24705882
0.43921569
0.58431375
0.66666669
0.68235296
0.64313728
0.47843137
0.33333334
0.27058825
0.25490198
0.32941177
0.43921569
0.33333334
0.30980393
0.39215687
0.35294119
0.15686275
0.10196079
0.20000000
0.23921569
0.30196080
0.24705882
0.20784314
0.21960784
0.20392157
0.17647059
0.13333334
0.21568628
0.30196080
0.45098040
0.28235295
0.30980393
0.23529412
0.21176471
0.39607844
0.48627451
0.49019608
0.47450981
0.36862746
0.32156864
0.30196080
0.26666668
0.29411766
0.47058824
0.50196081
0.29803923
0.45098040
0.54509807
0.33333334
0.12549020
0.16078432
0.29019609
0.36862746
0.25490198
0.26666668
0.27843139
0.23137255
0.07058824
0.16862746
0.26666668
0.40000001
0.45882353
0.25098041
0.13333334
0.20784314
0.21960784
0.28627452
0.34117648
0.36078432
0.36862746
0.27058825
0.18823530
0.22745098
0.25098041
0.28627452
0.41960785
0.38823530
0.44313726
0.78823531
0.67450982
0.41176471
0.18039216
0.09803922
0.31764707
0.30196080
0.17647059
0.23529412
0.21960784
0.10196079
0.12941177
0.28627452
0.36078432
0.42352942
0.40392157
0.28235295
0.13333334
0.13725491
0.21568628
0.23921569
0.28627452
0.36862746
0.38431373
0.30588236
0.17254902
0.15686275
0.18431373
0.22352941
0.27450982
0.32549021
0.66274512
0.80392158
0.62352943
0.38823530
0.22745098
0.17254902
0.29803923
0.17647059
0.16470589
0.16862746
0.12549020
0.10196079
0.22745098
0.30980393
0.38823530
0.40392157
0.37254903
0.27450982
0.17254902
0.20000000
0.22745098
0.29803923
0.36470589
0.38823530
0.36862746
0.29803923
0.18431373
0.11372549
0.11372549
0.14117648
0.17254902
0.34901962
0.61568630
0.65098041
0.54509807
0.32941177
0.21568628
0.27843139
0.27058825
0.09803922
0.15294118
0.14901961
0.10980392
0.13333334
0.21176471
0.24705882
0.33725491
0.40392157
0.40000001
0.22745098
0.20784314
0.34901962
0.29019609
0.27450982
0.43137255
0.45882353
0.44313726
0.33725491
0.20392157
0.08627451
0.09411765
0.12941177
0.18039216
0.30588236
0.41176471
0.43137255
0.38039216
0.23921569
0.21960784
0.32549021
0.22352941
0.07843138
0.16078432
0.13725491
0.09803922
0.11372549
0.21568628
0.24313726
0.29803923
0.36078432
0.34509805
0.21176471
0.17254902
0.18823530
0.16862746
0.33333334
0.57647061
0.60784316
0.69411767
0.49411765
0.14509805
0.10980392
0.12549020
0.14509805
0.21568628
0.26274511
0.25882354
0.26666668
0.23921569
0.18431373
0.27058825
0.34901962
0.17254902
0.09411765
0.16470589
0.09019608
0.07843138
0.11764706
0.23137255
0.27058825
0.28235295
0.29803923
0.29411766
0.23529412
0.18823530
0.16470589
0.29019609
0.52549022
0.67058825
0.67450982
0.81568629
0.56862748
0.11764706
0.25098041
0.22745098
0.20000000
0.22352941
0.24313726
0.21960784
0.24705882
0.18823530
0.20000000
0.34901962
0.30588236
0.15294118
0.15686275
0.14509805
0.05098039
0.08235294
0.14117648
0.23137255
0.18823530
0.22745098
0.26274511
0.25098041
0.30980393
0.21568628
0.19607843
0.27058825
0.32156864
0.34117648
0.46666667
0.79607844
0.53333336
0.15294118
0.37647060
0.22745098
0.25882354
0.32156864
0.24313726
0.17254902
0.25098041
0.20784314
0.28235295
0.34509805
0.20000000
0.10980392
0.17254902
0.12156863
0.03921569
0.08235294
0.15686275
0.16078432
0.05490196
0.12549020
0.23529412
0.23529412
0.30196080
0.30980393
0.21960784
0.22352941
0.21568628
0.19215687
0.45882353
0.78431374
0.44705883
0.18823530
0.42352942
0.18823530
0.23529412
0.41176471
0.39215687
0.23529412
0.24705882
0.25882354
0.33725491
0.24705882
0.10980392
0.06666667
0.11764706
0.09411765
0.05098039
0.07058824
0.12549020
0.09019608
0.05490196
0.09803922
0.17647059
0.21176471
0.24313726
0.32156864
0.34117648
0.28627452
0.31764707
0.42745098
0.51764709
0.64705884
0.32941177
0.24313726
0.39607844
0.20392157
0.22745098
0.34509805
0.47843137
0.34117648
0.23137255
0.29019609
0.28235295
0.17254902
0.07058824
0.05490196
0.04705882
0.05490196
0.06666667
0.10588235
0.10980392
0.15294118
0.20000000
0.16470589
0.12156863
0.17254902
0.33333334
0.29411766
0.33725491
0.31372550
0.26666668
0.25882354
0.28627452
0.40392157
0.23921569
0.32941177
0.35294119
0.25098041
0.24313726
0.29019609
0.36078432
0.36470589
0.25490198
0.29019609
0.23137255
0.12941177
0.06666667
0.05098039
0.03137255
0.04313726
0.07843138
0.11372549
0.10588235
0.18823530
0.13725491
0.09019608
0.05490196
0.07058824
0.50980395
0.41960785
0.30980393
0.28235295
0.24313726
0.18431373
0.24705882
0.33725491
0.29411766
0.31372550
0.29019609
0.25490198
0.24705882
0.21176471
0.18431373
0.27843139
0.26666668
0.30588236
0.20392157
0.12941177
0.09019608
0.05098039
0.03921569
0.03529412
0.07843138
0.10980392
0.12156863
0.11372549
0.05098039
0.02352941
0.01568628
0.01960784
0.65098041
0.50588238
0.39607844
0.31372550
0.22352941
0.22352941
0.24313726
0.29411766
0.25098041
0.27843139
0.27058825
0.24705882
0.24705882
0.27450982
0.21960784
0.18039216
0.26274511
0.30588236
0.19215687
0.14901961
0.10196079
0.05882353
0.06666667
0.04313726
0.04705882
0.09803922
0.09803922
0.05098039
0.01960784
0.01568628
0.02745098
0.01568628
0.61568630
0.52156866
0.48235294
0.41176471
0.27058825
0.29019609
0.26666668
0.23137255
0.17254902
0.25882354
0.27058825
0.27843139
0.28627452
0.36470589
0.27450982
0.14117648
0.23921569
0.27058825
0.18823530
0.14901961
0.11372549
0.09803922
0.09411765
0.06274510
0.07450981
0.07843138
0.03529412
0.02352941
0.02352941
0.01960784
0.02745098
0.01960784
0.60000002
0.65490198
0.65098041
0.53725493
0.41176471
0.39215687
0.36078432
0.27450982
0.20000000
0.18823530
0.20784314
0.22745098
0.23137255
0.25490198
0.16862746
0.10980392
0.20000000
0.25490198
0.20784314
0.15686275
0.17647059
0.18823530
0.19215687
0.24313726
0.25490198
0.15686275
0.06666667
0.04705882
0.03529412
0.02352941
0.03137255
0.02745098
0.76078433
0.81568629
0.75294119
0.67450982
0.61176473
0.51764709
0.52156866
0.44313726
0.36078432
0.32156864
0.28235295
0.28235295
0.31372550
0.29803923
0.22745098
0.19215687
0.26666668
0.33333334
0.27058825
0.20784314
0.24313726
0.31764707
0.41960785
0.47843137
0.43137255
0.35294119
0.25490198
0.14509805
0.03921569
0.03137255
0.03529412
0.02352941
0.82745099
0.79607844
0.71372551
0.68235296
0.70196080
0.66274512
0.66666669
0.59607846
0.58823532
0.58039218
0.49803922
0.48235294
0.51764709
0.54117650
0.42352942
0.37647060
0.42745098
0.41568628
0.35686275
0.37647060
0.49411765
0.51372552
0.41176471
0.37647060
0.45098040
0.48627451
0.44705883
0.34509805
0.19607843
0.09411765
0.05882353
0.03137255
0.56862748
0.53725493
0.46666667
0.51372552
0.65098041
0.71372551
0.75686276
0.74901962
0.64313728
0.60784316
0.80784315
0.93725491
0.93725491
0.95686275
0.98431373
0.98431373
0.97254902
0.82352942
0.43529412
0.24705882
0.29803923
0.29019609
0.25098041
0.32156864
0.40392157
0.38039216
0.48627451
0.56470591
0.59215689
0.55294120
0.48627451
0.45490196
0.60000002
0.54901963
0.49411765
0.50980395
0.61568630
0.67058825
0.66274512
0.65882355
0.66666669
0.59607846
0.78039217
0.93725491
0.92156863
0.92941177
0.96862745
0.96470588
0.96078432
0.86274511
0.50980395
0.24705882
0.25098041
0.22352941
0.19607843
0.30196080
0.31764707
0.35686275
0.44705883
0.50980395
0.53725493
0.52549022
0.50196081
0.48235294
0.61960787
0.56862748
0.64705884
0.47450981
0.53333336
0.61568630
0.61568630
0.57647061
0.64313728
0.65490198
0.78823531
0.85882354
0.82745099
0.81568629
0.86274511
0.86666667
0.85882354
0.78039217
0.56078434
0.31372550
0.22745098
0.20392157
0.18431373
0.22352941
0.20392157
0.35686275
0.40392157
0.45490196
0.49803922
0.48235294
0.46274510
0.46666667
0.55686277
0.51372552
0.69803923
0.50196081
0.46666667
0.63137257
0.61176473
0.57254905
0.63529414
0.68627453
0.77647060
0.76862746
0.70196080
0.75294119
0.79215688
0.77647060
0.72549021
0.62745100
0.52549022
0.38431373
0.25490198
0.18823530
0.16470589
0.14117648
0.16862746
0.36078432
0.38039216
0.43137255
0.45098040
0.42352942
0.43137255
0.48627451
0.45882353
0.38823530
0.60000002
0.55686277
0.31764707
0.53333336
0.55294120
0.54117650
0.58431375
0.64705884
0.76078433
0.70588237
0.58823532
0.69019610
0.71372551
0.70588237
0.61176473
0.44705883
0.44705883
0.40392157
0.30980393
0.21176471
0.15686275
0.12941177
0.21568628
0.35686275
0.38823530
0.41176471
0.40784314
0.40784314
0.43529412
0.47450981
0.43137255
0.37647060
0.50196081
0.62352943
0.29411766
0.28627452
0.48627451
0.43921569
0.50980395
0.60392159
0.72549021
0.64313728
0.55294120
0.65882355
0.61176473
0.67058825
0.54901963
0.30980393
0.34117648
0.39215687
0.29019609
0.18823530
0.14509805
0.13333334
0.23921569
0.32156864
0.36470589
0.37647060
0.38431373
0.39607844
0.38823530
0.44313726
0.38039216
0.31764707
0.42745098
0.69019610
0.54117650
0.21176471
0.38039216
0.35294119
0.37254903
0.58431375
0.61960787
0.60392159
0.47843137
0.57647061
0.56078434
0.63137257
0.54901963
0.30980393
0.23137255
0.27450982
0.19607843
0.12549020
0.10588235
0.12941177
0.25098041
0.28627452
0.30980393
0.32549021
0.34509805
0.31372550
0.34117648
0.44705883
0.34901962
0.50196081
0.65882355
0.79215688
0.85882354
0.53333336
0.29803923
0.51764709
0.30980393
0.39215687
0.47058824
0.60392159
0.48627451
0.45882353
0.50980395
0.54901963
0.52156866
0.31764707
0.14509805
0.14117648
0.13725491
0.11764706
0.14509805
0.13333334
0.27450982
0.34509805
0.25882354
0.24705882
0.25882354
0.20392157
0.38039216
0.47843137
0.36470589
0.46666667
0.63137257
0.76470590
0.90980393
0.84313726
0.37647060
0.43137255
0.34509805
0.17647059
0.36078432
0.54901963
0.53333336
0.56470591
0.60000002
0.62352943
0.60000002
0.36078432
0.13333334
0.11764706
0.16862746
0.12549020
0.14117648
0.27058825
0.31764707
0.23529412
0.14509805
0.19607843
0.19607843
0.20000000
0.39607844
0.45098040
0.32549021
0.25098041
0.31764707
0.49411765
0.84705883
0.97647059
0.57254905
0.20000000
0.19215687
0.15294118
0.36862746
0.45490196
0.51372552
0.59215689
0.63921571
0.68235296
0.60000002
0.36862746
0.14901961
0.10588235
0.14901961
0.15686275
0.16078432
0.30588236
0.25882354
0.12549020
0.05098039
0.16470589
0.15294118
0.22352941
0.37647060
0.37254903
0.27843139
0.18823530
0.32941177
0.66274512
0.89411765
0.99607843
0.79607844
0.41568628
0.21568628
0.24313726
0.42352942
0.45098040
0.47843137
0.56078434
0.70588237
0.74509805
0.66274512
0.39607844
0.15294118
0.11372549
0.13725491
0.17254902
0.12941177
0.19215687
0.14117648
0.06274510
0.09411765
0.10196079
0.09411765
0.24313726
0.35294119
0.28235295
0.27843139
0.37254903
0.58823532
0.83921570
0.89019608
0.95294118
0.92156863
0.69803923
0.36078432
0.23137255
0.32941177
0.43137255
0.38823530
0.45098040
0.76470590
0.82352942
0.67450982
0.42352942
0.15686275
0.09411765
0.14901961
0.15294118
0.12941177
0.14901961
0.07450981
0.06666667
0.14117648
0.09411765
0.09803922
0.23921569
0.26666668
0.21176471
0.20392157
0.43529412
0.68235296
0.76078433
0.80000001
0.84705883
0.80784315
0.66666669
0.42352942
0.24313726
0.27058825
0.31764707
0.30196080
0.31764707
0.64705884
0.84313726
0.68235296
0.43921569
0.13725491
0.07843138
0.14901961
0.15294118
0.14901961
0.10588235
0.05098039
0.14117648
0.16078432
0.13333334
0.19215687
0.24313726
0.20000000
0.27058825
0.18431373
0.21960784
0.45098040
0.60392159
0.67450982
0.74509805
0.69411767
0.59607846
0.43529412
0.19215687
0.17254902
0.20392157
0.30980393
0.30196080
0.33725491
0.63921571
0.63921571
0.38431373
0.09411765
0.07450981
0.15686275
0.16470589
0.18039216
0.11372549
0.10196079
0.16470589
0.14509805
0.19607843
0.19607843
0.19607843
0.19215687
0.36470589
0.25490198
0.27058825
0.21176471
0.40784314
0.54901963
0.63137257
0.63529414
0.57254905
0.37647060
0.19607843
0.14509805
0.15686275
0.27843139
0.40784314
0.32941177
0.34117648
0.42352942
0.35686275
0.14117648
0.07843138
0.15294118
0.16862746
0.25490198
0.19215687
0.14509805
0.17254902
0.14901961
0.14117648
0.11372549
0.19607843
0.26274511
0.40000001
0.21568628
0.27450982
0.18431373
0.18431373
0.35686275
0.44705883
0.44705883
0.41960785
0.27843139
0.17647059
0.15294118
0.14509805
0.22352941
0.41568628
0.47843137
0.33333334
0.48235294
0.54509807
0.30196080
0.09411765
0.11764706
0.22352941
0.34901962
0.21176471
0.17254902
0.19607843
0.18431373
0.04705882
0.14901961
0.23529412
0.34901962
0.40784314
0.17647059
0.11764706
0.16862746
0.18039216
0.24705882
0.29803923
0.30980393
0.31372550
0.20392157
0.09411765
0.11764706
0.13333334
0.20392157
0.37254903
0.34117648
0.42352942
0.77254903
0.64705884
0.36470589
0.14117648
0.07450981
0.27843139
0.30588236
0.16862746
0.17647059
0.14509805
0.07058824
0.09803922
0.23529412
0.31764707
0.38431373
0.34901962
0.18823530
0.11372549
0.10980392
0.17647059
0.19607843
0.23921569
0.32156864
0.34901962
0.23921569
0.09411765
0.09019608
0.10196079
0.15294118
0.24313726
0.27843139
0.60784316
0.74901962
0.56078434
0.32156864
0.17647059
0.13725491
0.28627452
0.17254902
0.15294118
0.14509805
0.09019608
0.07058824
0.18039216
0.25490198
0.33725491
0.36078432
0.32156864
0.17647059
0.14509805
0.16470589
0.19215687
0.25882354
0.32549021
0.35686275
0.33333334
0.23137255
0.10980392
0.06666667
0.06666667
0.09019608
0.14117648
0.27450982
0.52941179
0.57647061
0.47058824
0.25490198
0.15686275
0.24705882
0.26274511
0.07843138
0.13333334
0.12156863
0.08235294
0.10196079
0.15294118
0.19215687
0.28235295
0.34509805
0.35686275
0.16470589
0.17647059
0.29411766
0.25490198
0.24705882
0.40000001
0.43529412
0.41960785
0.26274511
0.12156863
0.05098039
0.05882353
0.07843138
0.11372549
0.21176471
0.30588236
0.33725491
0.30196080
0.16862746
0.16470589
0.30980393
0.21176471
0.05882353
0.13333334
0.11372549
0.07450981
0.09803922
0.17647059
0.17254902
0.22745098
0.29803923
0.29411766
0.17647059
0.14509805
0.14901961
0.14117648
0.30196080
0.54901963
0.59215689
0.67843139
0.42352942
0.08627451
0.05882353
0.07843138
0.10196079
0.14117648
0.17647059
0.17254902
0.18039216
0.17254902
0.12549020
0.22745098
0.33333334
0.16078432
0.07843138
0.13725491
0.06666667
0.05882353
0.10196079
0.20784314
0.21568628
0.20392157
0.23137255
0.22352941
0.19607843
0.16078432
0.12941177
0.24313726
0.49019608
0.64705884
0.65882355
0.80000001
0.53333336
0.08235294
0.16078432
0.16078432
0.15294118
0.15294118
0.16078432
0.15686275
0.16470589
0.12156863
0.14509805
0.31764707
0.28235295
0.14509805
0.14509805
0.11764706
0.03137255
0.05882353
0.13333334
0.22352941
0.16862746
0.17254902
0.18823530
0.17647059
0.25882354
0.18431373
0.15294118
0.21568628
0.29411766
0.31764707
0.45098040
0.76470590
0.49411765
0.11764706
0.29803923
0.18431373
0.21176471
0.25490198
0.17647059
0.11764706
0.16862746
0.12941177
0.22745098
0.32156864
0.16078432
0.09411765
0.16078432
0.09411765
0.02352941
0.05882353
0.14901961
0.15294118
0.04705882
0.10196079
0.16862746
0.16470589
0.27058825
0.26274511
0.16078432
0.15294118
0.16470589
0.15686275
0.43529412
0.73725492
0.39607844
0.16862746
0.37647060
0.15686275
0.18823530
0.36078432
0.34117648
0.18431373
0.16862746
0.17254902
0.27843139
0.21176471
0.06274510
0.05098039
0.10196079
0.06666667
0.03137255
0.04705882
0.11372549
0.07843138
0.05098039
0.09019608
0.14117648
0.15294118
0.23137255
0.28627452
0.25098041
0.19215687
0.25882354
0.38431373
0.47843137
0.59607846
0.29019609
0.20784314
0.34901962
0.16078432
0.17254902
0.29803923
0.43529412
0.29019609
0.17647059
0.22352941
0.22352941
0.12549020
0.03137255
0.03137255
0.02745098
0.03137255
0.04313726
0.07450981
0.10196079
0.14117648
0.18431373
0.14901961
0.10196079
0.13725491
0.32156864
0.26666668
0.27058825
0.23529412
0.19607843
0.21176471
0.24705882
0.36862746
0.20392157
0.27058825
0.29803923
0.20784314
0.18823530
0.24705882
0.32156864
0.31372550
0.21176471
0.24313726
0.18431373
0.09411765
0.03921569
0.03529412
0.01960784
0.02745098
0.05098039
0.08627451
0.09019608
0.16470589
0.11764706
0.07843138
0.04313726
0.05490196
0.49411765
0.38823530
0.25882354
0.21176471
0.16862746
0.13725491
0.18431373
0.26274511
0.23137255
0.24705882
0.23529412
0.20784314
0.19215687
0.17647059
0.16078432
0.23921569
0.21960784
0.26274511
0.16470589
0.09411765
0.05882353
0.03529412
0.02352941
0.02352941
0.05490196
0.07843138
0.09411765
0.09019608
0.03921569
0.01960784
0.01176471
0.01568628
0.63921571
0.47843137
0.34117648
0.23921569
0.14901961
0.15294118
0.16470589
0.21960784
0.19215687
0.19215687
0.20784314
0.20000000
0.19215687
0.21176471
0.17647059
0.14509805
0.21960784
0.26666668
0.15686275
0.10588235
0.07058824
0.03529412
0.03921569
0.02745098
0.03529412
0.06274510
0.07058824
0.03921569
0.01568628
0.01568628
0.02352941
0.01568628
0.59607846
0.49411765
0.42745098
0.33725491
0.18823530
0.17647059
0.16862746
0.16078432
0.12941177
0.18431373
0.19607843
0.21568628
0.21960784
0.29803923
0.21568628
0.10588235
0.20392157
0.24313726
0.16078432
0.10588235
0.08235294
0.06666667
0.05882353
0.04705882
0.05882353
0.05882353
0.02745098
0.02352941
0.01960784
0.01568628
0.02352941
0.01568628
0.58039218
0.62352943
0.59607846
0.47058824
0.32156864
0.25098041
0.22352941
0.16470589
0.10980392
0.13333334
0.16470589
0.16470589
0.17647059
0.20784314
0.12941177
0.08235294
0.17647059
0.23921569
0.17254902
0.10588235
0.12941177
0.13725491
0.14901961
0.22745098
0.23921569
0.13725491
0.05490196
0.04313726
0.03137255
0.02352941
0.03137255
0.02352941
0.73725492
0.77254903
0.69411767
0.62745100
0.54117650
0.40784314
0.40000001
0.27843139
0.21568628
0.24313726
0.23137255
0.24313726
0.26274511
0.25490198
0.18823530
0.14901961
0.23137255
0.29803923
0.19215687
0.13333334
0.18431373
0.27058825
0.39215687
0.46274510
0.41568628
0.32549021
0.23529412
0.14117648
0.03529412
0.02352941
0.02745098
0.01960784
0.79215688
0.74509805
0.65490198
0.63529414
0.64313728
0.61960787
0.60392159
0.43921569
0.47058824
0.49411765
0.41960785
0.43529412
0.47058824
0.50196081
0.38039216
0.31372550
0.37647060
0.35686275
0.25882354
0.31764707
0.48627451
0.51372552
0.41176471
0.37254903
0.44313726
0.46666667
0.43529412
0.33725491
0.18431373
0.08235294
0.05098039
0.03137255
1 0 0 -1 0 0 0 0 0 0 0
0 1 0 -1 0 0 0 0 0 0 0
0 0 1 -1 0 0 0 0 0 0 0
0 0 0 -1 1 0 0 0 0 0 0
0 0 0 -1 0 1 0 0 0 0 0
0 0 0 -1 0 0 1 0 0 0 0
0 0 0 -1 0 0 0 1 0 0 0
0 0 0 -1 0 0 0 0 1 0 0
0 0 0 -1 0 0 0 0 0 1 0
