0.49803922
0.46274510
0.42745098
0.46666667
0.43137255
0.32941177
0.32156864
0.29803923
0.28235295
0.23137255
0.15686275
0.13333334
0.14901961
0.21176471
0.22745098
0.18039216
0.09019608
0.07450981
0.09803922
0.13333334
0.19607843
0.27450982
0.32941177
0.34901962
0.34117648
0.33333334
0.33725491
0.33725491
0.33333334
0.32549021
0.31372550
0.31372550
0.50588238
0.48627451
0.48235294
0.49803922
0.42352942
0.27450982
0.19215687
0.15686275
0.14901961
0.08235294
0.03137255
0.05490196
0.39215687
0.63137257
0.61568630
0.57647061
0.22352941
0.00784314
0.02352941
0.03137255
0.06274510
0.11764706
0.21176471
0.30980393
0.35294119
0.37647060
0.38431373
0.38039216
0.38039216
0.37647060
0.36862746
0.36078432
0.47058824
0.47843137
0.50588238
0.51372552
0.40392157
0.21568628
0.09019608
0.10588235
0.13725491
0.05098039
0.04313726
0.11372549
0.61568630
0.88235295
0.83137256
0.79607844
0.34117648
0.03137255
0.03921569
0.10588235
0.10588235
0.07843138
0.12549020
0.17647059
0.23137255
0.31372550
0.37647060
0.38431373
0.39215687
0.39607844
0.39215687
0.37254903
0.29019609
0.42745098
0.50980395
0.50980395
0.37254903
0.17647059
0.05882353
0.05098039
0.06666667
0.03137255
0.07450981
0.16862746
0.54901963
0.90588236
0.93333334
0.77647060
0.25098041
0.02745098
0.02745098
0.08627451
0.11372549
0.04313726
0.08235294
0.09019608
0.09411765
0.18823530
0.32941177
0.37647060
0.38823530
0.39607844
0.39215687
0.38039216
0.14509805
0.38431373
0.50980395
0.48627451
0.31764707
0.19215687
0.07843138
0.05490196
0.02352941
0.06274510
0.14117648
0.17647059
0.43529412
0.89803922
0.97254902
0.63529414
0.20392157
0.06274510
0.01568628
0.03529412
0.09019608
0.03921569
0.05490196
0.09019608
0.05098039
0.08627451
0.21568628
0.35294119
0.41176471
0.42352942
0.40392157
0.39215687
0.13333334
0.37647060
0.49019608
0.38039216
0.20392157
0.13333334
0.07450981
0.05490196
0.05882353
0.12549020
0.09803922
0.10588235
0.42745098
0.94509804
0.91372550
0.41176471
0.16862746
0.12156863
0.04705882
0.03137255
0.07058824
0.06666667
0.10588235
0.13333334
0.05490196
0.05098039
0.08627451
0.23529412
0.39607844
0.43137255
0.41568628
0.38431373
0.13333334
0.35686275
0.42745098
0.21960784
0.07450981
0.04705882
0.07058824
0.05098039
0.13333334
0.20000000
0.09803922
0.06666667
0.47450981
0.98431373
0.73333335
0.20000000
0.09803922
0.10196079
0.13725491
0.06666667
0.04313726
0.05882353
0.06274510
0.11372549
0.09019608
0.07450981
0.05098039
0.09411765
0.26666668
0.38039216
0.40392157
0.38431373
0.16470589
0.33725491
0.31372550
0.12549020
0.05098039
0.03529412
0.05098039
0.08235294
0.15686275
0.23529412
0.18823530
0.12941177
0.60000002
1.00000000
0.57254905
0.11764706
0.07058824
0.12156863
0.19215687
0.11372549
0.05098039
0.03921569
0.03137255
0.04313726
0.08627451
0.07843138
0.03921569
0.05098039
0.09803922
0.21568628
0.29803923
0.33725491
0.18431373
0.27843139
0.19215687
0.10196079
0.08235294
0.04313726
0.05098039
0.12549020
0.25098041
0.32941177
0.28627452
0.27450982
0.77647060
0.99607843
0.52941179
0.12549020
0.23921569
0.32549021
0.22745098
0.16078432
0.06274510
0.03529412
0.03529412
0.02745098
0.05098039
0.07058824
0.06666667
0.05098039
0.01960784
0.04705882
0.17254902
0.23921569
0.17254902
0.12549020
0.07058824
0.09019608
0.11764706
0.04705882
0.06274510
0.08235294
0.23529412
0.31764707
0.18823530
0.40000001
0.88627452
0.95294118
0.58431375
0.17254902
0.33333334
0.42745098
0.29411766
0.17254902
0.03921569
0.03529412
0.05490196
0.06666667
0.05882353
0.08627451
0.10980392
0.09019608
0.02352941
0.01176471
0.10196079
0.18823530
0.14509805
0.05882353
0.05098039
0.07843138
0.09411765
0.03529412
0.07058824
0.05882353
0.11764706
0.19215687
0.25882354
0.66274512
0.86274511
0.87058824
0.76470590
0.27843139
0.16470589
0.25490198
0.21568628
0.07058824
0.03137255
0.05490196
0.06274510
0.12156863
0.08235294
0.07843138
0.07450981
0.08627451
0.04705882
0.03137255
0.08235294
0.21176471
0.14901961
0.11372549
0.10196079
0.07058824
0.07843138
0.03529412
0.07843138
0.07450981
0.05098039
0.20784314
0.58431375
0.81568629
0.80392158
0.81960785
0.87058824
0.64705884
0.23529412
0.18823530
0.09803922
0.03529412
0.05098039
0.08235294
0.06666667
0.12549020
0.10980392
0.07843138
0.04313726
0.05882353
0.07058824
0.09019608
0.17254902
0.33725491
0.17647059
0.13725491
0.08235294
0.10196079
0.09803922
0.04313726
0.09019608
0.09019608
0.03921569
0.32549021
0.70980394
0.78431374
0.78431374
0.81176472
0.83921570
0.80392158
0.45098040
0.16470589
0.06274510
0.03921569
0.05882353
0.08627451
0.07843138
0.12941177
0.12941177
0.07843138
0.05098039
0.05098039
0.08235294
0.10196079
0.14117648
0.34117648
0.18039216
0.12156863
0.06666667
0.08235294
0.11764706
0.07058824
0.08627451
0.08235294
0.10980392
0.51372552
0.72941178
0.77647060
0.79607844
0.82352942
0.81176472
0.80000001
0.61568630
0.23529412
0.06274510
0.03529412
0.05882353
0.08235294
0.13725491
0.14117648
0.10980392
0.07058824
0.05098039
0.07450981
0.11372549
0.11764706
0.06666667
0.23529412
0.13725491
0.08235294
0.09803922
0.08627451
0.13725491
0.13725491
0.08235294
0.09411765
0.18039216
0.58431375
0.72941178
0.76470590
0.79607844
0.82352942
0.83137256
0.79607844
0.70196080
0.27843139
0.05882353
0.03921569
0.06274510
0.09803922
0.13725491
0.12156863
0.08627451
0.04313726
0.07058824
0.13725491
0.13333334
0.14117648
0.07058824
0.12549020
0.15294118
0.12156863
0.14117648
0.11372549
0.11764706
0.13725491
0.11372549
0.10196079
0.21568628
0.61568630
0.49019608
0.38823530
0.43137255
0.49803922
0.75294119
0.85098040
0.64313728
0.22745098
0.04705882
0.03529412
0.07450981
0.10588235
0.09803922
0.09803922
0.08627451
0.06274510
0.10196079
0.12156863
0.11764706
0.10980392
0.05882353
0.06666667
0.16470589
0.12941177
0.12156863
0.11372549
0.10980392
0.12549020
0.19215687
0.15294118
0.34509805
0.55294120
0.18431373
0.20000000
0.26274511
0.18039216
0.43529412
0.80000001
0.64705884
0.21960784
0.04705882
0.08235294
0.13333334
0.16470589
0.12549020
0.10588235
0.10196079
0.14509805
0.12941177
0.09019608
0.09411765
0.09411765
0.05490196
0.05882353
0.17254902
0.12941177
0.12941177
0.14117648
0.14509805
0.12549020
0.17647059
0.20392157
0.49411765
0.56078434
0.22352941
0.25098041
0.27450982
0.22745098
0.29803923
0.67843139
0.63921571
0.29019609
0.21176471
0.49019608
0.27058825
0.18039216
0.14117648
0.13333334
0.17254902
0.16862746
0.14117648
0.14901961
0.10196079
0.09411765
0.05882353
0.05490196
0.21568628
0.14901961
0.12549020
0.12941177
0.10980392
0.13333334
0.14901961
0.18039216
0.54509807
0.77647060
0.38823530
0.17254902
0.17254902
0.27058825
0.59607846
0.79607844
0.66274512
0.39607844
0.40000001
0.73333335
0.27058825
0.12941177
0.09411765
0.18039216
0.22745098
0.17647059
0.13725491
0.14117648
0.11764706
0.11372549
0.09019608
0.08627451
0.37254903
0.20392157
0.12549020
0.10588235
0.08627451
0.14117648
0.14901961
0.19215687
0.55294120
0.83921570
0.57647061
0.34901962
0.32941177
0.49411765
0.86666667
0.90196079
0.77647060
0.55294120
0.53333336
0.77254903
0.28627452
0.11372549
0.13333334
0.17647059
0.22745098
0.14509805
0.12549020
0.11372549
0.10196079
0.11372549
0.09803922
0.16078432
0.49411765
0.33725491
0.24705882
0.18039216
0.10980392
0.14117648
0.14901961
0.22352941
0.57647061
0.76862746
0.61176473
0.53333336
0.51764709
0.60392159
0.82352942
0.86666667
0.75294119
0.63921571
0.74117649
0.87843138
0.38431373
0.08627451
0.10588235
0.10980392
0.13333334
0.09019608
0.11372549
0.10980392
0.10588235
0.09803922
0.09411765
0.20392157
0.60392159
0.53725493
0.52156866
0.32549021
0.14509805
0.13333334
0.14117648
0.19215687
0.36470589
0.58823532
0.69803923
0.72156864
0.72549021
0.73725492
0.78431374
0.78039217
0.73725492
0.75294119
0.81960785
0.75686276
0.39607844
0.08235294
0.08235294
0.07843138
0.10980392
0.07450981
0.09411765
0.13333334
0.12156863
0.10588235
0.10588235
0.28627452
0.69411767
0.65490198
0.65098041
0.49019608
0.25098041
0.14117648
0.07843138
0.12156863
0.19607843
0.43921569
0.73725492
0.83137256
0.78431374
0.80784315
0.84705883
0.85098040
0.83137256
0.81960785
0.71764708
0.63137257
0.38039216
0.12549020
0.11764706
0.11764706
0.17647059
0.15686275
0.14509805
0.14901961
0.11372549
0.10196079
0.14901961
0.38431373
0.72941178
0.66666669
0.63529414
0.58039218
0.39215687
0.21568628
0.10196079
0.14117648
0.30588236
0.54509807
0.71372551
0.74509805
0.72549021
0.80392158
0.83529413
0.79215688
0.75294119
0.77254903
0.72941178
0.65882355
0.33725491
0.15294118
0.14509805
0.12549020
0.15686275
0.23529412
0.25098041
0.23921569
0.13333334
0.09803922
0.18823530
0.40000001
0.71372551
0.61176473
0.58431375
0.53725493
0.45098040
0.34117648
0.25098041
0.32941177
0.50196081
0.61568630
0.66666669
0.61176473
0.59215689
0.75686276
0.81176472
0.75294119
0.76078433
0.80000001
0.78039217
0.67843139
0.29411766
0.14117648
0.16078432
0.23137255
0.32941177
0.37254903
0.35686275
0.31372550
0.13725491
0.09411765
0.23137255
0.46274510
0.62745100
0.55294120
0.54117650
0.52941179
0.54117650
0.50196081
0.49411765
0.57254905
0.65882355
0.69411767
0.67058825
0.47450981
0.44705883
0.74901962
0.78823531
0.79607844
0.83137256
0.80784315
0.80000001
0.70588237
0.39215687
0.32941177
0.40784314
0.63529414
0.58431375
0.52941179
0.45490196
0.24705882
0.09411765
0.09411765
0.31372550
0.50588238
0.55294120
0.52549022
0.52941179
0.59215689
0.61568630
0.57647061
0.66274512
0.73725492
0.76862746
0.74509805
0.68235296
0.45098040
0.43529412
0.72549021
0.74117649
0.73725492
0.82352942
0.85882354
0.87843138
0.83529413
0.70980394
0.64705884
0.75294119
0.88627452
0.74901962
0.63529414
0.56470591
0.23921569
0.07058824
0.17254902
0.42352942
0.51764709
0.49803922
0.52156866
0.50196081
0.48235294
0.54117650
0.62745100
0.75294119
0.79607844
0.82745099
0.79215688
0.81568629
0.60784316
0.54509807
0.73725492
0.80784315
0.83137256
0.89803922
0.91764706
0.91764706
0.92549020
0.90196079
0.88627452
0.92156863
0.91764706
0.80784315
0.69019610
0.60000002
0.24705882
0.10196079
0.34901962
0.50196081
0.51372552
0.48627451
0.51372552
0.50196081
0.45490196
0.48235294
0.68235296
0.78431374
0.79215688
0.84313726
0.83529413
0.80784315
0.74509805
0.70196080
0.77647060
0.81568629
0.86274511
0.89803922
0.92156863
0.92941177
0.91764706
0.90588236
0.91372550
0.93333334
0.91372550
0.81568629
0.71372551
0.54509807
0.20784314
0.28235295
0.48627451
0.53333336
0.54901963
0.48235294
0.50588238
0.50980395
0.48627451
0.55294120
0.73333335
0.81960785
0.80784315
0.82745099
0.87058824
0.81568629
0.72941178
0.82352942
0.82745099
0.74901962
0.82352942
0.90196079
0.92941177
0.91764706
0.89019608
0.89411765
0.90980393
0.92941177
0.92156863
0.83137256
0.72549021
0.49019608
0.33333334
0.50980395
0.56078434
0.55686277
0.57647061
0.52549022
0.52549022
0.45098040
0.47450981
0.63921571
0.78823531
0.88235295
0.85882354
0.83137256
0.87450981
0.84705883
0.76862746
0.81960785
0.81176472
0.72941178
0.80392158
0.90196079
0.91372550
0.87843138
0.86666667
0.88235295
0.90196079
0.92549020
0.92156863
0.84705883
0.72156864
0.52549022
0.55294120
0.62745100
0.62745100
0.62745100
0.63137257
0.50980395
0.52156866
0.46274510
0.57254905
0.77254903
0.86274511
0.89803922
0.90196079
0.87450981
0.88627452
0.87058824
0.78823531
0.77254903
0.79215688
0.75686276
0.82352942
0.87058824
0.85882354
0.83529413
0.85098040
0.88235295
0.90588236
0.93333334
0.93725491
0.85882354
0.71372551
0.58039218
0.63921571
0.68235296
0.68235296
0.68235296
0.67450982
0.28627452
0.28235295
0.24313726
0.25882354
0.23529412
0.15686275
0.14901961
0.13333334
0.12941177
0.10196079
0.06274510
0.05490196
0.09411765
0.18039216
0.21176471
0.18823530
0.09019608
0.05490196
0.05490196
0.07058824
0.09411765
0.11764706
0.13333334
0.12941177
0.12549020
0.12156863
0.10980392
0.10980392
0.11764706
0.12156863
0.12156863
0.11764706
0.28235295
0.27843139
0.27843139
0.30196080
0.23921569
0.13333334
0.09411765
0.09803922
0.10588235
0.05098039
0.01960784
0.05490196
0.40000001
0.65490198
0.65098041
0.61960787
0.26274511
0.03529412
0.03529412
0.03529412
0.04705882
0.05882353
0.09803922
0.12941177
0.12156863
0.12156863
0.12941177
0.12941177
0.12941177
0.12941177
0.12549020
0.12549020
0.28235295
0.27058825
0.29411766
0.31764707
0.23921569
0.11372549
0.06274510
0.12549020
0.16078432
0.05098039
0.02352941
0.09019608
0.59607846
0.86666667
0.82352942
0.78431374
0.32941177
0.01960784
0.02745098
0.08627451
0.10196079
0.08235294
0.09803922
0.08627451
0.07450981
0.09803922
0.12941177
0.12941177
0.12941177
0.12549020
0.11764706
0.11372549
0.16862746
0.24313726
0.29803923
0.31372550
0.22745098
0.10588235
0.06274510
0.09803922
0.09411765
0.02745098
0.08235294
0.17647059
0.55294120
0.90980393
0.93333334
0.77254903
0.24705882
0.02745098
0.03137255
0.09411765
0.12156863
0.05882353
0.10980392
0.09803922
0.05490196
0.07058824
0.11372549
0.13725491
0.12941177
0.12156863
0.11372549
0.12156863
0.07843138
0.21960784
0.30196080
0.29411766
0.21568628
0.16862746
0.08627451
0.07843138
0.04313726
0.06666667
0.14901961
0.18431373
0.43921569
0.90196079
0.97254902
0.64705884
0.21568628
0.07450981
0.02745098
0.05098039
0.09803922
0.04313726
0.07450981
0.10980392
0.05490196
0.04705882
0.09019608
0.15294118
0.15294118
0.14901961
0.14509805
0.14117648
0.07843138
0.21960784
0.29803923
0.21960784
0.13725491
0.13333334
0.07450981
0.05882353
0.06274510
0.12549020
0.08627451
0.09019608
0.41568628
0.93725491
0.90196079
0.40784314
0.16862746
0.12156863
0.05098039
0.03137255
0.07058824
0.06666667
0.10588235
0.13333334
0.05490196
0.05490196
0.05490196
0.10980392
0.16862746
0.16078432
0.15294118
0.14509805
0.08235294
0.21960784
0.27450982
0.11372549
0.03921569
0.05098039
0.06666667
0.04313726
0.11372549
0.18039216
0.08235294
0.05490196
0.46666667
0.97647059
0.72156864
0.19215687
0.09019608
0.09803922
0.13333334
0.06274510
0.03921569
0.05882353
0.06274510
0.11764706
0.09019608
0.09019608
0.09019608
0.05098039
0.10980392
0.14901961
0.14901961
0.13725491
0.12156863
0.22352941
0.20784314
0.08627451
0.05490196
0.04313726
0.03921569
0.05490196
0.10980392
0.19215687
0.17254902
0.11764706
0.58823532
0.99607843
0.56078434
0.10196079
0.05490196
0.10588235
0.17647059
0.09411765
0.04313726
0.03921569
0.03137255
0.04313726
0.08627451
0.09411765
0.08235294
0.04705882
0.02745098
0.09019608
0.13333334
0.12941177
0.14509805
0.18431373
0.12156863
0.10588235
0.11372549
0.05098039
0.03921569
0.08627451
0.18431373
0.26666668
0.26666668
0.26274511
0.76470590
0.98431373
0.51764709
0.10588235
0.21176471
0.30196080
0.20392157
0.13333334
0.05098039
0.03529412
0.03529412
0.02745098
0.05098039
0.07058824
0.06274510
0.04705882
0.00784314
0.03137255
0.14117648
0.18039216
0.16862746
0.10588235
0.05098039
0.09411765
0.12549020
0.05098039
0.05882353
0.06666667
0.20392157
0.28627452
0.17254902
0.38823530
0.87450981
0.94509804
0.57254905
0.15686275
0.31764707
0.40784314
0.27058825
0.14901961
0.02745098
0.03529412
0.05490196
0.06666667
0.05882353
0.08235294
0.10196079
0.08627451
0.02745098
0.01960784
0.11372549
0.20000000
0.15686275
0.08627451
0.06666667
0.06666667
0.08627451
0.03921569
0.07450981
0.06274510
0.12156863
0.19215687
0.25098041
0.65098041
0.85098040
0.85882354
0.75294119
0.27058825
0.15294118
0.24313726
0.20000000
0.05490196
0.02352941
0.05490196
0.06274510
0.12156863
0.08235294
0.08235294
0.09019608
0.09411765
0.04705882
0.02745098
0.07058824
0.19607843
0.14117648
0.12941177
0.11372549
0.06274510
0.07058824
0.03921569
0.08235294
0.07843138
0.05490196
0.20784314
0.57254905
0.80392158
0.79215688
0.80784315
0.85882354
0.63529414
0.22352941
0.17254902
0.08235294
0.01960784
0.04313726
0.08235294
0.06666667
0.12549020
0.10980392
0.08235294
0.05882353
0.06666667
0.07450981
0.08627451
0.15686275
0.30196080
0.14117648
0.13333334
0.09019608
0.10196079
0.09411765
0.04705882
0.09411765
0.09411765
0.04313726
0.32549021
0.69803923
0.77254903
0.77254903
0.80000001
0.82745099
0.79215688
0.43921569
0.14901961
0.04705882
0.02352941
0.04705882
0.08627451
0.07843138
0.12941177
0.12941177
0.08235294
0.06274510
0.06274510
0.08627451
0.09803922
0.12549020
0.29411766
0.12549020
0.10588235
0.07058824
0.08627451
0.12156863
0.07450981
0.09019608
0.08627451
0.11372549
0.51372552
0.71764708
0.76470590
0.78431374
0.81176472
0.80000001
0.78823531
0.60392159
0.21960784
0.04705882
0.01960784
0.05098039
0.08235294
0.13333334
0.14117648
0.10980392
0.07058824
0.06274510
0.08235294
0.11764706
0.11372549
0.05098039
0.20000000
0.07843138
0.07058824
0.10588235
0.08627451
0.13333334
0.13333334
0.07450981
0.09019608
0.17647059
0.58039218
0.72156864
0.76078433
0.78823531
0.81568629
0.82352942
0.78823531
0.69019610
0.26666668
0.04313726
0.01960784
0.05490196
0.09803922
0.13725491
0.12156863
0.09019608
0.04705882
0.07843138
0.14117648
0.13333334
0.14117648
0.06274510
0.10588235
0.10196079
0.10980392
0.14901961
0.11372549
0.10196079
0.12156863
0.09803922
0.08627451
0.20392157
0.60784316
0.48235294
0.38431373
0.42745098
0.49019608
0.74509805
0.84313726
0.63137257
0.21176471
0.03137255
0.01960784
0.06666667
0.10980392
0.10196079
0.10196079
0.09019608
0.06666667
0.10588235
0.12549020
0.12156863
0.11372549
0.06274510
0.05490196
0.11372549
0.11764706
0.12549020
0.10980392
0.09803922
0.10980392
0.17647059
0.13725491
0.33333334
0.54117650
0.16862746
0.18431373
0.24705882
0.16470589
0.41960785
0.78823531
0.63529414
0.20784314
0.03529412
0.06666667
0.12549020
0.16862746
0.12941177
0.10980392
0.10588235
0.14901961
0.13333334
0.09411765
0.09803922
0.09803922
0.05882353
0.04313726
0.12156863
0.11764706
0.13333334
0.13725491
0.12941177
0.10980392
0.16078432
0.18823530
0.48235294
0.54509807
0.19215687
0.21960784
0.24313726
0.19607843
0.26666668
0.66274512
0.63137257
0.27843139
0.20000000
0.47843137
0.26666668
0.18431373
0.14509805
0.13725491
0.17647059
0.17254902
0.14509805
0.15294118
0.10588235
0.09803922
0.06274510
0.04313726
0.16078432
0.13725491
0.13333334
0.12941177
0.09803922
0.11764706
0.13333334
0.16470589
0.53725493
0.75686276
0.34901962
0.13333334
0.13333334
0.23137255
0.55686277
0.78039217
0.65490198
0.38431373
0.38823530
0.72549021
0.26666668
0.13333334
0.09803922
0.18431373
0.23137255
0.18039216
0.14117648
0.14901961
0.12549020
0.11764706
0.09411765
0.07450981
0.32941177
0.18431373
0.12156863
0.09411765
0.07058824
0.12941177
0.13333334
0.17254902
0.53333336
0.81176472
0.52156866
0.29019609
0.27058825
0.43529412
0.81176472
0.87450981
0.76470590
0.54117650
0.51764709
0.75294119
0.27450982
0.11372549
0.12941177
0.17254902
0.22352941
0.14509805
0.12156863
0.10980392
0.09803922
0.10980392
0.09411765
0.14509805
0.46666667
0.30980393
0.21960784
0.15294118
0.09803922
0.13333334
0.12941177
0.19215687
0.53725493
0.72156864
0.54901963
0.46274510
0.45098040
0.53333336
0.76078433
0.83137256
0.72941178
0.61176473
0.71372551
0.85098040
0.36470589
0.07058824
0.09019608
0.09411765
0.11764706
0.07450981
0.09803922
0.09411765
0.08627451
0.08235294
0.07843138
0.18431373
0.57647061
0.50980395
0.49411765
0.30196080
0.13333334
0.12941177
0.12156863
0.16078432
0.32549021
0.55294120
0.67058825
0.69411767
0.69803923
0.70980394
0.75686276
0.75294119
0.71372551
0.72549021
0.79215688
0.72941178
0.37254903
0.06666667
0.06666667
0.06274510
0.09019608
0.05882353
0.07843138
0.11372549
0.10588235
0.09019608
0.09019608
0.26274511
0.66666669
0.62745100
0.62352943
0.46274510
0.23921569
0.13725491
0.06274510
0.09411765
0.16078432
0.40784314
0.72156864
0.81960785
0.77254903
0.79607844
0.83529413
0.83137256
0.80784315
0.79607844
0.69019610
0.60392159
0.36078432
0.10980392
0.10196079
0.10196079
0.16078432
0.14117648
0.12941177
0.13333334
0.09803922
0.08627451
0.13333334
0.36078432
0.70196080
0.63921571
0.60784316
0.55294120
0.38431373
0.21568628
0.08627451
0.11372549
0.27450982
0.51372552
0.69411767
0.72941178
0.70588237
0.78431374
0.81176472
0.77254903
0.73333335
0.74901962
0.70588237
0.63529414
0.32156864
0.13725491
0.12941177
0.10980392
0.14117648
0.21960784
0.23921569
0.22745098
0.12156863
0.08627451
0.17647059
0.37647060
0.69019610
0.58431375
0.55294120
0.50588238
0.43137255
0.33725491
0.23529412
0.30196080
0.47450981
0.57647061
0.61176473
0.55686277
0.54901963
0.72156864
0.78431374
0.73333335
0.74117649
0.78039217
0.75686276
0.65490198
0.27058825
0.11764706
0.14117648
0.21568628
0.31372550
0.36078432
0.34509805
0.30196080
0.12549020
0.08235294
0.21960784
0.43921569
0.60784316
0.52941179
0.50980395
0.48627451
0.50980395
0.48235294
0.47058824
0.54509807
0.63921571
0.65098041
0.58039218
0.39607844
0.38823530
0.71372551
0.76862746
0.77254903
0.80784315
0.78431374
0.77647060
0.68627453
0.36078432
0.29411766
0.38039216
0.61568630
0.58039218
0.52549022
0.44313726
0.23529412
0.08235294
0.08235294
0.29803923
0.48235294
0.52941179
0.49411765
0.49019608
0.54117650
0.58039218
0.55294120
0.63921571
0.71372551
0.74509805
0.71764708
0.65098041
0.42352942
0.40784314
0.69803923
0.71372551
0.71372551
0.80000001
0.83529413
0.85490197
0.81176472
0.67450982
0.60784316
0.72549021
0.87058824
0.74117649
0.63137257
0.55294120
0.22745098
0.05882353
0.16078432
0.41176471
0.49411765
0.46666667
0.47843137
0.45098040
0.41960785
0.49803922
0.60392159
0.72941178
0.77254903
0.80000001
0.78039217
0.83137256
0.62352943
0.53725493
0.70980394
0.77254903
0.80000001
0.87450981
0.89411765
0.89411765
0.90196079
0.87058824
0.85098040
0.89019608
0.89803922
0.80000001
0.68627453
0.59215689
0.23529412
0.09019608
0.33725491
0.49019608
0.49019608
0.44705883
0.45882353
0.43921569
0.38823530
0.43529412
0.65882355
0.76078433
0.76862746
0.81960785
0.81960785
0.81176472
0.74509805
0.68627453
0.74901962
0.78431374
0.83529413
0.87450981
0.89803922
0.90588236
0.89411765
0.87450981
0.87843138
0.90196079
0.89803922
0.80784315
0.70980394
0.53333336
0.19607843
0.27058825
0.47843137
0.52156866
0.52549022
0.43137255
0.44705883
0.44705883
0.42352942
0.50980395
0.71372551
0.79607844
0.78431374
0.80392158
0.84313726
0.79215688
0.70196080
0.79607844
0.80000001
0.72156864
0.80000001
0.87843138
0.90588236
0.89411765
0.87058824
0.86666667
0.87843138
0.90196079
0.90196079
0.82352942
0.71764708
0.47843137
0.32156864
0.49411765
0.54509807
0.54117650
0.55294120
0.46274510
0.47450981
0.41176471
0.44705883
0.63137257
0.78431374
0.87058824
0.83921570
0.80392158
0.84313726
0.81960785
0.74509805
0.79607844
0.78823531
0.70588237
0.78039217
0.87843138
0.89019608
0.85490197
0.84705883
0.86666667
0.89019608
0.91372550
0.90980393
0.83529413
0.70980394
0.50196081
0.52549022
0.60000002
0.60000002
0.60000002
0.60392159
0.44705883
0.47843137
0.43529412
0.56078434
0.76862746
0.85490197
0.88627452
0.87843138
0.83921570
0.85098040
0.84705883
0.76470590
0.74901962
0.76470590
0.73333335
0.79607844
0.84705883
0.83137256
0.81176472
0.83137256
0.87058824
0.89803922
0.92549020
0.92549020
0.84705883
0.69803923
0.55294120
0.61176473
0.65490198
0.65490198
0.65098041
0.64705884
0.17254902
0.16078432
0.12549020
0.15294118
0.13333334
0.06666667
0.09411765
0.09411765
0.07450981
0.04313726
0.02352941
0.01568628
0.05490196
0.14117648
0.17647059
0.14117648
0.03921569
0.01176471
0.01960784
0.03921569
0.05490196
0.07058824
0.07843138
0.06274510
0.03529412
0.02745098
0.04313726
0.04705882
0.05098039
0.05098039
0.04313726
0.04313726
0.15686275
0.15686275
0.16470589
0.19607843
0.15294118
0.07450981
0.06666667
0.09411765
0.09803922
0.03921569
0.00784314
0.03529412
0.37254903
0.62352943
0.61960787
0.59215689
0.23921569
0.01568628
0.02352941
0.02745098
0.03529412
0.04313726
0.07058824
0.08235294
0.05490196
0.04313726
0.04705882
0.04313726
0.04313726
0.04313726
0.03529412
0.03529412
0.18823530
0.17647059
0.19215687
0.20392157
0.16470589
0.08627451
0.05098039
0.12941177
0.16078432
0.04705882
0.03137255
0.09411765
0.58823532
0.85098040
0.80392158
0.78823531
0.34117648
0.03137255
0.03921569
0.10196079
0.11372549
0.08235294
0.08235294
0.05882353
0.03921569
0.04705882
0.04313726
0.03921569
0.04313726
0.04313726
0.03529412
0.02745098
0.11764706
0.18431373
0.20784314
0.19215687
0.16078432
0.10588235
0.05882353
0.08627451
0.07058824
0.01176471
0.08235294
0.16862746
0.52941179
0.87450981
0.89411765
0.75686276
0.24313726
0.01960784
0.01960784
0.08627451
0.11764706
0.05098039
0.09019608
0.07450981
0.03921569
0.04313726
0.04313726
0.05882353
0.05882353
0.05882353
0.05098039
0.05098039
0.03529412
0.14901961
0.21568628
0.20392157
0.17647059
0.17647059
0.08235294
0.07058824
0.02745098
0.04705882
0.12941177
0.16470589
0.41568628
0.87058824
0.94117647
0.63137257
0.21176471
0.07058824
0.01960784
0.04313726
0.09411765
0.03529412
0.06666667
0.09803922
0.05490196
0.03921569
0.04313726
0.09019608
0.07450981
0.06666667
0.07058824
0.07058824
0.03137255
0.14117648
0.21960784
0.16078432
0.11764706
0.13725491
0.07450981
0.05882353
0.06274510
0.12156863
0.07058824
0.07058824
0.39607844
0.91764706
0.88627452
0.40392157
0.16862746
0.12156863
0.05098039
0.03137255
0.07058824
0.06666667
0.10588235
0.13333334
0.05490196
0.04705882
0.03137255
0.06274510
0.09411765
0.07450981
0.06666667
0.06274510
0.04313726
0.15294118
0.20784314
0.07058824
0.02352941
0.04705882
0.06666667
0.04705882
0.12156863
0.18039216
0.06666667
0.03529412
0.44705883
0.95686275
0.70588237
0.18431373
0.08627451
0.09019608
0.12549020
0.05490196
0.03529412
0.05882353
0.06274510
0.11764706
0.09019608
0.09019608
0.08235294
0.03137255
0.07058824
0.08627451
0.06666667
0.06274510
0.09019608
0.16862746
0.15686275
0.05490196
0.04313726
0.03921569
0.04313726
0.06274510
0.12549020
0.20000000
0.15686275
0.09803922
0.56862748
0.97647059
0.54117650
0.08627451
0.03921569
0.09019608
0.16078432
0.08235294
0.03529412
0.03921569
0.03137255
0.04313726
0.08627451
0.09019608
0.08235294
0.05098039
0.02352941
0.05882353
0.07843138
0.08235294
0.11372549
0.13725491
0.07843138
0.08627451
0.10980392
0.04705882
0.03921569
0.09803922
0.20784314
0.28235295
0.25098041
0.24313726
0.74509805
0.96470588
0.49803922
0.08627451
0.19215687
0.27843139
0.18039216
0.11372549
0.04313726
0.03529412
0.03529412
0.02745098
0.05490196
0.06666667
0.05490196
0.06274510
0.03137255
0.03137255
0.10980392
0.13725491
0.12941177
0.07450981
0.03137255
0.07843138
0.11372549
0.03921569
0.05098039
0.06274510
0.20392157
0.27843139
0.14509805
0.36078432
0.84705883
0.91372550
0.54509807
0.12941177
0.29411766
0.39215687
0.26274511
0.14509805
0.02745098
0.03529412
0.05490196
0.06666667
0.05882353
0.07843138
0.09803922
0.09019608
0.03921569
0.01960784
0.09019608
0.17254902
0.10980392
0.06666667
0.05490196
0.05098039
0.06274510
0.01960784
0.05490196
0.04313726
0.10196079
0.16862746
0.21568628
0.61568630
0.81568629
0.82352942
0.71764708
0.23921569
0.13333334
0.23137255
0.20000000
0.06274510
0.03137255
0.05490196
0.06274510
0.12156863
0.07843138
0.08235294
0.09019608
0.08627451
0.03529412
0.01568628
0.05098039
0.16862746
0.10196079
0.10980392
0.10196079
0.04313726
0.05098039
0.01960784
0.06274510
0.05882353
0.03529412
0.18431373
0.54117650
0.76862746
0.75686276
0.77254903
0.82352942
0.60392159
0.20000000
0.16078432
0.08235294
0.02745098
0.04705882
0.08235294
0.06666667
0.12549020
0.10980392
0.08235294
0.05882353
0.06274510
0.05882353
0.06666667
0.12941177
0.25098041
0.10980392
0.12156863
0.08235294
0.08235294
0.07058824
0.02745098
0.07450981
0.07450981
0.02352941
0.30196080
0.66274512
0.73725492
0.73725492
0.76470590
0.79215688
0.76078433
0.41568628
0.13725491
0.04705882
0.02745098
0.05490196
0.08627451
0.07843138
0.12941177
0.12941177
0.08235294
0.06274510
0.05490196
0.07058824
0.07450981
0.09411765
0.24313726
0.10196079
0.09803922
0.06274510
0.06274510
0.09411765
0.05490196
0.07058824
0.06666667
0.09411765
0.49019608
0.68627453
0.72941178
0.74901962
0.77647060
0.76470590
0.75686276
0.58039218
0.20784314
0.04705882
0.02352941
0.05882353
0.08235294
0.13725491
0.14117648
0.10980392
0.07450981
0.06274510
0.07843138
0.10588235
0.09019608
0.02352941
0.15686275
0.05490196
0.06274510
0.09803922
0.06274510
0.11764706
0.12549020
0.06666667
0.07450981
0.15686275
0.55686277
0.69411767
0.72941178
0.76078433
0.78823531
0.79607844
0.76078433
0.67058825
0.25490198
0.04313726
0.03137255
0.05882353
0.09019608
0.12941177
0.11372549
0.08235294
0.03921569
0.07058824
0.12941177
0.11764706
0.11764706
0.04313726
0.07450981
0.07450981
0.10196079
0.14117648
0.09411765
0.09411765
0.12941177
0.09803922
0.07450981
0.18039216
0.58039218
0.46274510
0.36470589
0.40784314
0.47058824
0.72549021
0.81960785
0.61176473
0.20000000
0.03137255
0.03137255
0.06274510
0.09019608
0.08235294
0.08235294
0.07058824
0.04705882
0.08627451
0.10588235
0.10196079
0.09411765
0.04313726
0.03137255
0.09019608
0.10980392
0.11764706
0.09019608
0.09019608
0.11764706
0.17647059
0.12549020
0.30980393
0.51372552
0.14901961
0.16862746
0.22745098
0.14509805
0.40000001
0.75686276
0.60392159
0.18431373
0.02352941
0.06274510
0.11764706
0.14901961
0.10980392
0.09019608
0.08627451
0.12941177
0.11372549
0.07450981
0.07843138
0.07843138
0.03921569
0.02352941
0.09803922
0.10980392
0.12549020
0.11764706
0.12549020
0.11764706
0.16078432
0.17647059
0.45490196
0.52156866
0.18039216
0.20784314
0.23137255
0.18431373
0.25490198
0.62745100
0.58823532
0.24705882
0.18039216
0.46666667
0.25098041
0.16470589
0.12549020
0.11764706
0.15686275
0.15294118
0.12549020
0.13333334
0.08627451
0.07843138
0.04313726
0.02352941
0.13725491
0.13333334
0.12549020
0.10980392
0.09019608
0.12549020
0.13333334
0.15294118
0.51372552
0.73725492
0.34117648
0.12549020
0.12549020
0.22352941
0.54509807
0.73333335
0.60000002
0.34509805
0.35686275
0.70196080
0.24705882
0.11372549
0.07843138
0.16470589
0.21176471
0.16078432
0.11764706
0.12549020
0.10196079
0.09803922
0.07450981
0.05490196
0.30196080
0.16862746
0.10588235
0.07058824
0.05882353
0.12941177
0.13725491
0.16470589
0.50980395
0.78039217
0.50588238
0.27450982
0.25490198
0.41960785
0.79215688
0.83137256
0.71372551
0.49803922
0.48627451
0.72941178
0.25882354
0.09803922
0.11372549
0.15686275
0.20784314
0.12941177
0.11372549
0.10196079
0.09019608
0.10196079
0.08627451
0.11372549
0.43529412
0.27843139
0.18823530
0.12156863
0.06666667
0.11764706
0.13333334
0.19607843
0.51372552
0.67843139
0.51372552
0.43529412
0.41960785
0.50588238
0.72941178
0.78823531
0.68627453
0.58039218
0.69411767
0.83529413
0.35294119
0.05882353
0.07843138
0.08235294
0.10588235
0.06666667
0.10196079
0.10196079
0.09411765
0.09019608
0.07843138
0.13725491
0.54509807
0.47843137
0.46274510
0.26666668
0.09803922
0.10588235
0.12156863
0.15294118
0.29411766
0.50196081
0.62352943
0.65098041
0.65490198
0.66666669
0.70980394
0.70196080
0.65882355
0.68235296
0.76078433
0.70588237
0.36078432
0.05490196
0.05490196
0.05098039
0.07843138
0.05098039
0.07843138
0.11764706
0.10588235
0.09019608
0.08627451
0.22352941
0.63529414
0.59607846
0.59215689
0.43137255
0.20000000
0.10196079
0.04705882
0.07450981
0.11764706
0.34509805
0.67058825
0.77254903
0.72156864
0.74901962
0.78039217
0.76470590
0.74117649
0.74117649
0.65098041
0.57254905
0.33725491
0.09803922
0.09019608
0.09019608
0.14901961
0.12941177
0.11764706
0.12156863
0.09019608
0.07450981
0.12156863
0.32549021
0.67058825
0.60784316
0.58039218
0.52156866
0.33725491
0.16862746
0.06274510
0.08627451
0.21568628
0.44313726
0.64705884
0.68627453
0.66274512
0.73725492
0.76470590
0.70196080
0.65490198
0.68235296
0.65098041
0.58823532
0.29411766
0.12549020
0.12156863
0.09803922
0.12941177
0.20784314
0.21568628
0.20392157
0.09803922
0.06274510
0.15294118
0.34509805
0.65490198
0.54901963
0.51764709
0.46666667
0.38431373
0.28627452
0.20000000
0.26666668
0.41568628
0.50196081
0.54117650
0.49019608
0.49019608
0.67058825
0.73725492
0.66666669
0.66666669
0.71372551
0.70196080
0.60784316
0.23529412
0.09803922
0.12549020
0.20000000
0.30196080
0.34117648
0.31764707
0.27450982
0.09411765
0.05490196
0.19215687
0.41176471
0.56470591
0.47450981
0.44705883
0.42352942
0.45490196
0.43529412
0.42352942
0.50196081
0.59215689
0.58431375
0.47058824
0.28627452
0.29803923
0.64313728
0.70980394
0.72156864
0.75686276
0.73333335
0.72941178
0.63921571
0.31764707
0.25490198
0.34117648
0.58431375
0.55686277
0.50196081
0.40784314
0.20000000
0.04705882
0.04705882
0.26666668
0.45098040
0.47843137
0.43529412
0.42352942
0.47058824
0.52156866
0.50588238
0.59215689
0.66666669
0.69803923
0.66274512
0.58039218
0.34509805
0.33333334
0.62352943
0.64313728
0.65882355
0.75294119
0.78823531
0.80784315
0.76470590
0.63137257
0.56470591
0.68235296
0.83529413
0.71764708
0.60784316
0.51764709
0.19215687
0.02352941
0.12549020
0.37647060
0.46274510
0.40392157
0.41176471
0.38039216
0.34509805
0.43529412
0.55686277
0.68235296
0.72549021
0.75294119
0.73725492
0.80000001
0.58039218
0.48235294
0.63921571
0.69803923
0.74509805
0.82745099
0.84705883
0.84705883
0.85490197
0.82352942
0.80784315
0.85098040
0.86666667
0.77647060
0.65882355
0.55686277
0.20000000
0.05490196
0.30196080
0.45490196
0.45882353
0.38039216
0.39215687
0.36078432
0.30196080
0.36470589
0.61176473
0.71372551
0.72156864
0.77254903
0.77647060
0.76862746
0.69411767
0.62352943
0.67843139
0.70980394
0.78039217
0.82745099
0.85098040
0.85882354
0.84705883
0.82745099
0.83529413
0.86274511
0.86274511
0.78431374
0.68627453
0.50196081
0.16078432
0.23529412
0.44313726
0.48627451
0.49411765
0.35294119
0.36862746
0.36470589
0.33725491
0.44313726
0.67058825
0.75294119
0.73725492
0.75686276
0.79215688
0.72156864
0.63137257
0.72549021
0.72549021
0.65098041
0.74509805
0.83137256
0.85882354
0.84705883
0.81568629
0.81568629
0.83137256
0.85882354
0.86666667
0.80000001
0.69019610
0.43921569
0.27843139
0.45490196
0.50588238
0.50196081
0.51372552
0.36078432
0.38431373
0.33725491
0.38039216
0.58039218
0.74509805
0.82745099
0.78823531
0.75294119
0.78431374
0.75294119
0.67843139
0.72941178
0.72549021
0.64313728
0.73333335
0.83137256
0.83529413
0.78823531
0.77254903
0.80000001
0.83921570
0.86666667
0.87058824
0.81176472
0.67843139
0.44705883
0.46666667
0.54117650
0.54117650
0.54509807
0.54901963
0.34509805
0.38823530
0.36470589
0.50196081
0.72156864
0.81568629
0.83921570
0.82352942
0.77647060
0.78823531
0.78431374
0.70196080
0.68627453
0.70196080
0.67058825
0.74901962
0.80000001
0.77647060
0.74117649
0.75294119
0.80000001
0.84313726
0.87450981
0.88627452
0.82745099
0.66666669
0.49411765
0.54509807
0.58823532
0.58823532
0.58823532
0.58431375
1 0 0 0 0 -1 0 0 0 0 0
0 1 0 0 0 -1 0 0 0 0 0
0 0 1 0 0 -1 0 0 0 0 0
0 0 0 1 0 -1 0 0 0 0 0
0 0 0 0 1 -1 0 0 0 0 0
0 0 0 0 0 -1 1 0 0 0 0
0 0 0 0 0 -1 0 1 0 0 0
0 0 0 0 0 -1 0 0 1 0 0
0 0 0 0 0 -1 0 0 0 1 0
