1.00000000
1.00000000
1.00000000
1.00000000
1.00000000
1.00000000
1.00000000
1.00000000
1.00000000
1.00000000
1.00000000
0.99607843
0.98823529
0.99215686
0.99215686
0.98823529
0.95686275
0.90588236
0.98431373
0.98823529
0.99215686
0.98823529
0.98431373
0.98823529
0.98431373
0.98431373
0.99607843
1.00000000
1.00000000
1.00000000
1.00000000
1.00000000
1.00000000
1.00000000
1.00000000
1.00000000
1.00000000
1.00000000
1.00000000
1.00000000
1.00000000
1.00000000
0.99607843
0.99607843
1.00000000
1.00000000
0.99215686
0.97647059
0.87058824
0.83529413
0.89019608
0.87450981
0.87058824
0.90196079
0.92941177
0.94509804
0.98431373
0.99607843
0.99215686
1.00000000
1.00000000
1.00000000
1.00000000
1.00000000
1.00000000
1.00000000
1.00000000
1.00000000
1.00000000
1.00000000
1.00000000
1.00000000
1.00000000
0.99607843
0.99607843
0.98039216
0.86274511
0.69411767
0.58039218
0.42352942
0.26274511
0.23137255
0.25098041
0.22352941
0.21568628
0.24313726
0.47058824
0.75686276
0.78823531
0.92941177
0.98431373
1.00000000
1.00000000
1.00000000
1.00000000
1.00000000
1.00000000
1.00000000
1.00000000
1.00000000
1.00000000
1.00000000
1.00000000
0.99607843
0.99607843
0.98823529
0.98039216
0.87058824
0.49803922
0.15294118
0.09019608
0.04313726
0.00392157
0.01568628
0.01568628
0.01960784
0.01176471
0.00000000
0.34117648
0.78431374
0.70196080
0.70196080
0.84705883
0.96470588
0.99607843
1.00000000
1.00000000
1.00000000
1.00000000
1.00000000
1.00000000
1.00000000
1.00000000
1.00000000
1.00000000
0.99215686
0.99215686
0.99215686
0.88235295
0.56078434
0.16470589
0.08627451
0.01960784
0.03137255
0.04313726
0.01960784
0.01960784
0.01960784
0.01960784
0.02745098
0.40000001
0.81568629
0.77254903
0.67450982
0.77647060
0.89019608
1.00000000
1.00000000
1.00000000
1.00000000
1.00000000
1.00000000
1.00000000
1.00000000
1.00000000
1.00000000
1.00000000
0.99607843
0.98431373
0.94509804
0.67058825
0.18039216
0.07450981
0.08627451
0.03921569
0.05490196
0.02745098
0.01960784
0.02745098
0.01568628
0.01568628
0.02352941
0.41568628
0.83921570
0.80392158
0.70196080
0.79215688
0.83137256
0.98039216
1.00000000
1.00000000
1.00000000
1.00000000
1.00000000
1.00000000
1.00000000
1.00000000
1.00000000
1.00000000
0.99607843
0.98431373
0.76470590
0.31372550
0.10588235
0.08235294
0.03921569
0.05098039
0.03137255
0.01960784
0.01960784
0.05490196
0.04313726
0.05098039
0.05882353
0.47450981
0.85098040
0.83529413
0.75686276
0.78823531
0.79607844
0.92156863
1.00000000
1.00000000
1.00000000
1.00000000
1.00000000
1.00000000
1.00000000
1.00000000
0.99607843
0.97254902
0.98823529
0.87843138
0.52941179
0.12156863
0.07450981
0.07058824
0.02352941
0.05490196
0.03529412
0.03137255
0.01568628
0.03921569
0.03921569
0.04313726
0.03137255
0.51372552
0.85490197
0.87058824
0.80392158
0.76078433
0.80392158
0.83529413
0.97254902
0.99215686
1.00000000
1.00000000
1.00000000
1.00000000
0.99607843
0.99607843
0.98039216
0.98431373
0.97254902
0.69019610
0.32941177
0.11764706
0.10588235
0.09803922
0.04313726
0.06666667
0.00392157
0.01176471
0.01960784
0.03137255
0.01960784
0.04705882
0.05490196
0.54117650
0.85098040
0.76470590
0.77254903
0.74509805
0.80392158
0.79215688
0.96862745
0.99607843
1.00000000
1.00000000
1.00000000
1.00000000
0.99215686
0.99215686
0.97647059
0.83529413
0.77254903
0.50980395
0.08627451
0.05882353
0.04705882
0.07450981
0.10588235
0.12156863
0.06666667
0.03921569
0.05882353
0.03529412
0.00784314
0.01568628
0.04705882
0.53333336
0.52549022
0.59215689
0.60392159
0.67450982
0.75294119
0.74509805
0.92549020
0.98823529
1.00000000
1.00000000
1.00000000
1.00000000
0.98823529
0.98823529
0.93333334
0.68627453
0.49411765
0.49803922
0.46274510
0.57254905
0.61176473
0.65490198
0.65098041
0.63529414
0.59607846
0.50588238
0.48235294
0.43529412
0.41176471
0.36470589
0.35686275
0.52549022
0.20784314
0.38431373
0.53333336
0.61176473
0.65098041
0.61960787
0.77254903
0.97254902
1.00000000
1.00000000
0.98823529
0.99215686
0.98823529
0.97647059
0.88235295
0.78039217
0.80784315
0.88235295
0.92549020
0.92156863
0.92941177
0.91764706
0.89803922
0.85490197
0.80000001
0.78431374
0.75686276
0.71372551
0.64705884
0.69803923
0.76470590
0.62745100
0.61960787
0.71372551
0.73333335
0.68627453
0.60784316
0.61960787
0.72156864
0.91764706
1.00000000
1.00000000
0.98823529
0.97254902
0.95294118
0.86666667
0.85098040
0.93333334
0.90588236
0.88627452
0.86274511
0.82745099
0.80392158
0.74509805
0.73725492
0.70196080
0.71764708
0.73333335
0.72941178
0.73333335
0.74509805
0.89019608
0.81176472
0.71764708
0.89019608
0.88627452
0.85490197
0.87058824
0.84313726
0.85098040
0.83921570
0.88627452
0.98431373
1.00000000
0.98039216
0.92941177
0.83529413
0.85098040
0.80784315
0.77647060
0.76078433
0.75686276
0.73333335
0.70980394
0.71764708
0.69803923
0.71372551
0.73333335
0.70588237
0.64313728
0.57647061
0.66666669
0.83137256
0.88627452
0.82745099
0.83921570
0.90588236
0.86666667
0.85490197
0.84705883
0.83921570
0.86274511
0.85490197
0.83137256
0.96470588
0.99607843
0.96470588
0.69803923
0.72941178
0.81568629
0.80392158
0.80000001
0.78039217
0.66666669
0.72941178
0.86274511
0.83529413
0.81568629
0.71764708
0.60784316
0.52549022
0.49803922
0.41960785
0.69803923
0.84705883
0.88627452
0.85882354
0.81568629
0.80784315
0.79215688
0.78823531
0.76862746
0.75686276
0.82352942
0.82352942
0.79607844
0.93725491
0.99607843
0.94901961
0.52156866
0.55294120
0.67058825
0.72156864
0.69019610
0.48235294
0.43137255
0.35294119
0.57647061
0.56862748
0.55686277
0.47843137
0.45882353
0.51372552
0.58823532
0.45098040
0.63137257
0.70588237
0.75294119
0.67843139
0.72941178
0.69803923
0.71372551
0.72941178
0.72156864
0.71764708
0.74509805
0.75686276
0.75686276
0.89803922
0.99215686
0.88627452
0.49019608
0.53333336
0.60000002
0.74509805
0.75686276
0.59607846
0.44313726
0.61568630
0.76470590
0.76078433
0.64705884
0.52156866
0.45882353
0.52941179
0.50588238
0.42352942
0.58039218
0.65490198
0.41568628
0.18431373
0.65490198
0.71372551
0.70980394
0.69803923
0.70588237
0.72156864
0.72549021
0.74509805
0.76078433
0.89019608
0.99215686
0.87450981
0.56862748
0.62352943
0.70980394
0.84705883
0.86274511
0.82745099
0.76470590
0.85098040
0.85490197
0.80784315
0.73725492
0.69411767
0.69411767
0.62352943
0.54901963
0.48627451
0.62745100
0.66666669
0.27843139
0.11372549
0.51372552
0.69411767
0.70196080
0.72156864
0.71372551
0.69803923
0.71764708
0.74901962
0.65098041
0.89411765
0.99215686
0.83137256
0.78431374
0.81176472
0.81960785
0.49411765
0.29803923
0.32941177
0.34117648
0.30196080
0.29019609
0.71764708
0.79215688
0.79607844
0.73725492
0.68627453
0.62352943
0.50196081
0.52941179
0.56078434
0.17647059
0.15294118
0.42352942
0.65490198
0.64705884
0.63529414
0.65098041
0.66666669
0.67450982
0.65882355
0.27058825
0.79607844
0.99215686
0.83137256
0.79215688
0.81568629
0.80784315
0.36078432
0.00000000
0.00000000
0.00392157
0.01568628
0.06666667
0.68235296
0.76470590
0.74509805
0.73725492
0.69411767
0.54509807
0.40392157
0.42352942
0.44313726
0.34901962
0.21960784
0.41176471
0.61176473
0.58823532
0.59607846
0.58823532
0.56862748
0.60000002
0.61176473
0.15294118
0.65098041
0.99607843
0.87843138
0.65490198
0.64313728
0.61960787
0.30588236
0.04313726
0.03137255
0.01960784
0.02745098
0.07843138
0.43921569
0.48627451
0.47058824
0.43529412
0.46274510
0.51764709
0.41960785
0.48627451
0.43529412
0.42352942
0.41176471
0.36078432
0.64705884
0.61568630
0.61960787
0.61176473
0.61960787
0.66274512
0.59607846
0.30196080
0.65098041
0.99607843
0.86274511
0.42745098
0.21568628
0.09019608
0.08235294
0.09019608
0.09019608
0.09019608
0.10588235
0.08235294
0.06274510
0.04313726
0.03529412
0.21960784
0.40784314
0.51372552
0.42745098
0.48235294
0.41568628
0.32156864
0.39607844
0.34509805
0.60392159
0.59607846
0.58823532
0.58039218
0.57647061
0.61176473
0.49803922
0.44705883
0.74117649
0.99215686
0.89803922
0.54901963
0.22745098
0.01568628
0.02745098
0.07058824
0.12156863
0.14901961
0.14901961
0.14117648
0.04705882
0.02352941
0.01568628
0.14509805
0.43137255
0.50196081
0.38823530
0.46274510
0.49019608
0.43137255
0.48627451
0.31764707
0.52941179
0.49411765
0.48235294
0.49019608
0.51764709
0.57254905
0.41960785
0.48235294
0.74117649
0.99215686
0.94509804
0.69019610
0.49019608
0.37647060
0.32941177
0.30196080
0.30980393
0.31764707
0.29411766
0.33725491
0.35686275
0.39215687
0.49019608
0.53725493
0.65882355
0.57647061
0.50196081
0.52549022
0.40392157
0.50980395
0.55294120
0.35294119
0.57254905
0.60392159
0.61568630
0.63137257
0.64705884
0.66274512
0.41568628
0.50980395
0.80784315
0.99607843
0.94509804
0.81176472
0.89019608
0.90980393
0.87450981
0.86666667
0.86666667
0.87058824
0.86666667
0.87450981
0.87450981
0.87843138
0.85490197
0.85490197
0.75686276
0.61176473
0.50588238
0.50588238
0.31372550
0.49411765
0.42352942
0.44705883
0.70980394
0.82352942
0.81176472
0.78431374
0.77254903
0.72941178
0.40392157
0.62352943
0.85490197
0.99607843
0.93333334
0.56078434
0.49411765
0.47450981
0.47450981
0.47843137
0.44313726
0.40000001
0.40000001
0.41568628
0.41176471
0.41960785
0.40392157
0.35294119
0.33333334
0.29019609
0.23529412
0.24705882
0.26666668
0.66274512
0.58431375
0.35686275
0.45882353
0.40000001
0.38431373
0.33725491
0.35686275
0.37647060
0.26274511
0.60392159
0.83921570
1.00000000
0.96078432
0.24313726
0.07058824
0.07058824
0.03529412
0.00392157
0.00784314
0.11372549
0.20000000
0.16862746
0.15294118
0.13725491
0.14117648
0.12941177
0.01960784
0.00784314
0.00000000
0.03529412
0.24313726
0.42745098
0.57254905
0.33333334
0.69411767
0.67450982
0.66666669
0.69019610
0.67058825
0.10196079
0.09019608
0.47450981
0.81960785
0.99607843
0.96862745
0.40000001
0.07843138
0.08627451
0.07843138
0.05882353
0.42352942
0.83137256
0.92549020
0.90196079
0.88627452
0.87058824
0.87058824
0.74901962
0.10196079
0.03529412
0.02352941
0.01960784
0.14509805
0.35294119
0.44705883
0.44705883
0.98823529
1.00000000
1.00000000
1.00000000
0.95686275
0.20392157
0.07058824
0.45098040
0.86666667
0.99607843
0.99607843
0.67843139
0.10588235
0.08627451
0.07843138
0.12941177
0.83137256
1.00000000
1.00000000
1.00000000
1.00000000
1.00000000
1.00000000
0.96862745
0.25098041
0.03529412
0.12941177
0.04313726
0.05882353
0.49411765
0.37647060
0.63137257
0.96078432
0.96470588
0.98823529
0.98823529
0.97254902
0.36470589
0.00000000
0.20784314
0.91764706
0.97647059
0.90980393
0.78039217
0.21960784
0.05490196
0.03529412
0.17647059
0.62352943
0.62745100
0.58431375
0.56470591
0.54509807
0.50980395
0.46274510
0.43529412
0.18039216
0.00000000
0.10588235
0.01960784
0.00000000
0.07843138
0.07058824
0.24705882
0.33333334
0.38431373
0.46274510
0.52156866
0.58039218
0.47843137
0.32549021
0.51372552
0.84313726
0.95686275
0.88627452
0.76470590
0.67058825
0.58823532
0.55686277
0.54509807
0.49411765
0.46666667
0.43137255
0.41176471
0.38039216
0.34901962
0.32156864
0.30980393
0.32156864
0.32549021
0.32941177
0.34117648
0.35294119
0.37254903
0.44313726
0.51372552
0.60000002
0.66274512
0.70980394
0.78431374
0.81568629
0.87450981
0.95294118
0.96470588
0.95294118
0.99215686
0.99215686
0.98039216
0.99215686
1.00000000
1.00000000
0.99215686
0.98039216
0.97647059
0.97254902
0.96862745
0.96862745
0.96470588
0.95294118
0.95294118
0.94509804
0.94509804
0.94509804
0.95294118
0.96470588
0.97254902
0.98039216
1.00000000
1.00000000
1.00000000
1.00000000
1.00000000
0.99607843
0.98431373
0.99215686
0.99215686
0.99607843
1.00000000
1.00000000
1.00000000
1.00000000
1.00000000
1.00000000
1.00000000
1.00000000
1.00000000
1.00000000
1.00000000
0.99607843
0.98823529
0.98823529
0.99215686
0.99215686
0.97647059
0.93333334
0.99607843
1.00000000
1.00000000
1.00000000
1.00000000
1.00000000
0.99607843
0.99607843
0.99607843
1.00000000
1.00000000
1.00000000
1.00000000
1.00000000
1.00000000
1.00000000
1.00000000
1.00000000
1.00000000
1.00000000
1.00000000
1.00000000
1.00000000
1.00000000
0.99607843
0.99607843
1.00000000
1.00000000
0.99215686
0.97254902
0.83921570
0.78823531
0.82352942
0.80392158
0.79215688
0.81960785
0.85098040
0.89019608
0.96470588
0.99607843
0.99215686
1.00000000
1.00000000
1.00000000
1.00000000
1.00000000
1.00000000
1.00000000
1.00000000
1.00000000
1.00000000
1.00000000
1.00000000
1.00000000
1.00000000
0.99607843
0.99215686
0.98039216
0.87843138
0.70980394
0.58431375
0.41960785
0.23921569
0.20392157
0.18431373
0.14901961
0.12549020
0.14509805
0.25098041
0.58039218
0.69411767
0.87843138
0.99215686
1.00000000
1.00000000
1.00000000
1.00000000
1.00000000
1.00000000
1.00000000
1.00000000
1.00000000
1.00000000
1.00000000
1.00000000
0.99607843
0.99607843
0.99215686
0.96078432
0.87058824
0.56862748
0.26274511
0.14117648
0.05882353
0.00784314
0.01960784
0.03529412
0.02745098
0.03137255
0.02352941
0.15686275
0.73333335
0.69411767
0.67843139
0.82745099
0.96470588
0.99215686
1.00000000
1.00000000
1.00000000
1.00000000
1.00000000
1.00000000
1.00000000
1.00000000
1.00000000
1.00000000
0.99215686
0.99215686
0.98823529
0.87843138
0.63137257
0.30196080
0.20000000
0.09411765
0.06666667
0.04313726
0.01960784
0.01176471
0.01568628
0.00784314
0.00784314
0.21176471
0.81176472
0.80784315
0.69803923
0.75294119
0.84313726
0.99215686
1.00000000
1.00000000
1.00000000
1.00000000
1.00000000
1.00000000
1.00000000
1.00000000
1.00000000
1.00000000
0.99607843
0.98431373
0.93725491
0.72156864
0.32549021
0.23921569
0.15686275
0.12941177
0.14509805
0.03137255
0.01960784
0.05882353
0.08235294
0.12156863
0.09019608
0.26274511
0.83137256
0.83137256
0.73333335
0.79607844
0.75686276
0.96862745
1.00000000
1.00000000
1.00000000
1.00000000
1.00000000
1.00000000
1.00000000
1.00000000
1.00000000
1.00000000
0.99607843
0.98431373
0.76862746
0.41568628
0.24705882
0.21960784
0.09019608
0.15686275
0.14509805
0.02352941
0.02352941
0.14901961
0.20784314
0.21176471
0.11764706
0.32941177
0.84705883
0.83921570
0.74901962
0.81960785
0.75294119
0.89803922
1.00000000
1.00000000
1.00000000
1.00000000
1.00000000
1.00000000
1.00000000
1.00000000
0.99215686
0.98823529
0.97647059
0.88627452
0.59215689
0.28627452
0.25882354
0.21960784
0.08235294
0.15686275
0.07058824
0.01568628
0.01960784
0.12941177
0.18039216
0.16862746
0.01960784
0.38039216
0.85098040
0.89411765
0.82745099
0.77647060
0.78823531
0.77254903
0.98823529
0.98431373
1.00000000
1.00000000
1.00000000
1.00000000
0.99607843
0.99607843
0.98823529
1.00000000
0.98039216
0.71764708
0.44705883
0.26274511
0.21176471
0.16470589
0.07058824
0.13333334
0.03137255
0.01568628
0.02352941
0.03137255
0.03921569
0.13333334
0.03921569
0.37647060
0.81568629
0.55294120
0.62745100
0.76078433
0.80392158
0.70196080
0.92549020
0.99215686
1.00000000
1.00000000
1.00000000
1.00000000
0.99215686
0.99215686
0.93725491
0.64313728
0.74117649
0.59607846
0.23921569
0.15294118
0.06666667
0.05490196
0.09019608
0.10196079
0.05098039
0.03137255
0.01960784
0.01568628
0.01568628
0.05490196
0.04705882
0.36470589
0.36470589
0.12156863
0.36078432
0.70196080
0.76862746
0.65882355
0.80392158
0.98823529
1.00000000
1.00000000
1.00000000
1.00000000
0.98823529
0.99215686
0.87843138
0.28627452
0.31372550
0.41176471
0.36470589
0.38823530
0.41568628
0.41176471
0.38431373
0.29411766
0.21176471
0.16470589
0.09803922
0.08627451
0.09019608
0.07843138
0.10588235
0.24705882
0.14901961
0.23137255
0.48235294
0.63921571
0.69803923
0.57647061
0.66274512
0.97647059
1.00000000
1.00000000
0.99607843
0.98823529
0.98823529
0.96078432
0.80392158
0.52156866
0.66666669
0.80392158
0.90196079
0.90588236
0.85882354
0.77254903
0.63921571
0.50196081
0.36862746
0.27450982
0.20392157
0.15686275
0.15294118
0.25882354
0.45490196
0.21960784
0.60392159
0.66666669
0.67058825
0.59215689
0.54117650
0.48627451
0.49803922
0.85882354
0.99215686
1.00000000
0.98823529
0.99215686
0.91764706
0.74901962
0.76470590
0.84313726
0.78431374
0.65098041
0.50980395
0.39215687
0.30980393
0.26274511
0.18823530
0.17254902
0.16078432
0.18823530
0.21176471
0.16470589
0.32156864
0.66666669
0.56078434
0.41176471
0.78431374
0.67843139
0.62745100
0.62352943
0.61568630
0.56078434
0.45490196
0.66274512
0.98823529
1.00000000
0.99215686
0.82352942
0.59607846
0.53333336
0.45490196
0.36862746
0.30196080
0.24313726
0.20392157
0.18039216
0.15686275
0.15294118
0.16470589
0.13725491
0.13725491
0.14901961
0.17254902
0.21960784
0.49019608
0.67058825
0.53725493
0.69803923
0.74509805
0.61176473
0.54117650
0.53333336
0.55686277
0.50588238
0.45490196
0.49803922
0.96862745
1.00000000
0.98039216
0.56078434
0.34117648
0.32156864
0.38431373
0.44705883
0.44705883
0.40392157
0.49411765
0.57254905
0.52941179
0.46274510
0.36470589
0.34901962
0.35294119
0.41568628
0.41176471
0.49019608
0.46666667
0.63529414
0.67058825
0.48627451
0.41568628
0.34509805
0.30196080
0.31372550
0.37254903
0.34117648
0.36470589
0.36470589
0.87450981
0.99607843
0.95294118
0.52941179
0.51372552
0.45882353
0.42352942
0.46274510
0.37647060
0.46274510
0.27843139
0.39215687
0.35294119
0.39607844
0.45098040
0.47450981
0.56078434
0.63137257
0.50980395
0.38431373
0.18039216
0.29019609
0.30980393
0.12156863
0.13333334
0.11372549
0.10980392
0.12941177
0.17647059
0.14901961
0.17647059
0.19215687
0.79607844
0.99607843
0.91764706
0.50196081
0.54901963
0.47058824
0.43529412
0.46274510
0.41960785
0.42745098
0.48627451
0.49803922
0.50196081
0.45882353
0.46666667
0.43529412
0.45098040
0.40784314
0.33725491
0.18039216
0.13333334
0.09411765
0.02352941
0.16470589
0.13725491
0.12156863
0.13725491
0.13333334
0.13725491
0.14117648
0.14901961
0.18039216
0.76862746
0.99607843
0.80784315
0.35294119
0.39607844
0.50980395
0.67843139
0.74901962
0.72549021
0.69019610
0.76078433
0.71372551
0.69411767
0.54509807
0.38823530
0.29019609
0.16470589
0.13333334
0.12156863
0.15686275
0.22352941
0.18431373
0.15294118
0.19215687
0.21176471
0.14117648
0.12549020
0.13333334
0.15294118
0.16078432
0.13333334
0.14117648
0.71764708
0.99607843
0.61568630
0.34509805
0.40000001
0.47843137
0.33725491
0.25098041
0.27058825
0.25490198
0.22745098
0.22352941
0.42745098
0.38039216
0.29803923
0.23529412
0.18039216
0.12156863
0.07058824
0.09803922
0.16470589
0.12156863
0.17254902
0.15294118
0.24313726
0.24705882
0.24313726
0.23137255
0.20392157
0.23529412
0.27450982
0.13333334
0.62352943
0.99607843
0.61176473
0.31764707
0.34117648
0.37647060
0.21568628
0.01176471
0.00784314
0.00392157
0.00784314
0.04705882
0.26274511
0.19607843
0.17254902
0.14509805
0.13333334
0.11372549
0.05882353
0.06274510
0.08627451
0.32549021
0.23137255
0.12156863
0.11764706
0.12549020
0.12156863
0.12549020
0.12549020
0.13333334
0.16470589
0.10980392
0.53333336
0.99607843
0.69803923
0.28627452
0.27843139
0.30196080
0.18431373
0.01960784
0.02352941
0.02745098
0.02745098
0.06274510
0.21176471
0.20392157
0.18431373
0.18431373
0.18431373
0.11372549
0.07058824
0.10196079
0.14509805
0.43921569
0.42745098
0.13725491
0.14117648
0.13725491
0.12549020
0.12549020
0.13333334
0.14509805
0.18431373
0.31372550
0.60392159
1.00000000
0.73725492
0.30980393
0.19607843
0.09019608
0.09411765
0.09803922
0.10980392
0.12156863
0.12549020
0.11764706
0.08627451
0.07058824
0.02745098
0.20392157
0.36470589
0.12156863
0.04705882
0.07450981
0.18823530
0.33333334
0.41176471
0.21568628
0.13725491
0.12156863
0.11764706
0.12156863
0.12156863
0.12941177
0.18823530
0.45882353
0.70980394
0.99607843
0.82745099
0.46666667
0.26666668
0.05882353
0.08235294
0.13333334
0.15686275
0.16078432
0.16078432
0.13725491
0.08235294
0.03921569
0.00784314
0.20784314
0.42745098
0.16470589
0.04313726
0.04313726
0.32941177
0.44705883
0.50196081
0.24705882
0.11764706
0.09019608
0.08627451
0.09019608
0.10196079
0.12549020
0.21960784
0.50588238
0.72941178
0.99607843
0.87843138
0.44313726
0.34509805
0.25490198
0.19607843
0.16470589
0.16078432
0.16078432
0.15294118
0.16470589
0.19215687
0.21960784
0.29411766
0.31764707
0.32549021
0.11764706
0.07450981
0.07450981
0.28627452
0.52941179
0.56862748
0.31372550
0.16078432
0.21176471
0.20784314
0.21960784
0.23921569
0.21176471
0.25882354
0.55686277
0.80784315
1.00000000
0.87843138
0.35686275
0.42745098
0.49019608
0.50980395
0.52549022
0.51764709
0.50980395
0.50196081
0.49803922
0.49019608
0.47058824
0.42745098
0.30196080
0.15294118
0.11372549
0.09411765
0.10588235
0.22745098
0.51764709
0.43921569
0.39607844
0.21176471
0.35686275
0.33725491
0.25490198
0.18039216
0.13333334
0.19215687
0.65098041
0.85490197
1.00000000
0.91764706
0.29803923
0.21568628
0.21176471
0.20000000
0.19607843
0.18039216
0.16470589
0.13725491
0.12156863
0.11764706
0.11764706
0.10980392
0.09803922
0.08627451
0.05490196
0.05490196
0.06274510
0.22745098
0.67450982
0.59607846
0.26666668
0.10196079
0.08627451
0.08235294
0.09019608
0.12156863
0.10980392
0.16078432
0.60784316
0.83921570
1.00000000
0.96078432
0.26274511
0.06666667
0.02352941
0.02352941
0.01176471
0.00784314
0.09803922
0.19215687
0.19607843
0.18039216
0.15686275
0.15686275
0.11764706
0.02352941
0.01568628
0.02352941
0.01568628
0.25882354
0.43921569
0.58431375
0.32156864
0.62352943
0.66274512
0.70196080
0.73725492
0.69411767
0.10588235
0.11764706
0.53725493
0.82352942
0.99607843
0.97647059
0.40392157
0.09019608
0.07843138
0.05882353
0.03921569
0.41176471
0.82745099
0.92549020
0.91372550
0.89803922
0.89019608
0.88627452
0.74509805
0.08627451
0.01960784
0.01176471
0.01960784
0.15686275
0.37254903
0.46274510
0.46666667
1.00000000
1.00000000
1.00000000
1.00000000
0.95294118
0.18431373
0.04705882
0.46274510
0.86666667
0.99607843
0.99607843
0.67450982
0.11372549
0.09803922
0.08627451
0.12941177
0.83137256
1.00000000
1.00000000
1.00000000
1.00000000
1.00000000
1.00000000
0.97254902
0.25490198
0.03529412
0.12549020
0.04313726
0.05882353
0.51372552
0.40000001
0.63921571
0.96078432
0.96470588
0.98823529
0.98431373
0.97254902
0.36470589
0.00000000
0.20392157
0.91764706
0.97647059
0.90980393
0.78039217
0.21960784
0.05490196
0.03529412
0.17254902
0.61960787
0.62745100
0.58431375
0.56470591
0.54509807
0.50980395
0.46274510
0.43529412
0.18039216
0.00000000
0.10588235
0.01960784
0.00000000
0.08627451
0.08627451
0.25098041
0.33333334
0.38431373
0.46274510
0.52156866
0.58039218
0.47843137
0.32549021
0.51372552
0.84313726
0.95686275
0.88627452
0.76470590
0.67058825
0.58823532
0.55294120
0.54117650
0.49411765
0.46666667
0.43137255
0.41176471
0.38039216
0.34901962
0.32156864
0.30980393
0.32156864
0.32549021
0.32941177
0.33725491
0.35294119
0.37254903
0.44313726
0.51372552
0.60000002
0.66274512
0.70980394
0.78431374
0.81568629
0.87450981
0.95294118
0.96470588
0.95294118
0.99215686
0.99215686
0.98039216
0.99215686
1.00000000
1.00000000
0.99215686
0.98039216
0.97647059
0.97254902
0.96862745
0.96862745
0.96470588
0.95294118
0.95294118
0.94509804
0.94509804
0.94509804
0.95294118
0.96470588
0.97254902
0.98039216
1.00000000
1.00000000
1.00000000
1.00000000
1.00000000
0.99607843
0.98431373
0.99215686
0.99215686
0.99607843
1.00000000
1.00000000
1.00000000
1.00000000
1.00000000
1.00000000
1.00000000
1.00000000
1.00000000
1.00000000
1.00000000
0.99607843
0.98431373
0.98431373
0.99215686
0.98823529
0.97254902
0.92156863
1.00000000
1.00000000
1.00000000
1.00000000
1.00000000
1.00000000
0.99607843
0.99215686
0.99607843
1.00000000
1.00000000
1.00000000
1.00000000
1.00000000
1.00000000
1.00000000
1.00000000
1.00000000
1.00000000
1.00000000
1.00000000
1.00000000
1.00000000
1.00000000
0.99607843
0.99607843
1.00000000
1.00000000
0.99215686
0.97254902
0.83529413
0.78431374
0.80392158
0.77647060
0.76078433
0.78823531
0.82745099
0.89411765
0.97647059
0.99607843
0.99215686
1.00000000
1.00000000
1.00000000
1.00000000
1.00000000
1.00000000
1.00000000
1.00000000
1.00000000
1.00000000
1.00000000
1.00000000
1.00000000
1.00000000
0.99607843
0.99215686
0.98431373
0.89019608
0.72156864
0.58431375
0.41960785
0.22745098
0.18823530
0.17647059
0.14509805
0.11764706
0.13725491
0.23529412
0.57254905
0.71372551
0.89803922
0.98823529
1.00000000
1.00000000
1.00000000
1.00000000
1.00000000
1.00000000
1.00000000
1.00000000
1.00000000
1.00000000
1.00000000
1.00000000
0.99607843
0.99607843
0.99215686
0.95686275
0.88627452
0.60784316
0.30980393
0.15686275
0.08627451
0.00784314
0.01568628
0.03921569
0.03921569
0.02352941
0.00784314
0.15294118
0.74901962
0.72941178
0.71764708
0.84705883
0.94901961
0.98431373
1.00000000
1.00000000
1.00000000
1.00000000
1.00000000
1.00000000
1.00000000
1.00000000
1.00000000
1.00000000
0.99215686
0.99215686
0.98431373
0.88235295
0.69019610
0.37647060
0.23921569
0.10980392
0.09019608
0.04705882
0.01960784
0.00784314
0.00784314
0.01176471
0.01568628
0.20392157
0.83529413
0.84705883
0.73333335
0.78431374
0.85098040
0.98823529
1.00000000
1.00000000
1.00000000
1.00000000
1.00000000
1.00000000
1.00000000
1.00000000
1.00000000
1.00000000
0.99607843
0.98431373
0.94117647
0.76078433
0.40000001
0.31764707
0.17647059
0.14117648
0.14901961
0.02745098
0.01960784
0.05882353
0.07450981
0.11764706
0.07843138
0.23529412
0.85098040
0.87058824
0.76078433
0.83137256
0.79215688
0.96078432
1.00000000
1.00000000
1.00000000
1.00000000
1.00000000
1.00000000
1.00000000
1.00000000
1.00000000
1.00000000
0.99607843
0.98431373
0.78823531
0.49411765
0.29803923
0.24705882
0.09411765
0.17647059
0.14901961
0.01960784
0.02352941
0.17647059
0.22352941
0.22745098
0.11764706
0.29411766
0.86666667
0.88627452
0.79215688
0.85490197
0.79215688
0.89411765
1.00000000
1.00000000
1.00000000
1.00000000
1.00000000
1.00000000
1.00000000
1.00000000
0.97254902
0.98431373
0.96078432
0.88627452
0.62745100
0.33333334
0.28235295
0.23529412
0.05882353
0.17254902
0.09019608
0.03137255
0.01568628
0.15294118
0.20000000
0.17254902
0.04313726
0.35686275
0.89411765
0.93725491
0.88627452
0.82745099
0.82745099
0.77647060
0.96862745
0.98823529
1.00000000
1.00000000
1.00000000
1.00000000
0.99607843
0.99607843
1.00000000
1.00000000
0.99607843
0.75686276
0.51372552
0.34117648
0.28235295
0.21176471
0.08235294
0.13333334
0.02352941
0.01960784
0.04313726
0.05098039
0.05098039
0.16078432
0.07058824
0.36470589
0.86274511
0.55686277
0.61960787
0.81176472
0.84313726
0.72549021
0.92549020
0.99215686
1.00000000
1.00000000
1.00000000
1.00000000
0.99215686
0.99215686
0.92549020
0.56078434
0.73725492
0.63529414
0.26274511
0.13725491
0.05098039
0.00392157
0.04313726
0.09411765
0.03137255
0.00000000
0.00784314
0.03137255
0.02745098
0.06666667
0.03137255
0.35686275
0.33333334
0.01568628
0.32156864
0.74509805
0.81176472
0.70196080
0.82745099
0.98823529
1.00000000
1.00000000
1.00000000
1.00000000
0.99215686
0.99607843
0.84705883
0.12549020
0.27843139
0.43529412
0.41176471
0.41960785
0.43921569
0.43921569
0.38431373
0.26666668
0.18823530
0.14117648
0.03137255
0.01568628
0.02352941
0.01176471
0.06274510
0.20392157
0.13333334
0.21960784
0.51372552
0.68627453
0.74117649
0.63137257
0.68235296
0.97647059
1.00000000
1.00000000
0.99607843
0.97254902
0.98039216
0.95294118
0.78823531
0.48627451
0.68235296
0.81568629
0.92156863
0.94509804
0.89019608
0.80392158
0.67058825
0.50980395
0.40000001
0.25490198
0.14117648
0.05490196
0.04313726
0.20000000
0.43529412
0.16862746
0.63529414
0.73725492
0.71372551
0.63921571
0.58823532
0.54509807
0.53333336
0.87843138
0.99607843
1.00000000
0.97647059
1.00000000
0.92549020
0.74901962
0.78039217
0.88627452
0.82745099
0.68627453
0.49803922
0.31764707
0.23137255
0.16470589
0.10196079
0.07058824
0.08627451
0.15294118
0.18823530
0.07843138
0.25490198
0.71764708
0.54509807
0.33725491
0.81176472
0.71372551
0.65490198
0.65882355
0.64313728
0.60784316
0.49019608
0.66274512
0.98431373
1.00000000
0.98431373
0.77647060
0.54509807
0.50588238
0.37647060
0.25098041
0.18039216
0.10196079
0.05490196
0.03137255
0.00784314
0.00784314
0.01176471
0.01960784
0.02352941
0.02745098
0.07058824
0.18431373
0.52941179
0.74117649
0.56470591
0.67843139
0.80784315
0.66274512
0.60784316
0.59607846
0.60784316
0.58039218
0.52156866
0.50980395
0.94509804
0.99607843
0.97647059
0.52156866
0.23137255
0.22352941
0.29803923
0.36862746
0.41568628
0.40392157
0.49803922
0.58823532
0.52549022
0.46274510
0.33725491
0.31372550
0.31764707
0.41960785
0.41568628
0.50196081
0.49411765
0.63921571
0.66274512
0.47450981
0.38431373
0.31372550
0.27843139
0.29019609
0.34509805
0.34509805
0.38823530
0.37254903
0.85490197
0.99607843
0.94117647
0.57647061
0.57254905
0.47843137
0.40000001
0.45490196
0.35294119
0.46274510
0.28235295
0.37254903
0.34509805
0.38431373
0.46666667
0.50196081
0.60000002
0.66666669
0.53333336
0.33333334
0.08627451
0.25098041
0.28235295
0.03529412
0.00784314
0.01568628
0.01176471
0.02352941
0.05882353
0.03529412
0.08235294
0.12941177
0.77647060
0.99607843
0.89803922
0.49411765
0.57254905
0.45882353
0.37647060
0.41568628
0.38823530
0.45882353
0.47058824
0.45882353
0.48235294
0.44313726
0.50588238
0.42745098
0.43921569
0.40000001
0.32156864
0.09019608
0.01568628
0.03529412
0.01176471
0.07450981
0.04313726
0.01960784
0.01176471
0.01960784
0.02352941
0.01568628
0.03137255
0.07450981
0.72549021
0.99607843
0.77254903
0.30980393
0.35294119
0.50196081
0.67450982
0.73725492
0.70588237
0.68235296
0.72941178
0.70588237
0.69411767
0.55686277
0.41568628
0.29019609
0.11764706
0.07843138
0.03921569
0.06666667
0.14509805
0.16470589
0.15686275
0.14509805
0.12156863
0.05882353
0.06274510
0.05882353
0.04313726
0.04705882
0.06274510
0.07058824
0.67843139
0.99607843
0.54117650
0.30588236
0.36862746
0.47058824
0.32549021
0.22352941
0.23921569
0.22745098
0.19215687
0.19607843
0.41960785
0.37254903
0.25882354
0.15294118
0.07058824
0.03529412
0.01568628
0.03921569
0.10588235
0.10980392
0.15686275
0.11372549
0.17647059
0.18039216
0.18039216
0.16862746
0.12941177
0.14509805
0.18823530
0.08627451
0.60784316
0.99607843
0.49803922
0.20000000
0.29803923
0.32941177
0.20000000
0.01568628
0.01960784
0.01568628
0.03137255
0.06274510
0.24313726
0.13333334
0.06666667
0.03921569
0.01960784
0.00784314
0.01568628
0.01960784
0.05098039
0.35294119
0.25882354
0.10196079
0.05098039
0.04705882
0.03137255
0.04313726
0.04313726
0.04705882
0.11764706
0.12549020
0.52549022
0.99607843
0.60784316
0.13333334
0.23137255
0.24705882
0.16470589
0.02352941
0.02352941
0.02352941
0.02745098
0.06666667
0.15294118
0.14901961
0.10588235
0.10980392
0.12156863
0.02745098
0.01176471
0.04313726
0.12549020
0.45882353
0.46666667
0.10588235
0.01960784
0.01176471
0.01568628
0.01176471
0.00784314
0.01176471
0.10196079
0.33333334
0.57647061
1.00000000
0.67843139
0.26666668
0.20784314
0.07450981
0.08235294
0.09411765
0.10196079
0.10980392
0.10980392
0.11764706
0.06666667
0.06666667
0.03137255
0.24313726
0.42745098
0.08627451
0.01568628
0.02745098
0.16470589
0.36078432
0.44705883
0.18823530
0.02745098
0.02745098
0.01568628
0.02352941
0.02352941
0.01568628
0.09803922
0.50980395
0.69803923
0.99607843
0.78431374
0.41960785
0.27450982
0.05490196
0.07058824
0.11764706
0.15294118
0.16862746
0.15686275
0.13333334
0.06274510
0.01176471
0.00392157
0.19607843
0.41176471
0.12941177
0.00392157
0.00392157
0.30980393
0.48627451
0.54117650
0.23529412
0.02745098
0.03137255
0.01568628
0.02352941
0.03529412
0.04313726
0.15294118
0.54509807
0.73333335
0.99607843
0.82352942
0.36470589
0.33333334
0.24313726
0.18823530
0.15686275
0.15294118
0.14901961
0.13725491
0.13725491
0.17647059
0.24705882
0.35294119
0.37254903
0.31764707
0.05882353
0.01568628
0.01960784
0.26274511
0.57254905
0.60000002
0.31372550
0.07450981
0.17254902
0.16862746
0.18431373
0.17647059
0.13725491
0.20784314
0.56862748
0.81176472
1.00000000
0.83137256
0.22745098
0.40392157
0.49019608
0.49411765
0.49411765
0.48235294
0.47058824
0.46274510
0.46666667
0.46274510
0.45490196
0.41568628
0.27450982
0.07843138
0.02745098
0.03137255
0.04705882
0.21176471
0.55686277
0.45490196
0.38431373
0.10980392
0.30196080
0.30588236
0.23529412
0.13333334
0.03921569
0.16862746
0.67450982
0.85098040
1.00000000
0.89803922
0.16078432
0.04705882
0.05490196
0.09019608
0.10588235
0.10588235
0.10196079
0.05882353
0.02745098
0.02352941
0.00784314
0.00000000
0.00000000
0.00784314
0.03921569
0.05098039
0.06274510
0.23921569
0.70196080
0.61960787
0.27058825
0.03921569
0.04313726
0.05098039
0.05490196
0.07450981
0.04313726
0.16862746
0.66666669
0.83921570
1.00000000
0.94509804
0.25490198
0.05882353
0.04313726
0.03529412
0.01568628
0.02745098
0.12549020
0.20000000
0.17647059
0.17254902
0.16470589
0.16862746
0.16078432
0.06274510
0.01568628
0.01176471
0.02352941
0.28235295
0.45882353
0.61568630
0.34901962
0.64313728
0.67843139
0.71764708
0.74509805
0.70588237
0.11372549
0.12156863
0.56470591
0.82352942
0.99607843
0.96862745
0.38823530
0.03921569
0.05098039
0.05098039
0.03529412
0.41176471
0.83137256
0.92941177
0.91372550
0.89411765
0.86274511
0.86666667
0.73333335
0.07843138
0.02352941
0.00392157
0.01568628
0.18039216
0.38823530
0.49019608
0.46274510
1.00000000
1.00000000
1.00000000
1.00000000
0.94901961
0.19607843
0.06274510
0.47843137
0.86666667
0.99607843
0.99607843
0.67450982
0.07843138
0.05098039
0.04313726
0.10588235
0.82745099
1.00000000
1.00000000
1.00000000
1.00000000
1.00000000
1.00000000
0.96470588
0.25098041
0.03529412
0.12549020
0.04313726
0.05882353
0.52941179
0.42352942
0.64705884
0.95686275
0.96470588
0.99215686
0.98823529
0.96862745
0.36470589
0.00000000
0.20392157
0.91764706
0.97647059
0.90980393
0.78039217
0.21960784
0.05490196
0.03137255
0.18823530
0.63529414
0.62745100
0.58431375
0.56470591
0.54509807
0.50980395
0.46274510
0.43529412
0.18039216
0.00000000
0.10588235
0.01960784
0.00000000
0.09803922
0.09803922
0.25882354
0.33333334
0.38431373
0.46274510
0.52156866
0.58039218
0.47843137
0.32549021
0.51372552
0.84313726
0.95686275
0.88627452
0.76470590
0.67843139
0.59607846
0.56078434
0.56470591
0.51372552
0.46666667
0.43137255
0.41176471
0.38039216
0.34901962
0.32156864
0.30980393
0.32156864
0.32549021
0.32941177
0.33725491
0.35294119
0.37647060
0.44705883
0.51372552
0.60000002
0.66274512
0.70980394
0.78431374
0.81568629
0.87450981
0.95294118
0.96470588
0.95294118
0.99215686
0.99215686
0.98039216
0.98823529
0.99607843
0.99215686
0.99215686
0.98823529
0.97647059
0.97254902
0.96862745
0.96862745
0.96470588
0.95294118
0.95294118
0.94509804
0.94509804
0.94509804
0.95294118
0.96470588
0.96862745
0.97647059
1.00000000
1.00000000
1.00000000
1.00000000
1.00000000
0.99607843
0.98431373
0.99215686
0.99215686
0.99607843
1 -1 0 0 0 0 0 0 0 0 0
0 -1 1 0 0 0 0 0 0 0 0
0 -1 0 1 0 0 0 0 0 0 0
0 -1 0 0 1 0 0 0 0 0 0
0 -1 0 0 0 1 0 0 0 0 0
0 -1 0 0 0 0 1 0 0 0 0
0 -1 0 0 0 0 0 1 0 0 0
0 -1 0 0 0 0 0 0 1 0 0
0 -1 0 0 0 0 0 0 0 1 0
