0.50588238
0.49803922
0.50196081
0.50196081
0.50196081
0.50588238
0.50980395
0.50980395
0.50980395
0.50980395
0.51372552
0.51372552
0.51372552
0.51372552
0.51372552
0.51372552
0.50980395
0.50588238
0.50588238
0.50588238
0.50196081
0.49803922
0.49803922
0.50196081
0.50196081
0.50196081
0.50196081
0.50196081
0.49803922
0.49803922
0.50196081
0.50196081
0.52549022
0.51764709
0.52156866
0.52156866
0.52156866
0.52156866
0.52156866
0.52156866
0.52156866
0.52549022
0.53333336
0.52941179
0.52941179
0.52941179
0.53333336
0.53333336
0.52156866
0.52549022
0.52941179
0.53725493
0.54117650
0.53725493
0.53333336
0.52941179
0.52941179
0.52549022
0.51764709
0.51764709
0.52549022
0.52549022
0.52549022
0.52156866
0.53725493
0.53725493
0.53725493
0.53725493
0.53725493
0.54117650
0.54509807
0.54117650
0.54117650
0.54509807
0.54509807
0.54901963
0.54509807
0.54509807
0.54901963
0.54901963
0.54901963
0.54117650
0.50196081
0.45882353
0.43921569
0.40784314
0.36862746
0.32941177
0.30588236
0.45098040
0.55686277
0.54117650
0.54117650
0.56078434
0.54901963
0.53725493
0.55294120
0.55294120
0.55686277
0.55294120
0.55294120
0.56078434
0.56078434
0.56078434
0.56078434
0.56078434
0.56078434
0.56470591
0.56470591
0.56078434
0.56862748
0.55294120
0.48627451
0.38039216
0.29019609
0.23137255
0.20392157
0.16862746
0.13333334
0.11764706
0.07450981
0.29411766
0.52941179
0.37254903
0.32549021
0.41568628
0.54509807
0.55294120
0.57254905
0.57254905
0.57254905
0.57254905
0.57254905
0.57647061
0.58039218
0.58039218
0.58039218
0.58039218
0.58039218
0.58431375
0.58039218
0.58823532
0.54117650
0.37254903
0.25098041
0.18431373
0.15686275
0.14117648
0.11372549
0.10196079
0.10196079
0.11372549
0.09411765
0.23529412
0.53333336
0.39607844
0.43529412
0.22352941
0.33725491
0.54117650
0.59607846
0.59215689
0.59215689
0.59607846
0.59607846
0.60000002
0.60392159
0.60392159
0.60784316
0.60392159
0.60784316
0.60784316
0.61176473
0.52941179
0.31764707
0.18431373
0.16470589
0.14901961
0.14509805
0.11372549
0.09411765
0.11764706
0.09411765
0.10980392
0.10980392
0.19215687
0.52549022
0.50980395
0.60784316
0.26274511
0.16470589
0.32941177
0.62352943
0.62352943
0.62352943
0.62352943
0.62352943
0.62352943
0.62352943
0.62745100
0.62745100
0.62745100
0.62352943
0.63921571
0.56078434
0.32549021
0.19215687
0.16470589
0.14901961
0.16078432
0.13725491
0.08235294
0.08627451
0.13333334
0.10196079
0.11764706
0.12549020
0.13725491
0.43921569
0.52549022
0.59607846
0.28235295
0.18431373
0.21568628
0.65490198
0.65490198
0.65882355
0.65882355
0.65490198
0.65098041
0.65098041
0.65490198
0.65490198
0.65882355
0.65490198
0.54901963
0.34117648
0.20784314
0.15686275
0.12156863
0.10980392
0.14509805
0.10196079
0.07058824
0.07450981
0.12941177
0.12156863
0.13333334
0.14509805
0.11372549
0.38039216
0.54509807
0.60392159
0.29019609
0.20784314
0.24313726
0.69019610
0.67843139
0.68627453
0.68235296
0.67843139
0.68235296
0.68235296
0.68235296
0.68235296
0.68627453
0.50196081
0.18039216
0.08627451
0.07058824
0.05882353
0.05098039
0.04705882
0.07450981
0.09019608
0.09803922
0.09411765
0.15686275
0.14117648
0.13333334
0.15294118
0.13333334
0.38431373
0.54901963
0.60000002
0.29411766
0.23137255
0.27450982
0.72156864
0.70588237
0.70980394
0.70588237
0.69803923
0.70588237
0.70980394
0.70588237
0.70980394
0.71372551
0.36470589
0.06274510
0.07450981
0.07843138
0.09803922
0.10588235
0.11372549
0.12941177
0.14117648
0.13725491
0.25490198
0.35294119
0.18823530
0.14117648
0.15686275
0.13725491
0.38431373
0.55686277
0.59607846
0.30196080
0.23529412
0.28627452
0.74901962
0.73725492
0.74901962
0.74117649
0.73333335
0.73333335
0.73725492
0.73725492
0.73333335
0.70196080
0.43921569
0.33725491
0.31372550
0.14117648
0.13333334
0.13725491
0.18823530
0.18823530
0.14901961
0.14901961
0.42352942
0.60392159
0.29803923
0.14901961
0.18039216
0.23137255
0.39215687
0.55686277
0.59215689
0.31372550
0.22352941
0.26274511
0.78039217
0.78431374
0.80000001
0.78431374
0.78431374
0.76862746
0.75686276
0.76078433
0.70196080
0.48235294
0.39607844
0.35686275
0.29411766
0.17647059
0.17254902
0.22352941
0.25098041
0.19607843
0.14901961
0.16862746
0.46666667
0.69803923
0.44705883
0.17647059
0.23529412
0.44313726
0.42352942
0.54901963
0.60392159
0.32156864
0.23529412
0.27843139
0.80784315
0.79215688
0.79215688
0.76470590
0.76078433
0.76078433
0.74901962
0.74901962
0.58823532
0.34117648
0.40000001
0.39607844
0.30196080
0.23529412
0.20000000
0.20392157
0.16862746
0.15294118
0.10980392
0.17254902
0.42745098
0.61960787
0.48235294
0.21568628
0.20392157
0.43529412
0.43529412
0.52549022
0.61568630
0.32156864
0.23529412
0.27058825
0.76078433
0.72156864
0.70588237
0.70980394
0.67450982
0.71764708
0.71372551
0.69411767
0.57254905
0.56470591
0.59215689
0.53725493
0.32549021
0.16078432
0.11764706
0.08235294
0.05098039
0.15686275
0.09019608
0.10980392
0.19215687
0.30588236
0.30588236
0.18823530
0.16078432
0.25490198
0.34509805
0.48235294
0.56470591
0.31372550
0.23921569
0.25882354
0.73725492
0.70980394
0.64313728
0.53725493
0.61568630
0.74901962
0.74509805
0.74117649
0.71764708
0.63137257
0.43529412
0.29019609
0.19607843
0.16078432
0.10196079
0.08627451
0.07450981
0.14509805
0.11372549
0.10196079
0.14117648
0.19607843
0.20392157
0.17647059
0.18823530
0.17254902
0.30196080
0.44313726
0.44705883
0.28627452
0.23529412
0.25490198
0.76470590
0.81960785
0.74509805
0.58431375
0.81568629
0.91372550
0.84705883
0.83137256
0.75294119
0.70980394
0.59607846
0.47450981
0.38431373
0.39215687
0.20392157
0.12941177
0.12156863
0.16862746
0.16470589
0.13725491
0.17254902
0.17647059
0.16470589
0.14901961
0.21568628
0.26666668
0.23529412
0.33725491
0.38431373
0.25098041
0.19607843
0.16862746
0.59215689
0.74509805
0.69411767
0.70588237
0.78823531
0.78039217
0.85882354
0.91372550
0.86274511
0.83529413
0.88235295
0.76078433
0.61568630
0.63529414
0.50980395
0.36862746
0.23921569
0.27843139
0.23529412
0.21176471
0.31372550
0.30588236
0.20000000
0.13725491
0.27843139
0.45490196
0.15686275
0.20000000
0.35294119
0.25490198
0.19215687
0.12941177
0.52549022
0.67450982
0.57254905
0.56078434
0.57254905
0.54117650
0.87450981
0.97647059
0.90588236
0.87058824
0.91372550
0.85490197
0.73333335
0.68235296
0.75294119
0.61568630
0.49019608
0.34509805
0.25882354
0.27843139
0.30196080
0.25490198
0.15686275
0.14117648
0.30980393
0.47058824
0.15294118
0.06666667
0.17254902
0.23137255
0.25490198
0.23137255
0.54509807
0.61568630
0.68235296
0.65490198
0.69803923
0.65882355
0.88627452
0.93333334
0.89411765
0.93333334
0.86666667
0.89803922
0.86666667
0.77254903
0.81960785
0.80000001
0.67058825
0.50588238
0.41176471
0.24313726
0.20000000
0.16862746
0.14901961
0.19215687
0.27058825
0.28235295
0.18039216
0.09803922
0.05490196
0.09803922
0.12156863
0.13333334
0.62745100
0.64313728
0.70980394
0.65490198
0.75294119
0.60784316
0.82745099
0.94117647
0.96078432
0.95686275
0.89411765
0.93725491
0.94117647
0.84705883
0.57254905
0.59215689
0.67058825
0.40784314
0.30196080
0.19215687
0.13333334
0.15294118
0.16078432
0.16078432
0.16862746
0.15294118
0.18431373
0.20784314
0.14901961
0.09411765
0.14117648
0.07843138
0.57254905
0.61176473
0.71764708
0.65490198
0.75686276
0.55294120
0.76078433
0.88235295
0.84313726
0.91764706
0.85098040
0.80000001
0.80392158
0.65098041
0.31372550
0.20392157
0.34901962
0.18431373
0.11764706
0.07450981
0.05490196
0.10980392
0.20392157
0.25882354
0.26274511
0.18431373
0.24313726
0.28235295
0.28235295
0.25098041
0.31372550
0.18039216
0.52549022
0.54117650
0.58431375
0.60000002
0.77647060
0.52549022
0.42745098
0.43921569
0.44313726
0.64705884
0.56078434
0.47450981
0.50196081
0.26666668
0.07843138
0.06274510
0.12941177
0.26274511
0.19215687
0.14117648
0.13333334
0.21176471
0.43921569
0.48235294
0.48627451
0.35294119
0.21568628
0.20392157
0.36470589
0.36078432
0.44705883
0.18431373
0.50980395
0.56862748
0.36470589
0.22352941
0.43137255
0.41176471
0.32941177
0.27843139
0.34901962
0.51764709
0.49411765
0.42352942
0.27843139
0.07058824
0.07450981
0.10196079
0.14901961
0.44313726
0.41568628
0.32549021
0.23137255
0.28235295
0.40392157
0.36470589
0.35686275
0.26274511
0.17647059
0.18039216
0.47058824
0.40392157
0.46274510
0.33333334
0.50196081
0.44705883
0.27058825
0.09411765
0.11372549
0.51764709
0.70196080
0.61176473
0.64313728
0.79215688
0.76470590
0.50980395
0.14509805
0.09803922
0.16470589
0.14901961
0.09803922
0.34117648
0.37647060
0.26274511
0.15294118
0.18431373
0.20392157
0.18039216
0.17647059
0.16078432
0.16078432
0.16862746
0.38039216
0.40784314
0.47843137
0.62745100
0.50980395
0.37254903
0.14901961
0.09019608
0.11372549
0.58823532
0.80392158
0.63137257
0.55686277
0.60392159
0.59215689
0.29803923
0.07058824
0.15686275
0.35686275
0.36078432
0.12156863
0.34509805
0.39607844
0.21568628
0.10980392
0.10588235
0.14117648
0.16078432
0.13725491
0.09019608
0.09019608
0.20784314
0.38823530
0.58431375
0.65490198
0.66666669
0.47450981
0.47450981
0.32941177
0.19215687
0.13725491
0.22352941
0.42745098
0.36470589
0.23137255
0.14509805
0.18823530
0.12156863
0.08235294
0.29411766
0.54901963
0.43921569
0.18431373
0.23921569
0.27843139
0.27058825
0.27450982
0.15686275
0.09803922
0.10588235
0.16078432
0.30196080
0.45098040
0.55686277
0.62352943
0.65490198
0.63921571
0.61960787
0.48235294
0.47843137
0.37254903
0.47450981
0.25882354
0.25490198
0.21960784
0.11372549
0.09411765
0.08235294
0.07450981
0.05882353
0.09411765
0.32156864
0.51372552
0.41960785
0.20392157
0.14117648
0.27058825
0.32549021
0.22745098
0.14117648
0.22745098
0.37647060
0.50588238
0.58823532
0.62352943
0.63921571
0.65098041
0.61960787
0.58431375
0.56862748
0.52941179
0.50980395
0.45882353
0.40784314
0.21568628
0.50588238
0.39607844
0.09803922
0.26666668
0.45882353
0.32156864
0.09411765
0.10980392
0.29803923
0.45882353
0.42745098
0.18431373
0.07450981
0.08627451
0.10588235
0.15686275
0.40000001
0.60000002
0.64705884
0.63137257
0.63137257
0.65882355
0.63529414
0.63137257
0.58431375
0.51764709
0.50980395
0.51764709
0.49411765
0.48235294
0.26666668
0.09019608
0.27058825
0.26274511
0.09411765
0.43921569
0.59607846
0.37254903
0.13333334
0.10980392
0.26666668
0.43137255
0.34509805
0.14117648
0.17647059
0.25882354
0.36470589
0.52549022
0.63529414
0.65098041
0.64313728
0.63529414
0.63921571
0.63529414
0.60392159
0.58823532
0.58823532
0.54117650
0.49803922
0.48235294
0.47058824
0.46274510
0.42352942
0.26666668
0.10196079
0.03921569
0.06274510
0.16470589
0.16078432
0.10196079
0.07450981
0.10196079
0.17647059
0.28627452
0.23137255
0.33333334
0.55294120
0.61960787
0.63921571
0.64313728
0.62352943
0.61960787
0.60392159
0.60392159
0.60000002
0.57647061
0.56862748
0.54117650
0.56862748
0.55686277
0.52156866
0.49411765
0.48235294
0.47843137
0.49019608
0.49019608
0.35294119
0.14509805
0.06274510
0.04313726
0.05098039
0.05882353
0.07843138
0.13333334
0.16078432
0.26666668
0.43921569
0.61568630
0.64705884
0.63921571
0.60784316
0.56862748
0.57254905
0.59607846
0.58039218
0.58039218
0.56470591
0.56862748
0.56470591
0.53333336
0.54117650
0.56078434
0.53725493
0.49803922
0.48235294
0.46666667
0.46274510
0.47450981
0.48627451
0.43137255
0.32941177
0.30196080
0.30980393
0.32941177
0.38039216
0.44313726
0.46274510
0.52549022
0.58431375
0.58431375
0.56078434
0.56862748
0.56862748
0.55294120
0.55686277
0.58039218
0.58039218
0.55686277
0.54117650
0.55294120
0.55686277
0.52156866
0.53725493
0.55686277
0.53333336
0.58823532
0.58039218
0.58431375
0.58431375
0.58431375
0.58823532
0.59215689
0.58823532
0.58823532
0.59215689
0.59607846
0.59607846
0.59607846
0.59607846
0.59607846
0.59607846
0.60000002
0.60000002
0.59607846
0.59607846
0.60000002
0.59607846
0.59607846
0.60000002
0.60000002
0.59607846
0.58823532
0.59215689
0.59607846
0.59607846
0.59607846
0.59215689
0.60784316
0.60000002
0.60392159
0.60392159
0.60392159
0.60392159
0.60392159
0.60392159
0.60392159
0.60784316
0.61568630
0.61176473
0.61176473
0.61176473
0.61568630
0.61960787
0.61568630
0.61960787
0.62745100
0.63137257
0.61960787
0.61176473
0.60784316
0.60784316
0.62352943
0.62352943
0.60784316
0.60784316
0.60784316
0.60392159
0.61176473
0.61176473
0.62352943
0.61960787
0.62352943
0.62352943
0.62352943
0.62745100
0.62745100
0.62745100
0.62745100
0.63137257
0.63137257
0.63137257
0.63137257
0.62745100
0.63529414
0.63529414
0.63137257
0.62352943
0.58823532
0.54117650
0.49411765
0.45490196
0.41568628
0.38039216
0.38431373
0.53725493
0.63529414
0.62352943
0.61176473
0.62745100
0.62745100
0.63137257
0.64313728
0.63921571
0.64313728
0.64313728
0.63921571
0.64705884
0.64705884
0.64705884
0.64705884
0.64705884
0.64705884
0.65098041
0.65098041
0.64705884
0.65882355
0.63137257
0.54117650
0.43529412
0.34901962
0.29019609
0.23921569
0.19607843
0.16078432
0.14509805
0.12941177
0.34901962
0.58431375
0.42745098
0.37647060
0.47058824
0.62352943
0.65098041
0.66274512
0.65882355
0.66274512
0.65882355
0.65882355
0.66274512
0.66666669
0.66666669
0.66666669
0.66666669
0.66666669
0.67058825
0.66666669
0.67450982
0.62352943
0.44313726
0.27450982
0.20784314
0.18823530
0.17254902
0.12941177
0.11372549
0.12549020
0.13333334
0.12156863
0.26274511
0.56078434
0.42352942
0.46666667
0.27058825
0.40784314
0.63921571
0.68627453
0.67843139
0.67843139
0.67843139
0.67450982
0.67843139
0.68235296
0.68235296
0.68627453
0.68627453
0.69019610
0.69019610
0.68627453
0.59607846
0.37647060
0.23137255
0.17647059
0.16078432
0.15686275
0.13333334
0.09803922
0.10196079
0.13333334
0.13333334
0.12156863
0.22352941
0.56470591
0.56078434
0.65490198
0.30588236
0.21176471
0.38431373
0.70196080
0.69803923
0.70196080
0.69803923
0.69803923
0.69803923
0.69803923
0.70196080
0.70196080
0.70588237
0.70196080
0.71372551
0.61568630
0.37254903
0.22745098
0.19215687
0.16470589
0.17254902
0.14901961
0.10588235
0.10588235
0.11372549
0.14117648
0.14117648
0.13333334
0.17254902
0.48627451
0.58039218
0.64313728
0.32156864
0.22352941
0.25490198
0.72156864
0.71764708
0.72549021
0.72549021
0.72549021
0.72156864
0.71764708
0.72156864
0.72156864
0.72549021
0.72941178
0.60784316
0.37647060
0.23137255
0.16862746
0.12941177
0.12549020
0.16470589
0.12156863
0.10196079
0.12156863
0.12156863
0.14509805
0.14509805
0.14509805
0.14117648
0.41568628
0.59215689
0.65098041
0.33333334
0.25098041
0.28627452
0.73725492
0.72549021
0.73333335
0.73725492
0.74117649
0.74117649
0.74509805
0.74509805
0.74509805
0.74901962
0.56470591
0.23137255
0.11764706
0.09019608
0.05882353
0.05098039
0.06274510
0.09411765
0.10980392
0.12549020
0.12549020
0.12549020
0.13725491
0.14901961
0.15294118
0.14509805
0.41176471
0.58431375
0.64313728
0.33725491
0.27450982
0.31764707
0.75294119
0.73725492
0.74509805
0.75294119
0.75686276
0.76470590
0.76470590
0.76078433
0.76078433
0.76862746
0.41568628
0.10980392
0.11372549
0.10588235
0.10588235
0.10980392
0.12941177
0.15294118
0.16078432
0.16078432
0.24705882
0.27843139
0.15686275
0.16470589
0.16470589
0.14509805
0.40392157
0.58431375
0.63529414
0.34509805
0.27843139
0.33333334
0.77254903
0.76078433
0.77254903
0.76862746
0.76862746
0.76862746
0.77647060
0.77647060
0.77647060
0.75294119
0.50196081
0.40392157
0.36470589
0.18039216
0.16078432
0.15686275
0.20392157
0.20392157
0.16078432
0.16078432
0.37254903
0.48235294
0.23137255
0.17254902
0.19215687
0.21960784
0.40392157
0.58431375
0.63137257
0.35686275
0.26274511
0.30588236
0.78823531
0.78823531
0.80392158
0.78431374
0.78039217
0.77254903
0.77647060
0.79215688
0.73725492
0.53333336
0.47450981
0.43137255
0.33725491
0.21568628
0.21568628
0.26666668
0.26274511
0.18823530
0.14117648
0.17254902
0.40784314
0.56078434
0.30588236
0.16862746
0.23137255
0.37254903
0.41176471
0.58431375
0.62745100
0.35294119
0.26274511
0.30588236
0.80392158
0.79215688
0.79215688
0.78823531
0.80000001
0.80000001
0.78823531
0.80392158
0.64313728
0.36078432
0.39607844
0.38823530
0.30980393
0.24313726
0.21960784
0.23921569
0.19215687
0.14901961
0.10980392
0.18431373
0.38431373
0.49019608
0.32156864
0.17647059
0.21176471
0.37254903
0.42352942
0.55686277
0.62745100
0.34117648
0.25490198
0.29019609
0.75294119
0.71372551
0.69803923
0.71372551
0.69019610
0.72549021
0.69803923
0.67058825
0.54901963
0.50588238
0.50588238
0.46274510
0.30980393
0.16078432
0.12941177
0.11372549
0.07843138
0.15294118
0.08627451
0.13333334
0.20000000
0.23921569
0.20784314
0.17647059
0.19607843
0.21960784
0.33725491
0.50588238
0.56862748
0.32941177
0.25098041
0.27058825
0.72156864
0.69411767
0.62352943
0.48627451
0.56078434
0.69411767
0.62745100
0.56470591
0.53725493
0.48627451
0.31372550
0.20000000
0.15294118
0.14117648
0.11372549
0.10980392
0.07843138
0.12549020
0.09803922
0.11372549
0.17254902
0.20000000
0.20000000
0.21568628
0.22352941
0.12549020
0.27843139
0.45490196
0.44313726
0.29019609
0.24313726
0.25882354
0.73333335
0.79215688
0.71372551
0.52941179
0.77647060
0.87450981
0.71372551
0.61176473
0.52156866
0.51372552
0.41568628
0.30980393
0.24705882
0.29411766
0.14117648
0.09411765
0.09411765
0.11764706
0.11372549
0.10980392
0.13333334
0.15294118
0.17647059
0.18039216
0.20392157
0.17254902
0.19215687
0.34509805
0.38039216
0.25490198
0.20000000
0.16862746
0.56470591
0.72549021
0.67450982
0.67450982
0.79215688
0.80000001
0.78039217
0.75294119
0.67450982
0.61960787
0.61960787
0.48235294
0.38039216
0.44313726
0.34117648
0.22352941
0.16470589
0.20000000
0.16470589
0.14509805
0.19215687
0.21568628
0.16862746
0.11372549
0.21176471
0.33333334
0.09019608
0.21176471
0.35686275
0.25098041
0.18823530
0.12549020
0.50588238
0.68627453
0.58431375
0.56078434
0.58823532
0.59607846
0.86274511
0.86666667
0.72941178
0.64313728
0.63529414
0.56078434
0.47058824
0.45098040
0.52941179
0.39607844
0.32156864
0.23137255
0.17254902
0.18823530
0.21960784
0.19215687
0.12156863
0.11764706
0.23529412
0.36862746
0.07843138
0.08627451
0.19215687
0.21568628
0.23921569
0.21568628
0.51764709
0.60784316
0.69019610
0.65490198
0.68235296
0.67058825
0.85098040
0.80000001
0.72941178
0.75686276
0.65490198
0.66274512
0.61176473
0.49411765
0.60000002
0.62352943
0.44705883
0.34509805
0.29803923
0.14509805
0.15686275
0.14117648
0.13333334
0.19215687
0.23529412
0.22745098
0.13333334
0.10980392
0.07058824
0.07843138
0.10588235
0.11764706
0.59215689
0.60784316
0.69411767
0.64705884
0.70196080
0.56078434
0.74117649
0.78039217
0.80000001
0.77647060
0.69411767
0.75686276
0.70980394
0.54901963
0.37254903
0.49019608
0.48627451
0.26274511
0.21960784
0.14509805
0.11764706
0.14901961
0.16470589
0.18039216
0.17254902
0.14509805
0.17254902
0.20784314
0.14901961
0.08235294
0.12549020
0.06666667
0.54901963
0.56862748
0.69411767
0.64705884
0.69803923
0.49411765
0.65882355
0.71372551
0.65882355
0.68627453
0.62352943
0.61568630
0.60392159
0.43137255
0.16862746
0.14117648
0.25882354
0.10980392
0.09019608
0.08235294
0.05882353
0.11372549
0.20784314
0.26274511
0.26666668
0.18823530
0.24705882
0.28235295
0.27450982
0.23921569
0.30196080
0.16862746
0.52941179
0.51372552
0.56078434
0.60000002
0.73333335
0.50588238
0.36470589
0.32549021
0.32156864
0.46274510
0.38039216
0.30588236
0.35686275
0.20784314
0.04705882
0.01960784
0.08627451
0.20000000
0.15294118
0.13333334
0.12549020
0.20000000
0.41960785
0.44705883
0.44705883
0.32941177
0.22745098
0.20000000
0.34901962
0.35294119
0.43921569
0.17647059
0.53725493
0.56078434
0.33333334
0.22352941
0.41176471
0.37254903
0.25490198
0.20000000
0.27450982
0.37254903
0.34117648
0.28235295
0.18431373
0.08627451
0.10980392
0.08627451
0.11372549
0.35294119
0.31764707
0.26666668
0.21176471
0.27058825
0.38431373
0.32941177
0.31372550
0.23529412
0.18823530
0.18431373
0.45882353
0.39215687
0.44705883
0.31764707
0.54117650
0.44705883
0.21568628
0.07058824
0.11372549
0.41176471
0.55294120
0.45490196
0.45882353
0.59215689
0.54117650
0.33725491
0.09019608
0.08235294
0.18039216
0.18039216
0.09803922
0.26274511
0.27450982
0.20392157
0.15294118
0.18823530
0.21176471
0.18039216
0.17647059
0.16470589
0.17254902
0.17647059
0.38039216
0.40000001
0.46274510
0.60392159
0.54901963
0.38039216
0.10980392
0.05882353
0.12156863
0.50588238
0.67450982
0.46274510
0.36078432
0.45490196
0.41176471
0.15294118
0.04313726
0.15294118
0.38039216
0.40784314
0.14509805
0.29411766
0.32156864
0.17647059
0.11764706
0.11764706
0.15294118
0.17647059
0.14901961
0.10588235
0.10588235
0.22745098
0.40392157
0.59215689
0.65882355
0.66274512
0.51372552
0.49803922
0.32156864
0.18039216
0.14117648
0.14509805
0.33725491
0.26666668
0.12941177
0.11372549
0.13333334
0.05882353
0.08235294
0.31372550
0.58823532
0.48235294
0.20392157
0.20784314
0.23137255
0.24313726
0.26666668
0.15686275
0.10588235
0.11372549
0.17254902
0.32156864
0.47450981
0.58823532
0.65098041
0.67450982
0.65490198
0.63529414
0.52156866
0.51764709
0.39607844
0.47058824
0.26666668
0.19215687
0.12941177
0.07450981
0.07058824
0.07843138
0.08235294
0.06666667
0.10588235
0.34117648
0.54117650
0.44705883
0.20784314
0.12549020
0.25098041
0.31372550
0.21568628
0.13333334
0.21960784
0.37647060
0.51372552
0.60392159
0.64705884
0.66666669
0.66666669
0.63529414
0.60784316
0.59607846
0.57254905
0.56078434
0.50980395
0.41176471
0.22352941
0.43921569
0.27843139
0.07058824
0.21960784
0.31764707
0.23921569
0.09411765
0.12156863
0.30980393
0.46666667
0.42745098
0.18039216
0.08235294
0.10196079
0.11764706
0.14901961
0.39215687
0.60392159
0.65490198
0.64313728
0.64705884
0.67450982
0.65098041
0.63921571
0.59215689
0.54901963
0.56470591
0.56078434
0.54509807
0.53725493
0.29411766
0.10588235
0.21960784
0.18039216
0.07058824
0.36470589
0.41960785
0.24705882
0.10196079
0.10588235
0.26666668
0.42745098
0.33333334
0.13333334
0.18823530
0.28627452
0.39215687
0.53725493
0.64313728
0.66666669
0.66274512
0.65882355
0.66274512
0.65490198
0.62352943
0.60784316
0.61568630
0.58431375
0.56078434
0.52941179
0.51764709
0.50980395
0.47058824
0.30588236
0.12156863
0.05098039
0.05882353
0.13725491
0.12156863
0.07058824
0.05098039
0.09019608
0.16862746
0.28235295
0.22745098
0.32941177
0.55686277
0.63137257
0.65490198
0.65882355
0.63921571
0.63529414
0.61960787
0.63137257
0.63137257
0.60784316
0.60000002
0.58039218
0.61568630
0.60784316
0.57647061
0.54117650
0.52549022
0.52156866
0.53725493
0.53725493
0.38823530
0.17647059
0.07843138
0.05098039
0.05882353
0.06666667
0.08235294
0.13333334
0.16470589
0.27450982
0.45098040
0.62745100
0.66666669
0.65882355
0.62745100
0.59607846
0.59607846
0.62352943
0.60784316
0.61568630
0.60392159
0.61176473
0.60784316
0.58039218
0.59215689
0.61176473
0.58823532
0.54117650
0.52156866
0.50980395
0.50980395
0.52156866
0.52549022
0.46666667
0.36470589
0.33333334
0.34509805
0.36078432
0.40784314
0.46274510
0.48627451
0.55294120
0.61568630
0.62352943
0.60000002
0.60392159
0.60392159
0.58823532
0.59215689
0.61568630
0.61568630
0.60000002
0.59215689
0.60392159
0.60784316
0.57254905
0.58823532
0.60784316
0.58431375
0.77254903
0.76078433
0.76470590
0.76470590
0.76470590
0.76862746
0.77254903
0.77254903
0.76862746
0.77254903
0.77647060
0.77647060
0.77647060
0.77647060
0.77647060
0.77254903
0.76862746
0.76862746
0.76862746
0.77254903
0.76862746
0.76470590
0.76470590
0.76470590
0.74509805
0.76078433
0.78823531
0.77647060
0.76470590
0.76862746
0.76470590
0.76470590
0.78039217
0.77254903
0.77254903
0.77254903
0.77254903
0.77647060
0.77647060
0.77647060
0.77647060
0.78039217
0.78823531
0.78431374
0.78039217
0.78431374
0.78823531
0.79215688
0.79215688
0.78823531
0.79215688
0.79215688
0.78431374
0.77647060
0.77647060
0.77254903
0.76470590
0.78431374
0.80000001
0.78823531
0.78039217
0.78431374
0.79215688
0.80000001
0.78823531
0.78039217
0.78431374
0.78431374
0.78431374
0.78823531
0.78823531
0.78823531
0.78823531
0.79215688
0.79215688
0.79215688
0.79215688
0.78823531
0.79607844
0.80000001
0.80000001
0.77647060
0.72549021
0.66666669
0.63137257
0.59607846
0.55686277
0.51764709
0.50196081
0.67843139
0.80784315
0.78039217
0.75686276
0.78039217
0.79607844
0.80784315
0.79607844
0.78823531
0.79215688
0.79215688
0.79215688
0.79607844
0.80000001
0.80000001
0.80000001
0.80000001
0.80000001
0.80000001
0.80000001
0.79607844
0.80784315
0.78431374
0.68627453
0.56078434
0.44313726
0.36470589
0.32941177
0.29019609
0.25490198
0.23921569
0.20784314
0.45490196
0.71764708
0.54901963
0.47843137
0.58039218
0.75294119
0.80000001
0.80392158
0.80000001
0.80392158
0.80392158
0.80392158
0.80784315
0.81176472
0.81176472
0.81176472
0.81176472
0.80784315
0.81568629
0.81568629
0.81960785
0.76470590
0.58039218
0.40000001
0.30588236
0.25098041
0.21568628
0.18039216
0.16862746
0.17254902
0.18431373
0.17254902
0.34117648
0.66666669
0.51764709
0.54117650
0.34901962
0.50588238
0.75686276
0.81176472
0.80392158
0.80392158
0.81176472
0.81176472
0.81568629
0.81960785
0.82745099
0.83137256
0.81960785
0.81176472
0.82352942
0.83921570
0.72941178
0.48627451
0.32549021
0.26274511
0.23921569
0.22745098
0.18823530
0.14509805
0.18039216
0.16862746
0.18039216
0.19215687
0.29803923
0.65490198
0.65490198
0.74509805
0.39607844
0.30980393
0.48627451
0.81568629
0.80784315
0.81176472
0.82352942
0.82745099
0.82745099
0.82745099
0.83529413
0.84313726
0.83137256
0.81568629
0.82352942
0.72941178
0.46274510
0.29019609
0.24313726
0.21568628
0.22745098
0.20392157
0.15686275
0.17254902
0.21176471
0.20000000
0.20392157
0.21176471
0.24313726
0.56470591
0.67450982
0.74117649
0.41960785
0.32156864
0.35294119
0.82352942
0.81960785
0.82352942
0.83137256
0.83921570
0.83529413
0.83137256
0.84313726
0.85098040
0.83921570
0.82745099
0.68627453
0.42352942
0.27058825
0.18823530
0.14509805
0.14901961
0.18431373
0.14117648
0.13333334
0.20000000
0.20000000
0.21960784
0.22745098
0.21568628
0.21176471
0.49019608
0.67450982
0.73725492
0.42352942
0.34117648
0.37647060
0.82352942
0.81176472
0.81960785
0.83137256
0.83529413
0.83921570
0.83921570
0.84705883
0.85098040
0.84313726
0.65098041
0.28627452
0.14117648
0.10588235
0.07450981
0.06274510
0.07843138
0.10980392
0.12156863
0.15294118
0.17254902
0.12156863
0.19607843
0.23137255
0.20784314
0.21176471
0.48235294
0.66274512
0.72156864
0.41568628
0.35294119
0.39607844
0.82745099
0.81176472
0.81568629
0.83137256
0.83529413
0.83921570
0.84313726
0.85098040
0.85490197
0.84705883
0.48235294
0.15686275
0.14117648
0.13725491
0.14509805
0.14901961
0.15294118
0.17254902
0.18039216
0.18823530
0.21568628
0.15294118
0.17647059
0.23137255
0.20000000
0.20784314
0.47450981
0.65882355
0.70588237
0.41568628
0.34509805
0.40000001
0.82745099
0.81568629
0.83137256
0.84705883
0.85098040
0.85490197
0.86274511
0.85882354
0.85490197
0.82745099
0.56862748
0.45098040
0.41176471
0.23921569
0.23137255
0.22352941
0.24313726
0.23137255
0.19215687
0.19607843
0.28235295
0.24705882
0.19215687
0.23137255
0.20784314
0.24705882
0.44705883
0.64705884
0.69411767
0.41568628
0.32549021
0.36470589
0.81176472
0.81568629
0.83137256
0.83137256
0.84705883
0.84313726
0.85098040
0.84313726
0.78431374
0.60784316
0.52549022
0.44313726
0.35294119
0.27058825
0.26274511
0.29019609
0.29411766
0.20392157
0.15686275
0.21176471
0.30980393
0.23921569
0.19215687
0.21960784
0.21568628
0.29411766
0.36862746
0.62745100
0.67843139
0.40000001
0.30980393
0.35294119
0.81568629
0.80392158
0.80392158
0.77254903
0.77254903
0.78431374
0.78039217
0.81960785
0.68235296
0.38823530
0.36078432
0.30980393
0.25882354
0.23137255
0.20000000
0.20784314
0.21568628
0.16078432
0.12156863
0.21568628
0.27843139
0.21568628
0.22352941
0.18039216
0.17647059
0.29019609
0.37254903
0.58823532
0.66666669
0.37647060
0.29019609
0.32549021
0.76078433
0.72156864
0.70588237
0.74901962
0.74117649
0.76470590
0.73725492
0.69411767
0.54901963
0.48627451
0.44313726
0.39215687
0.26666668
0.14117648
0.12156863
0.11372549
0.10196079
0.16470589
0.09803922
0.15294118
0.12156863
0.11764706
0.19607843
0.14509805
0.15294118
0.16862746
0.30980393
0.52549022
0.58039218
0.34901962
0.27450982
0.29411766
0.72156864
0.69411767
0.62745100
0.51764709
0.57647061
0.65098041
0.55294120
0.46274510
0.41568628
0.38039216
0.24705882
0.17647059
0.15294118
0.15294118
0.15294118
0.16470589
0.08627451
0.10588235
0.07843138
0.10980392
0.14509805
0.19215687
0.23529412
0.20392157
0.18039216
0.06274510
0.26274511
0.46274510
0.43529412
0.29411766
0.24313726
0.26274511
0.73725492
0.80000001
0.71372551
0.48235294
0.63921571
0.61568630
0.37647060
0.29411766
0.22745098
0.22352941
0.18431373
0.16470589
0.16078432
0.20000000
0.09019608
0.09019608
0.06666667
0.05882353
0.05882353
0.07450981
0.10980392
0.14117648
0.14509805
0.15294118
0.14509805
0.08235294
0.17647059
0.34901962
0.35686275
0.23921569
0.18431373
0.15686275
0.50196081
0.63529414
0.63921571
0.67450982
0.70588237
0.60784316
0.46274510
0.34117648
0.25098041
0.18823530
0.20000000
0.14117648
0.12549020
0.18823530
0.14117648
0.09411765
0.08627451
0.11764706
0.09411765
0.08627451
0.13333334
0.15294118
0.07450981
0.06666667
0.12549020
0.19215687
0.05882353
0.21176471
0.32549021
0.23137255
0.16862746
0.10588235
0.31372550
0.39215687
0.49019608
0.60784316
0.56862748
0.63529414
0.69803923
0.37254903
0.21176471
0.18823530
0.18823530
0.13333334
0.12941177
0.16078432
0.25490198
0.14901961
0.15294118
0.12156863
0.09803922
0.11372549
0.13333334
0.14509805
0.09411765
0.09019608
0.12941177
0.18039216
0.03137255
0.08627451
0.15686275
0.20784314
0.23529412
0.20784314
0.38823530
0.40000001
0.63529414
0.69019610
0.68627453
0.74117649
0.60784316
0.19607843
0.12549020
0.22352941
0.15294118
0.17254902
0.20000000
0.13725491
0.23137255
0.25490198
0.20392157
0.17647059
0.18431373
0.05490196
0.09019608
0.10980392
0.10196079
0.12549020
0.13725491
0.08627451
0.09803922
0.10588235
0.03529412
0.07450981
0.09803922
0.10980392
0.56470591
0.56078434
0.70196080
0.66274512
0.72549021
0.58823532
0.40392157
0.16470589
0.20392157
0.21568628
0.17254902
0.24313726
0.23137255
0.19215687
0.09019608
0.20392157
0.25098041
0.09803922
0.10588235
0.07843138
0.09411765
0.11764706
0.09019608
0.07450981
0.08627451
0.08235294
0.15686275
0.19215687
0.11764706
0.06666667
0.10980392
0.05098039
0.49411765
0.52549022
0.68235296
0.64705884
0.72549021
0.46666667
0.34509805
0.27843139
0.23921569
0.23529412
0.20784314
0.19607843
0.17647059
0.18823530
0.09019608
0.08627451
0.11764706
0.00784314
0.02745098
0.06666667
0.06666667
0.07450981
0.11372549
0.14901961
0.17254902
0.17647059
0.24705882
0.25490198
0.24705882
0.20784314
0.27058825
0.13725491
0.34901962
0.34509805
0.47843137
0.59607846
0.74901962
0.42745098
0.20000000
0.20784314
0.16470589
0.21568628
0.15294118
0.08627451
0.11372549
0.08235294
0.05490196
0.05882353
0.02352941
0.12156863
0.09803922
0.12941177
0.13333334
0.14117648
0.30196080
0.31372550
0.32156864
0.34509805
0.22745098
0.16862746
0.33333334
0.30588236
0.40000001
0.14117648
0.26666668
0.29803923
0.21960784
0.20784314
0.40000001
0.25882354
0.09019608
0.12156863
0.14117648
0.13333334
0.10980392
0.14117648
0.10196079
0.03921569
0.09019608
0.07843138
0.08235294
0.27843139
0.24705882
0.23921569
0.20784314
0.21568628
0.28627452
0.23137255
0.20392157
0.23529412
0.17647059
0.15686275
0.44705883
0.34117648
0.38039216
0.23137255
0.27058825
0.21568628
0.14117648
0.07450981
0.06666667
0.19607843
0.23137255
0.18039216
0.12941177
0.16862746
0.15686275
0.12549020
0.05098039
0.08627451
0.17647059
0.15686275
0.08235294
0.19215687
0.18823530
0.15686275
0.11764706
0.14509805
0.15294118
0.12156863
0.11372549
0.12156863
0.13725491
0.14509805
0.31764707
0.28627452
0.30196080
0.39215687
0.28235295
0.15294118
0.03137255
0.07450981
0.05882353
0.24705882
0.41960785
0.25882354
0.09411765
0.15294118
0.13333334
0.02352941
0.02352941
0.15686275
0.38431373
0.37254903
0.06274510
0.16862746
0.20000000
0.09411765
0.05098039
0.04705882
0.06666667
0.08235294
0.07450981
0.03137255
0.01960784
0.11372549
0.22352941
0.35686275
0.38823530
0.36078432
0.25490198
0.23529412
0.14901961
0.08627451
0.07450981
0.06274510
0.20784314
0.14901961
0.02745098
0.01568628
0.05098039
0.03137255
0.06274510
0.29803923
0.56862748
0.44313726
0.11764706
0.10588235
0.14509805
0.19215687
0.22745098
0.10588235
0.03137255
0.03137255
0.06666667
0.17647059
0.28235295
0.35686275
0.38823530
0.39607844
0.36862746
0.34117648
0.26666668
0.23921569
0.16078432
0.36470589
0.18039216
0.04705882
0.03921569
0.05098039
0.01960784
0.01176471
0.04705882
0.06274510
0.07843138
0.29019609
0.48235294
0.40392157
0.17647059
0.09411765
0.22745098
0.29803923
0.19215687
0.08235294
0.14117648
0.26274511
0.33333334
0.38039216
0.39215687
0.38039216
0.40000001
0.38823530
0.35686275
0.34509805
0.32156864
0.26666668
0.22745098
0.32941177
0.12156863
0.17254902
0.12941177
0.05490196
0.09411765
0.10196079
0.07058824
0.03921569
0.06666667
0.20784314
0.36078432
0.36078432
0.16470589
0.05882353
0.05882353
0.05490196
0.05098039
0.24705882
0.40784314
0.41568628
0.38039216
0.36862746
0.38823530
0.36078432
0.38039216
0.35294119
0.28235295
0.27450982
0.29803923
0.25490198
0.23921569
0.12941177
0.01176471
0.07843138
0.07058824
0.01176471
0.20000000
0.16862746
0.04705882
0.03137255
0.07058824
0.18039216
0.32156864
0.25098041
0.07058824
0.09019608
0.13725491
0.19607843
0.30588236
0.38431373
0.37254903
0.34117648
0.34509805
0.36078432
0.36078432
0.33333334
0.32941177
0.32941177
0.27843139
0.23137255
0.24705882
0.23529412
0.22745098
0.24705882
0.16078432
0.03529412
0.01568628
0.02352941
0.07058824
0.04705882
0.00392157
0.01568628
0.07450981
0.12156863
0.20000000
0.11764706
0.18431373
0.36470589
0.38431373
0.37254903
0.36470589
0.34117648
0.33333334
0.31764707
0.32941177
0.32941177
0.30588236
0.29803923
0.27843139
0.30588236
0.29803923
0.26274511
0.26274511
0.25098041
0.25098041
0.27843139
0.30980393
0.21960784
0.07058824
0.00784314
0.00000000
0.00000000
0.00784314
0.01568628
0.03921569
0.04705882
0.11764706
0.26274511
0.39215687
0.41176471
0.38039216
0.33725491
0.29411766
0.29411766
0.32156864
0.30588236
0.31372550
0.29803923
0.30588236
0.30196080
0.27450982
0.28235295
0.30196080
0.27843139
0.27450982
0.25882354
0.24705882
0.22352941
0.23529412
0.27843139
0.24705882
0.18039216
0.16862746
0.17647059
0.19215687
0.22745098
0.24313726
0.25098041
0.29803923
0.33725491
0.30980393
0.29019609
0.30588236
0.30980393
0.28627452
0.29019609
0.31372550
0.31372550
0.29411766
0.28235295
0.29411766
0.29803923
0.26274511
0.27843139
0.29803923
0.27450982
1 0 0 0 0 0 0 0 0 -1 0
0 1 0 0 0 0 0 0 0 -1 0
0 0 1 0 0 0 0 0 0 -1 0
0 0 0 1 0 0 0 0 0 -1 0
0 0 0 0 1 0 0 0 0 -1 0
0 0 0 0 0 1 0 0 0 -1 0
0 0 0 0 0 0 1 0 0 -1 0
0 0 0 0 0 0 0 1 0 -1 0
0 0 0 0 0 0 0 0 1 -1 0
