0.85098040
0.76470590
0.76078433
0.71764708
0.65882355
0.58823532
0.51372552
0.47058824
0.44705883
0.40000001
0.38431373
0.39215687
0.39607844
0.40784314
0.41960785
0.41568628
0.40784314
0.37647060
0.43137255
0.43137255
0.41960785
0.38823530
0.32941177
0.32941177
0.46666667
0.74901962
0.92549020
0.98823529
0.93333334
0.76470590
0.51372552
0.23921569
0.85490197
0.76078433
0.72941178
0.68235296
0.60784316
0.56862748
0.52549022
0.50980395
0.45098040
0.40784314
0.39215687
0.39607844
0.39607844
0.40000001
0.41176471
0.41960785
0.43137255
0.43921569
0.50980395
0.51764709
0.53725493
0.42352942
0.33725491
0.32549021
0.52549022
0.76470590
0.95686275
1.00000000
0.90196079
0.77647060
0.54117650
0.29803923
0.84313726
0.72941178
0.69803923
0.65882355
0.60392159
0.60392159
0.56078434
0.53333336
0.45490196
0.41568628
0.40000001
0.39607844
0.39607844
0.40000001
0.40000001
0.41176471
0.41960785
0.46274510
0.49803922
0.61176473
0.66666669
0.50588238
0.38039216
0.35294119
0.56862748
0.78823531
0.98431373
0.99215686
0.86666667
0.74509805
0.48627451
0.29803923
0.85882354
0.73333335
0.68235296
0.64705884
0.67058825
0.62745100
0.60000002
0.51764709
0.45882353
0.41960785
0.40392157
0.40000001
0.39607844
0.40000001
0.39607844
0.40000001
0.42352942
0.44313726
0.51372552
0.74117649
0.69019610
0.53333336
0.45490196
0.45490196
0.63137257
0.89803922
0.99215686
0.99215686
0.84313726
0.61176473
0.40784314
0.26666668
0.87843138
0.74901962
0.65490198
0.61960787
0.69411767
0.61568630
0.61176473
0.48627451
0.46274510
0.43137255
0.41568628
0.40000001
0.39607844
0.39607844
0.38823530
0.38431373
0.41568628
0.44313726
0.61960787
0.83529413
0.70196080
0.49411765
0.42745098
0.49803922
0.70196080
0.98039216
1.00000000
0.98823529
0.74901962
0.45098040
0.31372550
0.24313726
0.85490197
0.76470590
0.64313728
0.60784316
0.67058825
0.61568630
0.58039218
0.48235294
0.48235294
0.44313726
0.42745098
0.40784314
0.40392157
0.40000001
0.38823530
0.38431373
0.38823530
0.42745098
0.63137257
0.73725492
0.58431375
0.43529412
0.38823530
0.48235294
0.73333335
0.98431373
0.98039216
0.95686275
0.65490198
0.37254903
0.25490198
0.23529412
0.84313726
0.78823531
0.68235296
0.62745100
0.66274512
0.60784316
0.51764709
0.46666667
0.47058824
0.46666667
0.43921569
0.41568628
0.41960785
0.40784314
0.39215687
0.39215687
0.38823530
0.38431373
0.45882353
0.50980395
0.45490196
0.38823530
0.37254903
0.47058824
0.76470590
0.92941177
0.97254902
0.89411765
0.61960787
0.34509805
0.23137255
0.24705882
0.86274511
0.81176472
0.73725492
0.66274512
0.65098041
0.57254905
0.47058824
0.44313726
0.45098040
0.48235294
0.45098040
0.42352942
0.43529412
0.41960785
0.40000001
0.39215687
0.38823530
0.37647060
0.37647060
0.40000001
0.40000001
0.37647060
0.34901962
0.48627451
0.83921570
0.91764706
0.99607843
0.84705883
0.60784316
0.33333334
0.22745098
0.27450982
0.88235295
0.81176472
0.76078433
0.69019610
0.58823532
0.50588238
0.45490196
0.44313726
0.45490196
0.47843137
0.46274510
0.43137255
0.43921569
0.41960785
0.40392157
0.39215687
0.39215687
0.38039216
0.36470589
0.37254903
0.38431373
0.37254903
0.37254903
0.51372552
0.80000001
0.91764706
0.99607843
0.81568629
0.57254905
0.32156864
0.23529412
0.29411766
0.86666667
0.80784315
0.74117649
0.66666669
0.53333336
0.46274510
0.45490196
0.44313726
0.44705883
0.49019608
0.47058824
0.42745098
0.41960785
0.42352942
0.39607844
0.36470589
0.38431373
0.37647060
0.36862746
0.36862746
0.37254903
0.38039216
0.41176471
0.50196081
0.65098041
0.85882354
0.99215686
0.76862746
0.46666667
0.27843139
0.25882354
0.30196080
0.87058824
0.79215688
0.70980394
0.61960787
0.49411765
0.45490196
0.44313726
0.43921569
0.44313726
0.49411765
0.47058824
0.42352942
0.41176471
0.42352942
0.39607844
0.36078432
0.37647060
0.37647060
0.37254903
0.37254903
0.36862746
0.38039216
0.41176471
0.47843137
0.59215689
0.80392158
0.88235295
0.67843139
0.41568628
0.28235295
0.28235295
0.31372550
0.83921570
0.74901962
0.69803923
0.56470591
0.46666667
0.43529412
0.40000001
0.42745098
0.47058824
0.50980395
0.47450981
0.42352942
0.40784314
0.41960785
0.40392157
0.37254903
0.37647060
0.37254903
0.37254903
0.37254903
0.36862746
0.37647060
0.39215687
0.45490196
0.56078434
0.69803923
0.72156864
0.57647061
0.41568628
0.29803923
0.28235295
0.32549021
0.80392158
0.68627453
0.65882355
0.52549022
0.44313726
0.42745098
0.37647060
0.43137255
0.51764709
0.52941179
0.48235294
0.42745098
0.40392157
0.41960785
0.40392157
0.38431373
0.37647060
0.36862746
0.36862746
0.36862746
0.36862746
0.37254903
0.36078432
0.39215687
0.49019608
0.54117650
0.58039218
0.55294120
0.42352942
0.31764707
0.28235295
0.32549021
0.80784315
0.67843139
0.66666669
0.50980395
0.43529412
0.43529412
0.37647060
0.43529412
0.54901963
0.54509807
0.49411765
0.43921569
0.40784314
0.41568628
0.40784314
0.39215687
0.37647060
0.36862746
0.36470589
0.36470589
0.36470589
0.36862746
0.34509805
0.34901962
0.41176471
0.45882353
0.51764709
0.53333336
0.45098040
0.34117648
0.29411766
0.31372550
0.81568629
0.69803923
0.63921571
0.50196081
0.44705883
0.45098040
0.38431373
0.42352942
0.57254905
0.56078434
0.52156866
0.45098040
0.42352942
0.41568628
0.40784314
0.40000001
0.38039216
0.37254903
0.36862746
0.36470589
0.36470589
0.36862746
0.35294119
0.34509805
0.34901962
0.38039216
0.48627451
0.53333336
0.48235294
0.35686275
0.31372550
0.32156864
0.83921570
0.75294119
0.65882355
0.58431375
0.48627451
0.50980395
0.40000001
0.41960785
0.57647061
0.56862748
0.54117650
0.43529412
0.43529412
0.40784314
0.40000001
0.39607844
0.38039216
0.37254903
0.36862746
0.36470589
0.36470589
0.36470589
0.34509805
0.35294119
0.33333334
0.35294119
0.44313726
0.51372552
0.46274510
0.36470589
0.33333334
0.33725491
0.89803922
0.81960785
0.80392158
0.77647060
0.60784316
0.57254905
0.40784314
0.41176471
0.56862748
0.58039218
0.56862748
0.44705883
0.44705883
0.40784314
0.38823530
0.38823530
0.38039216
0.37254903
0.36862746
0.36078432
0.35686275
0.36078432
0.36078432
0.36470589
0.37647060
0.37254903
0.39215687
0.44313726
0.42745098
0.37254903
0.34509805
0.33333334
0.95294118
0.87450981
0.67450982
0.76470590
0.79215688
0.61960787
0.40392157
0.40784314
0.53725493
0.60392159
0.59607846
0.46666667
0.45490196
0.41176471
0.38039216
0.37647060
0.37647060
0.37254903
0.36862746
0.36078432
0.35294119
0.35294119
0.36862746
0.42745098
0.40784314
0.38823530
0.36862746
0.36078432
0.40000001
0.36862746
0.33725491
0.30980393
0.99215686
0.96078432
0.85490197
0.63529414
0.54117650
0.57647061
0.40784314
0.40784314
0.49411765
0.59607846
0.57254905
0.47058824
0.44705883
0.40784314
0.37254903
0.36862746
0.37647060
0.37254903
0.36862746
0.36078432
0.34509805
0.34901962
0.38039216
0.45490196
0.46274510
0.43529412
0.38039216
0.33725491
0.37647060
0.36078432
0.32549021
0.30980393
0.98039216
0.76078433
0.69019610
0.89803922
0.58431375
0.27058825
0.30196080
0.42745098
0.46274510
0.52941179
0.51372552
0.45098040
0.44313726
0.40000001
0.36078432
0.36862746
0.37254903
0.36862746
0.36470589
0.35294119
0.33725491
0.33725491
0.38039216
0.45882353
0.49019608
0.48627451
0.38431373
0.34117648
0.34117648
0.34117648
0.32941177
0.32156864
0.93725491
0.82745099
0.52941179
0.45490196
0.56470591
0.32941177
0.26666668
0.25098041
0.36862746
0.48627451
0.48235294
0.43529412
0.45882353
0.40784314
0.38039216
0.40784314
0.44313726
0.47450981
0.51764709
0.52156866
0.25882354
0.16078432
0.36078432
0.45098040
0.45490196
0.43921569
0.38431373
0.34901962
0.33725491
0.33333334
0.32549021
0.32549021
0.95686275
0.93333334
0.92156863
0.67450982
0.35686275
0.29019609
0.39215687
0.25098041
0.23921569
0.27058825
0.44313726
0.50196081
0.50196081
0.46274510
0.50196081
0.60784316
0.70980394
0.76470590
0.79607844
0.69803923
0.27058825
0.15686275
0.35686275
0.29411766
0.40784314
0.37254903
0.37254903
0.36470589
0.35294119
0.32941177
0.32156864
0.31764707
0.99215686
0.96078432
0.92941177
0.91764706
0.77647060
0.41960785
0.33725491
0.32549021
0.33725491
0.19215687
0.20392157
0.38039216
0.57647061
0.65098041
0.69411767
0.72156864
0.78431374
0.80784315
0.82352942
0.80000001
0.72549021
0.55686277
0.32156864
0.17254902
0.34117648
0.34509805
0.35686275
0.36862746
0.35686275
0.32549021
0.31764707
0.31372550
1.00000000
0.99215686
0.97254902
0.92941177
0.83921570
0.64313728
0.42745098
0.25098041
0.29411766
0.30588236
0.30196080
0.25882354
0.25490198
0.50196081
0.70588237
0.86666667
0.83529413
0.80784315
0.88627452
0.82352942
0.78823531
0.76078433
0.67450982
0.44313726
0.36078432
0.37647060
0.36470589
0.35294119
0.34901962
0.31764707
0.31372550
0.30980393
1.00000000
1.00000000
0.99215686
0.96470588
0.83529413
0.71372551
0.30980393
0.19607843
0.38039216
0.21568628
0.30588236
0.36862746
0.18039216
0.10588235
0.26274511
0.55294120
0.84705883
0.99607843
1.00000000
0.95686275
0.80000001
0.63137257
0.78823531
0.92941177
0.72156864
0.41568628
0.36078432
0.33725491
0.32549021
0.32549021
0.31372550
0.31372550
0.99215686
1.00000000
1.00000000
0.95686275
0.82352942
0.68627453
0.49803922
0.23137255
0.15686275
0.18823530
0.32549021
0.27843139
0.27843139
0.27450982
0.32156864
0.30588236
0.34117648
0.52156866
0.79215688
0.96078432
0.97647059
0.70196080
0.56862748
0.75294119
0.93333334
0.72156864
0.47450981
0.33333334
0.32156864
0.32941177
0.32156864
0.32156864
0.97647059
1.00000000
0.99607843
0.93333334
0.79607844
0.66666669
0.67450982
0.62352943
0.25098041
0.11372549
0.19215687
0.28627452
0.32156864
0.36470589
0.38039216
0.42745098
0.24705882
0.07843138
0.16078432
0.43529412
0.76470590
0.90980393
0.69411767
0.56862748
0.78039217
0.93725491
0.85098040
0.47843137
0.34901962
0.33333334
0.32941177
0.33333334
0.96862745
0.99607843
0.98039216
0.88235295
0.74901962
0.63921571
0.65490198
0.69019610
0.55294120
0.31372550
0.10196079
0.09411765
0.21176471
0.30196080
0.32941177
0.29411766
0.28235295
0.32549021
0.09019608
0.01960784
0.10980392
0.38039216
0.64313728
0.51764709
0.46666667
0.60784316
0.82745099
0.86274511
0.50588238
0.32941177
0.33725491
0.34509805
0.94901961
0.97254902
0.96862745
0.84313726
0.67843139
0.58823532
0.65098041
0.65098041
0.54117650
0.47058824
0.34901962
0.16470589
0.08235294
0.11372549
0.16078432
0.18823530
0.36078432
0.34509805
0.24705882
0.16078432
0.09411765
0.01960784
0.07450981
0.16862746
0.23921569
0.32941177
0.46666667
0.72549021
0.78823531
0.40784314
0.35294119
0.35686275
0.83921570
0.90588236
0.94509804
0.78823531
0.64313728
0.57254905
0.58039218
0.56470591
0.50588238
0.43529412
0.40784314
0.39607844
0.30588236
0.10980392
0.00784314
0.05490196
0.25882354
0.29019609
0.28627452
0.36862746
0.38431373
0.26274511
0.10588235
0.00784314
0.00784314
0.13333334
0.22745098
0.31764707
0.53725493
0.58823532
0.39215687
0.36862746
0.72156864
0.79607844
0.88235295
0.73725492
0.64313728
0.60000002
0.55686277
0.51372552
0.47843137
0.43529412
0.39607844
0.39607844
0.41960785
0.35686275
0.20784314
0.09803922
0.08627451
0.17254902
0.28235295
0.32156864
0.40000001
0.38431373
0.33725491
0.27450982
0.15686275
0.07058824
0.06666667
0.06274510
0.13333334
0.31372550
0.40784314
0.37647060
0.65490198
0.70980394
0.80392158
0.69411767
0.63921571
0.57254905
0.53333336
0.49411765
0.47450981
0.44313726
0.41176471
0.40000001
0.38823530
0.35294119
0.33333334
0.28627452
0.20000000
0.18039216
0.30588236
0.32156864
0.37254903
0.36078432
0.34901962
0.36470589
0.35294119
0.32941177
0.23529412
0.12156863
0.13725491
0.20784314
0.36470589
0.36862746
0.65490198
0.59607846
0.58039218
0.56470591
0.54901963
0.53333336
0.51372552
0.48235294
0.47450981
0.48235294
0.48627451
0.47843137
0.47058824
0.47058824
0.47058824
0.45098040
0.41960785
0.41568628
0.49019608
0.48627451
0.45490196
0.38431373
0.36078432
0.34117648
0.30196080
0.37254903
0.63529414
0.83921570
0.63529414
0.35294119
0.28627452
0.29411766
0.65098041
0.59215689
0.56470591
0.54117650
0.50196081
0.50980395
0.50980395
0.50980395
0.47843137
0.48235294
0.48235294
0.47843137
0.47450981
0.47450981
0.47058824
0.47058824
0.46274510
0.47843137
0.52941179
0.50588238
0.53333336
0.41176471
0.36470589
0.32549021
0.33333334
0.40000001
0.71372551
0.87843138
0.60392159
0.38039216
0.32156864
0.32156864
0.62745100
0.56470591
0.55686277
0.53333336
0.50196081
0.54117650
0.52941179
0.52549022
0.48627451
0.47843137
0.47843137
0.47843137
0.47843137
0.47843137
0.47450981
0.47843137
0.47058824
0.49411765
0.48235294
0.54117650
0.62745100
0.48235294
0.40784314
0.33725491
0.34117648
0.43921569
0.81176472
0.87843138
0.56862748
0.40000001
0.30588236
0.31764707
0.63921571
0.57254905
0.56078434
0.52941179
0.57254905
0.55686277
0.56078434
0.50980395
0.48627451
0.47450981
0.47843137
0.47843137
0.48235294
0.48235294
0.47843137
0.47843137
0.49019608
0.47450981
0.47058824
0.62745100
0.63137257
0.50980395
0.48627451
0.41960785
0.36470589
0.55686277
0.85490197
0.87450981
0.55686277
0.34509805
0.30196080
0.29803923
0.65490198
0.58823532
0.53725493
0.50588238
0.59607846
0.55294120
0.57647061
0.48627451
0.49411765
0.47450981
0.47843137
0.47843137
0.47450981
0.47843137
0.47058824
0.47058824
0.49411765
0.48235294
0.58039218
0.71372551
0.63921571
0.48627451
0.46666667
0.44313726
0.40784314
0.67058825
0.87450981
0.84313726
0.47058824
0.28235295
0.29411766
0.30588236
0.63921571
0.59607846
0.52941179
0.49803922
0.58039218
0.56470591
0.56078434
0.49803922
0.51372552
0.47843137
0.48235294
0.48235294
0.47450981
0.47450981
0.47058824
0.47058824
0.46274510
0.47450981
0.61960787
0.65882355
0.54901963
0.44705883
0.43529412
0.40392157
0.41960785
0.68627453
0.83137256
0.75686276
0.38431373
0.29019609
0.30980393
0.30980393
0.63921571
0.61568630
0.55686277
0.51372552
0.58039218
0.56862748
0.52156866
0.49803922
0.50196081
0.49019608
0.48627451
0.48235294
0.47843137
0.47058824
0.46666667
0.47058824
0.46274510
0.45098040
0.48627451
0.49019608
0.45490196
0.43137255
0.43529412
0.37254903
0.44313726
0.63137257
0.78823531
0.63921571
0.34901962
0.30980393
0.32549021
0.31764707
0.66274512
0.63137257
0.60000002
0.54509807
0.56862748
0.54509807
0.49411765
0.49411765
0.48235294
0.49803922
0.49019608
0.48627451
0.47843137
0.47058824
0.46666667
0.46666667
0.45882353
0.45490196
0.44705883
0.44705883
0.43921569
0.44313726
0.43529412
0.37647060
0.51372552
0.63921571
0.80000001
0.54509807
0.32549021
0.31764707
0.33333334
0.32549021
0.68627453
0.63137257
0.61568630
0.58039218
0.52156866
0.49411765
0.49803922
0.50196081
0.49019608
0.49019608
0.49411765
0.48627451
0.47843137
0.47058824
0.46666667
0.46666667
0.46274510
0.46274510
0.45882353
0.45490196
0.44705883
0.45098040
0.44313726
0.40000001
0.48627451
0.62352943
0.76470590
0.49019608
0.31372550
0.31764707
0.33333334
0.32549021
0.67450982
0.63529414
0.59215689
0.58431375
0.51372552
0.48627451
0.49019608
0.50196081
0.49803922
0.49019608
0.48235294
0.47843137
0.47058824
0.46666667
0.46666667
0.47058824
0.46666667
0.45882353
0.45882353
0.45490196
0.45490196
0.44705883
0.42352942
0.39607844
0.38823530
0.49803922
0.65490198
0.46666667
0.30980393
0.29803923
0.32549021
0.34117648
0.69019610
0.63529414
0.57647061
0.56470591
0.50588238
0.49411765
0.47450981
0.48235294
0.48627451
0.49019608
0.48235294
0.47450981
0.47058824
0.46666667
0.46666667
0.47058824
0.46274510
0.45882353
0.45490196
0.45490196
0.45490196
0.44313726
0.40392157
0.39607844
0.38039216
0.44705883
0.48627451
0.40000001
0.30980393
0.31372550
0.32549021
0.35686275
0.66666669
0.60784316
0.58823532
0.53725493
0.50196081
0.48627451
0.42352942
0.45098040
0.49019608
0.49803922
0.48627451
0.47843137
0.47450981
0.46666667
0.46666667
0.46666667
0.45882353
0.45490196
0.45490196
0.45490196
0.45098040
0.44313726
0.40392157
0.40000001
0.40784314
0.41960785
0.38823530
0.32941177
0.31372550
0.32156864
0.32549021
0.36470589
0.64313728
0.56862748
0.58039218
0.52941179
0.49803922
0.49019608
0.38823530
0.42745098
0.51372552
0.50980395
0.49019608
0.48235294
0.47843137
0.47058824
0.46274510
0.45882353
0.45882353
0.45098040
0.45098040
0.45098040
0.44705883
0.43921569
0.39607844
0.37254903
0.40392157
0.35294119
0.32549021
0.34901962
0.34117648
0.33333334
0.32549021
0.36078432
0.65098041
0.57647061
0.60392159
0.52549022
0.49411765
0.48627451
0.37647060
0.40784314
0.52549022
0.51372552
0.49411765
0.47843137
0.47843137
0.47058824
0.45882353
0.45490196
0.45490196
0.45098040
0.44705883
0.44705883
0.44313726
0.43921569
0.39607844
0.36078432
0.38431373
0.36470589
0.34509805
0.38823530
0.39215687
0.35686275
0.33333334
0.35294119
0.65098041
0.59215689
0.57647061
0.50196081
0.49019608
0.49019608
0.37647060
0.38039216
0.52941179
0.52156866
0.50588238
0.47058824
0.48235294
0.47450981
0.46666667
0.45882353
0.45882353
0.45490196
0.45098040
0.44705883
0.44313726
0.44313726
0.41568628
0.37647060
0.36470589
0.35686275
0.39215687
0.44705883
0.45490196
0.37254903
0.36078432
0.37254903
0.67058825
0.62745100
0.57647061
0.54509807
0.48627451
0.52549022
0.38039216
0.36470589
0.52156866
0.52156866
0.50980395
0.42745098
0.47058824
0.46666667
0.46666667
0.45882353
0.45882353
0.45490196
0.45098040
0.44313726
0.43921569
0.43921569
0.41176471
0.38823530
0.36470589
0.36470589
0.40392157
0.48235294
0.45882353
0.38823530
0.39215687
0.40784314
0.71372551
0.67058825
0.68627453
0.67450982
0.55686277
0.56078434
0.38039216
0.35686275
0.50980395
0.52156866
0.51372552
0.40784314
0.45882353
0.45882353
0.46666667
0.46274510
0.45882353
0.45490196
0.45098040
0.44313726
0.43921569
0.43921569
0.42352942
0.40000001
0.39607844
0.38431373
0.38823530
0.44705883
0.44313726
0.40392157
0.41568628
0.42352942
0.75686276
0.70196080
0.52156866
0.60392159
0.69019610
0.58431375
0.37254903
0.35686275
0.47843137
0.54117650
0.52156866
0.39607844
0.44313726
0.45882353
0.46666667
0.46666667
0.46274510
0.45490196
0.45098040
0.44313726
0.43921569
0.43529412
0.43529412
0.45490196
0.40392157
0.38431373
0.37647060
0.38431373
0.42745098
0.41176471
0.42352942
0.41960785
0.80000001
0.78823531
0.68627453
0.45098040
0.41176471
0.52156866
0.37254903
0.35294119
0.43529412
0.53725493
0.49803922
0.39215687
0.41960785
0.45098040
0.46274510
0.46666667
0.46274510
0.45490196
0.45098040
0.44313726
0.43921569
0.44313726
0.44313726
0.47450981
0.43529412
0.40784314
0.39215687
0.37647060
0.41568628
0.41176471
0.41960785
0.42352942
0.82745099
0.61176473
0.53725493
0.74901962
0.46666667
0.20784314
0.25882354
0.36470589
0.40784314
0.49803922
0.47058824
0.39607844
0.41960785
0.45098040
0.45882353
0.45098040
0.44705883
0.44313726
0.44313726
0.42352942
0.45882353
0.45490196
0.44313726
0.47450981
0.43921569
0.41960785
0.39215687
0.40392157
0.41960785
0.41568628
0.41568628
0.41568628
0.80000001
0.68235296
0.38039216
0.31372550
0.45098040
0.26274511
0.21568628
0.18823530
0.31372550
0.46666667
0.45490196
0.38431373
0.41176471
0.43921569
0.44313726
0.44313726
0.45490196
0.49411765
0.54509807
0.54901963
0.32941177
0.22745098
0.39607844
0.47058824
0.44705883
0.41568628
0.39215687
0.40392157
0.41960785
0.42352942
0.41568628
0.40784314
0.81568629
0.78039217
0.75686276
0.50980395
0.22745098
0.21176471
0.33725491
0.19607843
0.20000000
0.25098041
0.41176471
0.43529412
0.42352942
0.44705883
0.50196081
0.58039218
0.64313728
0.70588237
0.74117649
0.63921571
0.22745098
0.12156863
0.34117648
0.31764707
0.45882353
0.41176471
0.40000001
0.40000001
0.41568628
0.42352942
0.41568628
0.41176471
0.86666667
0.80392158
0.74509805
0.72549021
0.62352943
0.32549021
0.27843139
0.27843139
0.30980393
0.17254902
0.17254902
0.30980393
0.48627451
0.60000002
0.63529414
0.62745100
0.65490198
0.67450982
0.68627453
0.65098041
0.58823532
0.44705883
0.26666668
0.18039216
0.39607844
0.40784314
0.41176471
0.40784314
0.40784314
0.42352942
0.41568628
0.41176471
0.87058824
0.82352942
0.77254903
0.72156864
0.67058825
0.53725493
0.36078432
0.20784314
0.27058825
0.29019609
0.26666668
0.19215687
0.18823530
0.43921569
0.61960787
0.74117649
0.69803923
0.67450982
0.75294119
0.67450982
0.62745100
0.63529414
0.60784316
0.41960785
0.37254903
0.42352942
0.41960785
0.41176471
0.42352942
0.42745098
0.41568628
0.41176471
0.85490197
0.82745099
0.78431374
0.74509805
0.65882355
0.60000002
0.23921569
0.14901961
0.36078432
0.20000000
0.27450982
0.32156864
0.14509805
0.05490196
0.16862746
0.42745098
0.74117649
0.91372550
0.96862745
0.89019608
0.70196080
0.52941179
0.70980394
0.87450981
0.70588237
0.43921569
0.40000001
0.41960785
0.43921569
0.42745098
0.41176471
0.40784314
0.82352942
0.81568629
0.78823531
0.73725492
0.64705884
0.56862748
0.42352942
0.17647059
0.12941177
0.17254902
0.30588236
0.25098041
0.26274511
0.23529412
0.24705882
0.21568628
0.29019609
0.49019608
0.78431374
0.96862745
0.95686275
0.64705884
0.48235294
0.67058825
0.90196079
0.72941178
0.50980395
0.41960785
0.43529412
0.42352942
0.40392157
0.40392157
0.78431374
0.80392158
0.77647060
0.72156864
0.62745100
0.54901963
0.58823532
0.55294120
0.21176471
0.09803922
0.18431373
0.27058825
0.30588236
0.33333334
0.33333334
0.37647060
0.22745098
0.06666667
0.15686275
0.43921569
0.76078433
0.89019608
0.64313728
0.48627451
0.72156864
0.93333334
0.87843138
0.53725493
0.42352942
0.41568628
0.40392157
0.40784314
0.75294119
0.78431374
0.76078433
0.68235296
0.58823532
0.52156866
0.56078434
0.60784316
0.50196081
0.30196080
0.10588235
0.08627451
0.17647059
0.26274511
0.30196080
0.27450982
0.25882354
0.29803923
0.05882353
0.00000000
0.08627451
0.36470589
0.61960787
0.45882353
0.40000001
0.57254905
0.81568629
0.85882354
0.51764709
0.40000001
0.40392157
0.40784314
0.72549021
0.76078433
0.75686276
0.65882355
0.53333336
0.47450981
0.55686277
0.57254905
0.48627451
0.45882353
0.36470589
0.16470589
0.03529412
0.07450981
0.14509805
0.18823530
0.32549021
0.29803923
0.19607843
0.11372549
0.06666667
0.00000000
0.05098039
0.14509805
0.20000000
0.27450982
0.41960785
0.67058825
0.76078433
0.46274510
0.40000001
0.40392157
0.67450982
0.72549021
0.74901962
0.63137257
0.51764709
0.47843137
0.50980395
0.50980395
0.47450981
0.43921569
0.44313726
0.43137255
0.29803923
0.10196079
0.00392157
0.05490196
0.24705882
0.25490198
0.23529412
0.32549021
0.39215687
0.29019609
0.14117648
0.02745098
0.02352941
0.10980392
0.19215687
0.29411766
0.50980395
0.59607846
0.41176471
0.40392157
0.58431375
0.63137257
0.69803923
0.59607846
0.53333336
0.51764709
0.49803922
0.47843137
0.46274510
0.44705883
0.43921569
0.44705883
0.44705883
0.37647060
0.21568628
0.10196079
0.09411765
0.14901961
0.23921569
0.29019609
0.42352942
0.43921569
0.40784314
0.32941177
0.20392157
0.07450981
0.05098039
0.07450981
0.11764706
0.30980393
0.42352942
0.41568628
0.52156866
0.55294120
0.62352943
0.56078434
0.54117650
0.50196081
0.48627451
0.46666667
0.46274510
0.45490196
0.45098040
0.45098040
0.42352942
0.38039216
0.35686275
0.30980393
0.22352941
0.17254902
0.27450982
0.30196080
0.39607844
0.41568628
0.41960785
0.42352942
0.41176471
0.34117648
0.23137255
0.14509805
0.13725491
0.21568628
0.39215687
0.41960785
0.43137255
0.42352942
0.44705883
0.43921569
0.44313726
0.45882353
0.47058824
0.45490196
0.45098040
0.46666667
0.48627451
0.49411765
0.48235294
0.47058824
0.46274510
0.43529412
0.38431373
0.40000001
0.49019608
0.48235294
0.40000001
0.35686275
0.34509805
0.31764707
0.24313726
0.21960784
0.29411766
0.38039216
0.26666668
0.17254902
0.23529412
0.27450982
0.43137255
0.41960785
0.42745098
0.41960785
0.39215687
0.43137255
0.45098040
0.47450981
0.45490196
0.46274510
0.47843137
0.49019608
0.49019608
0.48235294
0.47058824
0.46274510
0.43921569
0.45882353
0.50196081
0.45098040
0.45490196
0.37254903
0.34901962
0.30196080
0.25882354
0.20392157
0.32941177
0.40784314
0.24313726
0.19607843
0.25098041
0.29019609
0.41568628
0.38039216
0.41176471
0.41176471
0.39607844
0.45098040
0.45490196
0.48235294
0.46274510
0.46274510
0.47450981
0.48627451
0.50196081
0.49411765
0.48627451
0.48627451
0.46274510
0.47058824
0.42352942
0.43137255
0.52156866
0.43529412
0.38823530
0.30980393
0.24313726
0.19215687
0.37254903
0.40000001
0.23137255
0.23137255
0.23137255
0.28235295
0.43137255
0.38823530
0.41176471
0.41568628
0.46666667
0.46666667
0.48235294
0.46274510
0.46274510
0.45490196
0.46666667
0.48235294
0.50196081
0.50196081
0.49803922
0.49803922
0.49411765
0.45490196
0.39215687
0.48627451
0.50980395
0.46274510
0.46274510
0.38823530
0.25490198
0.26666668
0.38039216
0.40784314
0.26666668
0.21960784
0.24705882
0.28235295
0.45098040
0.40000001
0.38823530
0.39607844
0.49803922
0.46274510
0.49803922
0.43921569
0.47450981
0.45490196
0.46274510
0.47450981
0.49411765
0.49803922
0.49019608
0.49411765
0.50980395
0.46666667
0.50196081
0.57254905
0.52549022
0.44313726
0.44705883
0.40784314
0.27450982
0.33725491
0.38039216
0.41176471
0.23921569
0.20000000
0.26274511
0.31372550
0.43529412
0.40784314
0.38039216
0.38823530
0.47843137
0.48235294
0.49411765
0.45490196
0.49411765
0.45882353
0.45882353
0.46274510
0.48235294
0.48627451
0.49019608
0.49019608
0.47843137
0.46666667
0.56470591
0.54509807
0.45098040
0.41960785
0.42745098
0.36078432
0.26666668
0.32941177
0.34509805
0.37647060
0.21176471
0.24705882
0.29411766
0.33725491
0.43529412
0.42352942
0.41568628
0.40392157
0.48627451
0.49803922
0.47450981
0.46666667
0.48627451
0.47450981
0.45882353
0.45490196
0.47450981
0.47450981
0.48235294
0.48627451
0.47450981
0.45098040
0.46274510
0.42745098
0.39215687
0.42352942
0.43529412
0.32549021
0.27843139
0.26666668
0.32549021
0.31764707
0.23137255
0.28235295
0.30980393
0.34509805
0.45882353
0.43529412
0.46666667
0.43921569
0.47450981
0.47843137
0.46666667
0.47450981
0.46274510
0.48235294
0.45882353
0.45098040
0.46666667
0.46666667
0.47058824
0.47843137
0.46666667
0.47058824
0.45490196
0.43529412
0.41176471
0.45490196
0.43921569
0.32156864
0.33725491
0.26666668
0.36078432
0.27450982
0.25098041
0.29411766
0.30196080
0.33333334
0.48235294
0.44313726
0.47843137
0.46666667
0.43529412
0.45490196
0.48235294
0.49019608
0.47450981
0.46666667
0.45882353
0.45098040
0.46274510
0.46274510
0.46666667
0.47843137
0.47058824
0.48235294
0.48235294
0.47058824
0.43921569
0.47058824
0.45490196
0.34509805
0.31764707
0.27843139
0.36078432
0.25490198
0.26274511
0.29019609
0.28627452
0.31764707
0.47843137
0.45882353
0.44705883
0.45098040
0.44705883
0.49019608
0.49019608
0.49803922
0.49019608
0.45098040
0.43921569
0.46274510
0.47450981
0.47058824
0.47058824
0.47843137
0.47843137
0.47843137
0.48235294
0.47450981
0.45490196
0.46274510
0.43137255
0.34509805
0.25882354
0.22745098
0.30588236
0.25098041
0.27843139
0.29411766
0.30588236
0.32941177
0.49411765
0.47450981
0.43921569
0.44705883
0.45882353
0.51372552
0.47058824
0.47450981
0.47058824
0.43921569
0.44313726
0.47058824
0.47843137
0.47450981
0.47450981
0.47843137
0.48235294
0.47843137
0.47450981
0.47450981
0.45882353
0.45882353
0.41568628
0.34901962
0.28235295
0.25882354
0.21568628
0.23137255
0.28235295
0.30980393
0.31372550
0.34117648
0.48235294
0.45882353
0.47058824
0.45098040
0.47450981
0.50588238
0.40392157
0.42352942
0.46274510
0.44705883
0.45098040
0.47058824
0.47450981
0.47450981
0.47843137
0.47450981
0.47843137
0.47450981
0.47450981
0.47058824
0.45490196
0.45882353
0.41568628
0.35686275
0.33333334
0.30588236
0.22352941
0.23137255
0.29803923
0.29803923
0.30196080
0.35294119
0.45490196
0.43137255
0.48235294
0.47058824
0.49019608
0.50196081
0.36078432
0.38039216
0.46666667
0.45098040
0.45098040
0.46274510
0.46666667
0.47450981
0.47843137
0.47450981
0.47450981
0.47058824
0.47058824
0.47058824
0.45490196
0.46274510
0.40392157
0.32941177
0.34509805
0.30196080
0.25490198
0.30588236
0.31764707
0.29803923
0.29411766
0.35686275
0.46274510
0.43921569
0.51372552
0.48627451
0.49411765
0.49019608
0.32941177
0.34117648
0.46274510
0.44313726
0.44705883
0.45098040
0.45490196
0.47843137
0.48235294
0.47450981
0.47450981
0.47058824
0.46666667
0.46666667
0.45882353
0.46274510
0.40392157
0.30588236
0.31372550
0.32156864
0.31764707
0.35686275
0.35294119
0.31372550
0.30588236
0.35686275
0.45882353
0.45098040
0.48235294
0.46274510
0.47450981
0.46666667
0.31372550
0.29803923
0.45098040
0.44313726
0.44705883
0.42745098
0.44705883
0.47843137
0.49019608
0.47843137
0.47843137
0.47450981
0.47058824
0.46666667
0.46666667
0.47058824
0.41568628
0.29803923
0.25490198
0.28235295
0.35294119
0.40392157
0.39607844
0.33725491
0.33725491
0.38039216
0.45882353
0.47058824
0.45882353
0.48235294
0.44313726
0.47843137
0.30980393
0.27843139
0.43137255
0.43529412
0.43529412
0.36078432
0.42745098
0.47058824
0.49019608
0.47450981
0.47843137
0.47450981
0.47058824
0.46666667
0.47058824
0.47058824
0.39607844
0.28235295
0.20784314
0.23529412
0.32549021
0.41568628
0.40392157
0.37254903
0.38431373
0.41960785
0.49019608
0.48627451
0.54117650
0.57647061
0.47843137
0.48235294
0.29803923
0.27058825
0.41568628
0.43137255
0.42352942
0.32156864
0.41176471
0.46666667
0.49019608
0.47058824
0.47843137
0.47450981
0.47058824
0.46666667
0.47843137
0.47058824
0.39607844
0.25882354
0.20392157
0.21568628
0.25882354
0.36862746
0.41568628
0.41568628
0.42745098
0.43921569
0.51372552
0.49019608
0.34509805
0.46274510
0.56862748
0.47843137
0.29019609
0.27450982
0.38823530
0.44705883
0.41568628
0.29411766
0.39215687
0.46666667
0.49019608
0.46274510
0.47450981
0.47450981
0.47058824
0.46274510
0.48235294
0.47058824
0.39215687
0.28235295
0.19215687
0.19215687
0.21568628
0.31372550
0.44313726
0.45098040
0.44705883
0.43529412
0.54509807
0.56470591
0.49411765
0.29803923
0.28627452
0.41176471
0.29019609
0.27843139
0.34901962
0.44313726
0.38823530
0.28235295
0.36862746
0.46274510
0.49411765
0.47058824
0.48235294
0.47450981
0.47058824
0.47450981
0.48627451
0.47058824
0.38039216
0.27450982
0.21568628
0.21568628
0.21568628
0.32156864
0.47058824
0.46666667
0.45098040
0.44313726
0.54509807
0.38431373
0.38823530
0.61568630
0.38431373
0.15294118
0.20000000
0.30196080
0.33333334
0.39607844
0.36862746
0.30196080
0.35294119
0.46274510
0.51372552
0.50196081
0.48235294
0.44313726
0.44705883
0.47843137
0.50196081
0.45490196
0.34509805
0.23529412
0.21960784
0.25490198
0.22352941
0.36862746
0.49019608
0.44313726
0.42745098
0.43137255
0.49803922
0.43921569
0.22745098
0.20784314
0.38039216
0.22352941
0.16862746
0.13725491
0.24705882
0.36862746
0.36078432
0.29411766
0.33333334
0.41176471
0.43137255
0.41960785
0.41568628
0.38039216
0.38823530
0.41960785
0.29803923
0.21568628
0.32549021
0.28627452
0.19215687
0.21568628
0.30980393
0.40784314
0.44705883
0.43529412
0.42745098
0.43529412
0.50588238
0.50588238
0.53333336
0.33725491
0.13333334
0.15686275
0.27843139
0.14117648
0.14117648
0.17647059
0.32156864
0.34509805
0.34117648
0.36078432
0.37254903
0.39607844
0.44313726
0.43921569
0.44313726
0.37254903
0.10588235
0.09803922
0.34117648
0.21176471
0.22745098
0.23137255
0.38431373
0.43529412
0.42352942
0.43921569
0.43529412
0.44313726
0.53725493
0.49411765
0.48235294
0.48627451
0.45098040
0.24313726
0.21960784
0.21960784
0.25490198
0.11372549
0.09803922
0.22745098
0.39215687
0.47058824
0.42745098
0.33333334
0.30588236
0.31372550
0.36862746
0.41568628
0.40000001
0.34117648
0.22352941
0.10980392
0.29803923
0.35294119
0.40784314
0.44705883
0.45490196
0.44313726
0.44705883
0.45490196
0.53333336
0.49019608
0.46666667
0.43921569
0.46666667
0.42745098
0.29411766
0.14509805
0.21960784
0.23137255
0.19607843
0.12549020
0.12941177
0.32156864
0.41960785
0.45490196
0.31372550
0.27843139
0.38823530
0.36862746
0.38823530
0.38039216
0.36470589
0.27058825
0.33725491
0.44313726
0.44705883
0.45882353
0.46274510
0.44313726
0.45490196
0.45882353
0.51764709
0.48235294
0.45882353
0.43921569
0.43137255
0.47450981
0.16862746
0.08627451
0.30588236
0.15686275
0.21568628
0.25098041
0.09411765
0.00784314
0.06274510
0.25490198
0.44313726
0.51764709
0.48235294
0.36078432
0.28235295
0.18039216
0.39607844
0.58039218
0.46666667
0.33725491
0.43921569
0.45098040
0.41176471
0.43529412
0.45490196
0.45882353
0.49019608
0.47058824
0.45882353
0.44313726
0.42745098
0.43921569
0.33333334
0.10196079
0.07843138
0.14901961
0.27058825
0.19607843
0.20784314
0.19215687
0.20392157
0.15686275
0.12156863
0.22352941
0.37647060
0.44705883
0.47843137
0.29803923
0.20784314
0.30196080
0.43921569
0.37647060
0.36470589
0.36078432
0.37647060
0.42352942
0.45098040
0.45490196
0.47450981
0.47450981
0.46274510
0.45490196
0.43529412
0.42745098
0.48235294
0.44313726
0.14509805
0.08235294
0.17254902
0.23921569
0.27843139
0.30980393
0.31764707
0.35294119
0.14117648
0.00000000
0.03921569
0.21568628
0.47843137
0.58431375
0.33333334
0.16862746
0.31764707
0.46274510
0.51372552
0.34509805
0.36078432
0.40000001
0.44313726
0.45098040
0.45882353
0.47843137
0.47058824
0.45098040
0.42745098
0.41176471
0.44705883
0.47843137
0.41960785
0.29411766
0.11372549
0.08235294
0.16862746
0.23921569
0.25882354
0.22745098
0.21176471
0.27058825
0.06666667
0.00392157
0.05490196
0.19607843
0.33725491
0.29803923
0.25882354
0.26666668
0.42745098
0.56470591
0.38823530
0.37254903
0.43921569
0.44313726
0.45098040
0.47058824
0.47843137
0.45490196
0.39215687
0.36862746
0.43921569
0.43529412
0.40392157
0.45490196
0.38039216
0.17254902
0.03921569
0.05098039
0.08627451
0.10980392
0.30588236
0.29803923
0.18823530
0.09019608
0.03529412
0.00000000
0.03921569
0.10588235
0.18823530
0.21960784
0.20784314
0.38823530
0.52941179
0.41568628
0.42745098
0.43137255
0.42745098
0.45882353
0.47843137
0.44313726
0.38431373
0.36862746
0.40392157
0.41176471
0.40392157
0.41568628
0.44313726
0.43137255
0.29019609
0.09411765
0.00000000
0.03137255
0.21960784
0.22745098
0.19215687
0.25882354
0.32156864
0.27843139
0.16862746
0.03137255
0.03921569
0.11372549
0.11764706
0.17254902
0.37647060
0.53725493
0.38823530
0.40392157
0.38823530
0.41176471
0.46274510
0.42352942
0.40000001
0.40784314
0.40784314
0.40000001
0.40000001
0.40784314
0.42745098
0.43921569
0.42352942
0.36470589
0.21960784
0.11372549
0.06666667
0.10980392
0.18823530
0.21568628
0.36862746
0.41960785
0.41176471
0.34509805
0.22352941
0.07058824
0.03137255
0.04705882
0.06666667
0.25882354
0.38431373
0.40000001
0.38039216
0.38431373
0.44313726
0.41176471
0.41568628
0.40000001
0.40392157
0.39215687
0.40392157
0.41960785
0.43529412
0.44313726
0.39607844
0.36862746
0.35294119
0.31372550
0.20000000
0.14117648
0.23529412
0.23921569
0.35294119
0.40784314
0.43921569
0.45098040
0.44313726
0.34117648
0.21176471
0.12941177
0.09803922
0.19215687
0.36862746
0.40392157
-1 1 0 0 0 0 0 0 0 0 0
-1 0 1 0 0 0 0 0 0 0 0
-1 0 0 1 0 0 0 0 0 0 0
-1 0 0 0 1 0 0 0 0 0 0
-1 0 0 0 0 1 0 0 0 0 0
-1 0 0 0 0 0 1 0 0 0 0
-1 0 0 0 0 0 0 1 0 0 0
-1 0 0 0 0 0 0 0 1 0 0
-1 0 0 0 0 0 0 0 0 1 0
