0.87058824
0.87450981
0.88627452
0.90196079
0.92156863
0.92941177
0.93725491
0.94509804
0.94901961
0.95294118
0.95686275
0.96470588
0.97254902
0.97647059
0.97647059
0.97647059
0.98823529
0.98823529
0.99215686
0.99607843
0.99215686
0.99607843
0.99215686
0.98823529
0.99607843
0.99607843
0.99607843
0.99607843
0.99607843
0.99215686
0.98823529
1.00000000
0.71372551
0.72549021
0.74901962
0.77254903
0.80000001
0.81568629
0.82352942
0.83921570
0.85098040
0.86666667
0.87058824
0.87843138
0.88627452
0.90196079
0.90980393
0.91764706
0.92941177
0.93725491
0.94117647
0.94509804
0.95294118
0.96470588
0.96078432
0.96078432
0.96862745
0.97254902
0.97647059
0.98039216
0.98039216
0.98431373
0.98039216
0.99607843
0.63137257
0.64313728
0.67058825
0.69019610
0.72156864
0.74117649
0.75294119
0.76862746
0.78039217
0.79215688
0.80392158
0.80392158
0.80784315
0.82352942
0.83921570
0.84705883
0.85098040
0.85882354
0.87058824
0.88235295
0.89411765
0.90196079
0.90196079
0.90980393
0.90980393
0.91372550
0.91764706
0.92941177
0.92941177
0.93333334
0.93333334
0.94901961
0.59607846
0.60392159
0.62352943
0.64705884
0.67058825
0.69411767
0.70980394
0.73333335
0.74509805
0.75294119
0.76470590
0.76470590
0.76470590
0.77254903
0.78431374
0.79607844
0.79607844
0.80784315
0.81960785
0.82745099
0.84313726
0.85490197
0.86274511
0.87450981
0.87450981
0.87450981
0.87843138
0.88235295
0.87843138
0.87843138
0.87450981
0.88627452
0.57647061
0.58431375
0.60784316
0.63137257
0.65098041
0.65882355
0.68235296
0.71372551
0.72549021
0.73333335
0.74117649
0.74901962
0.75294119
0.75294119
0.76862746
0.78039217
0.78431374
0.79215688
0.80392158
0.81176472
0.82352942
0.83529413
0.84705883
0.85098040
0.85098040
0.85098040
0.85490197
0.85490197
0.85098040
0.85098040
0.84705883
0.85882354
0.57254905
0.58823532
0.61176473
0.63137257
0.64313728
0.65490198
0.67843139
0.70588237
0.72156864
0.73725492
0.74901962
0.74117649
0.75294119
0.75294119
0.76078433
0.77647060
0.78039217
0.77647060
0.79215688
0.80000001
0.80784315
0.80784315
0.81568629
0.81568629
0.81960785
0.81568629
0.82352942
0.82352942
0.82352942
0.82745099
0.82352942
0.84313726
0.60784316
0.63529414
0.64705884
0.63921571
0.63529414
0.64313728
0.65490198
0.66666669
0.67058825
0.69411767
0.72156864
0.71372551
0.72156864
0.72156864
0.72156864
0.73725492
0.74509805
0.75294119
0.76078433
0.77254903
0.78431374
0.79215688
0.80000001
0.80784315
0.79607844
0.78039217
0.80000001
0.80000001
0.80784315
0.81568629
0.80784315
0.83137256
0.54117650
0.56862748
0.58431375
0.58039218
0.60392159
0.60392159
0.62352943
0.66274512
0.65490198
0.67058825
0.70196080
0.70588237
0.70588237
0.70588237
0.71764708
0.72941178
0.73725492
0.74901962
0.75294119
0.76078433
0.76862746
0.80000001
0.82352942
0.79607844
0.78431374
0.78039217
0.80784315
0.78431374
0.79607844
0.80000001
0.79607844
0.81568629
0.51764709
0.53333336
0.55686277
0.58039218
0.58823532
0.60392159
0.63529414
0.65882355
0.65490198
0.66666669
0.68235296
0.69803923
0.70588237
0.70588237
0.70588237
0.71764708
0.72549021
0.74117649
0.73725492
0.75294119
0.77254903
0.78823531
0.78823531
0.76862746
0.75686276
0.73725492
0.76862746
0.77647060
0.78039217
0.78431374
0.78431374
0.80784315
0.53333336
0.55686277
0.56470591
0.58823532
0.59215689
0.59607846
0.63137257
0.63921571
0.64313728
0.67450982
0.67843139
0.68235296
0.70196080
0.73333335
0.72549021
0.72156864
0.71764708
0.72549021
0.69803923
0.71764708
0.76862746
0.73333335
0.66666669
0.76078433
0.75686276
0.71372551
0.70196080
0.78039217
0.77647060
0.77647060
0.76862746
0.80000001
0.50196081
0.54117650
0.54509807
0.56862748
0.60000002
0.60000002
0.60392159
0.62352943
0.63137257
0.65882355
0.67450982
0.68627453
0.70196080
0.81568629
0.84313726
0.81960785
0.83137256
0.78431374
0.65098041
0.67058825
0.74901962
0.62745100
0.62745100
0.76470590
0.75294119
0.72156864
0.71764708
0.78039217
0.77254903
0.76862746
0.76862746
0.79607844
0.50980395
0.54117650
0.57254905
0.59215689
0.60000002
0.60392159
0.60392159
0.60784316
0.62352943
0.63921571
0.66274512
0.68235296
0.69803923
0.77254903
0.80000001
0.82352942
0.85098040
0.82745099
0.70196080
0.69019610
0.72941178
0.58431375
0.59215689
0.77647060
0.77254903
0.76078433
0.70980394
0.70196080
0.74117649
0.73725492
0.74901962
0.76862746
0.52156866
0.54117650
0.55686277
0.58823532
0.61568630
0.62352943
0.61960787
0.61960787
0.62352943
0.62745100
0.65098041
0.65490198
0.69019610
0.74117649
0.69803923
0.66666669
0.72156864
0.73725492
0.71764708
0.71372551
0.73725492
0.78823531
0.70588237
0.76470590
0.76078433
0.77647060
0.79607844
0.72156864
0.73333335
0.77647060
0.79607844
0.76470590
0.49803922
0.49803922
0.52156866
0.56862748
0.59607846
0.60784316
0.59607846
0.60784316
0.61960787
0.61960787
0.64313728
0.65490198
0.69019610
0.77254903
0.69411767
0.62352943
0.71372551
0.77647060
0.77647060
0.78823531
0.80392158
0.83529413
0.74509805
0.79607844
0.76470590
0.76862746
0.85882354
0.78039217
0.78039217
0.87058824
0.82745099
0.76862746
0.49803922
0.51372552
0.54117650
0.56078434
0.56470591
0.58431375
0.57647061
0.60392159
0.62745100
0.60000002
0.62352943
0.63529414
0.66666669
0.75686276
0.70980394
0.69803923
0.75294119
0.83529413
0.84705883
0.87058824
0.87058824
0.85098040
0.80392158
0.70980394
0.61176473
0.82745099
0.90980393
0.77254903
0.72549021
0.80000001
0.76862746
0.80392158
0.48235294
0.51372552
0.53725493
0.54901963
0.55686277
0.59215689
0.61960787
0.63529414
0.61568630
0.60784316
0.62745100
0.62352943
0.67058825
0.74509805
0.69019610
0.69019610
0.71764708
0.80784315
0.85882354
0.90588236
0.91764706
0.91372550
0.81568629
0.57254905
0.58039218
0.83921570
0.77254903
0.70196080
0.58039218
0.63137257
0.56862748
0.74117649
0.48235294
0.49803922
0.51372552
0.56470591
0.54901963
0.57254905
0.60000002
0.57254905
0.58823532
0.60784316
0.62352943
0.63137257
0.63137257
0.75294119
0.74901962
0.70588237
0.77647060
0.79607844
0.81568629
0.86274511
0.83921570
0.91372550
0.79607844
0.57647061
0.56470591
0.54117650
0.44313726
0.48235294
0.44705883
0.38823530
0.37647060
0.63921571
0.49019608
0.51764709
0.51764709
0.56078434
0.50196081
0.54901963
0.58823532
0.56470591
0.60784316
0.61568630
0.63137257
0.69411767
0.64705884
0.79607844
0.84313726
0.77254903
0.78823531
0.78431374
0.79607844
0.76078433
0.75294119
0.84313726
0.72941178
0.47058824
0.36862746
0.36078432
0.38431373
0.38823530
0.35294119
0.25490198
0.31764707
0.66274512
0.47058824
0.48235294
0.49019608
0.57647061
0.61960787
0.64705884
0.61960787
0.54117650
0.59215689
0.67843139
0.73333335
0.77647060
0.74117649
0.82745099
0.78039217
0.72549021
0.78039217
0.64313728
0.58823532
0.61568630
0.62352943
0.61176473
0.50196081
0.40784314
0.38823530
0.38431373
0.34509805
0.28235295
0.23137255
0.25098041
0.38431373
0.64705884
0.45490196
0.46274510
0.50980395
0.70196080
0.78823531
0.60000002
0.32549021
0.36078432
0.58823532
0.69803923
0.71764708
0.76470590
0.69019610
0.65098041
0.62352943
0.63137257
0.65098041
0.49803922
0.43921569
0.46666667
0.44705883
0.41176471
0.40392157
0.39215687
0.30980393
0.23529412
0.21960784
0.23137255
0.28235295
0.35686275
0.47843137
0.68627453
0.43921569
0.44705883
0.51764709
0.63137257
0.52941179
0.32941177
0.21568628
0.33725491
0.50196081
0.54117650
0.46274510
0.47450981
0.44313726
0.43529412
0.46274510
0.43921569
0.39607844
0.38431373
0.38039216
0.36862746
0.37647060
0.35686275
0.33333334
0.32549021
0.23529412
0.20784314
0.25098041
0.30980393
0.36862746
0.43529412
0.49803922
0.62352943
0.41960785
0.44705883
0.49411765
0.53333336
0.37254903
0.30588236
0.31764707
0.34901962
0.39607844
0.34117648
0.29803923
0.30980393
0.31764707
0.30588236
0.32549021
0.32549021
0.33725491
0.35686275
0.36862746
0.35294119
0.28235295
0.22352941
0.21568628
0.26274511
0.25882354
0.24705882
0.30980393
0.36470589
0.41960785
0.47843137
0.52941179
0.59607846
0.40392157
0.39607844
0.42745098
0.55294120
0.54117650
0.40392157
0.36470589
0.40392157
0.49803922
0.33333334
0.29019609
0.30196080
0.32156864
0.32549021
0.33333334
0.36078432
0.34509805
0.31372550
0.28235295
0.27058825
0.24313726
0.24705882
0.25490198
0.23529412
0.25098041
0.28235295
0.37254903
0.40784314
0.43137255
0.46666667
0.50980395
0.58431375
0.38823530
0.38039216
0.38039216
0.47058824
0.44313726
0.31372550
0.30588236
0.35294119
0.40000001
0.33333334
0.32156864
0.33725491
0.35686275
0.34901962
0.29411766
0.26666668
0.25098041
0.25882354
0.27450982
0.27843139
0.27843139
0.30196080
0.29803923
0.29019609
0.28627452
0.30980393
0.35686275
0.40000001
0.41568628
0.44705883
0.47058824
0.51764709
0.41960785
0.41960785
0.42745098
0.49803922
0.40784314
0.32941177
0.39215687
0.42352942
0.37254903
0.32941177
0.30588236
0.31764707
0.32549021
0.33725491
0.32941177
0.32941177
0.45098040
0.35686275
0.29411766
0.32156864
0.28627452
0.30980393
0.31764707
0.31764707
0.31372550
0.33725491
0.35294119
0.39607844
0.42352942
0.45098040
0.49803922
0.54117650
0.40392157
0.40392157
0.43921569
0.62352943
0.56862748
0.47843137
0.49411765
0.47450981
0.33333334
0.22745098
0.22745098
0.29019609
0.42352942
0.48627451
0.45098040
0.38039216
0.50588238
0.33333334
0.25490198
0.27450982
0.29411766
0.31764707
0.32156864
0.32549021
0.32156864
0.32941177
0.34901962
0.39607844
0.40784314
0.41960785
0.45098040
0.50196081
0.30588236
0.29803923
0.30980393
0.41176471
0.39607844
0.36078432
0.40000001
0.39607844
0.33333334
0.29803923
0.25490198
0.23137255
0.23921569
0.24313726
0.22352941
0.18039216
0.20784314
0.23529412
0.26274511
0.28627452
0.31372550
0.32549021
0.31764707
0.32941177
0.33333334
0.36470589
0.38039216
0.40000001
0.40784314
0.41960785
0.44705883
0.49803922
0.25882354
0.24705882
0.27058825
0.23529412
0.10588235
0.09019608
0.11372549
0.13725491
0.13725491
0.14901961
0.13333334
0.11764706
0.11372549
0.11764706
0.14509805
0.17647059
0.22352941
0.26666668
0.28235295
0.29803923
0.32941177
0.34117648
0.32549021
0.32549021
0.33333334
0.36470589
0.38431373
0.40392157
0.43921569
0.43529412
0.44705883
0.50196081
0.34509805
0.32549021
0.30588236
0.25490198
0.09803922
0.05490196
0.05490196
0.07843138
0.09803922
0.10588235
0.11764706
0.12549020
0.14509805
0.16078432
0.18039216
0.20392157
0.25490198
0.28235295
0.30588236
0.31764707
0.32941177
0.34509805
0.34117648
0.34117648
0.35294119
0.36862746
0.35686275
0.35686275
0.40000001
0.43137255
0.47058824
0.50196081
0.32156864
0.29411766
0.28235295
0.23529412
0.10196079
0.04313726
0.05098039
0.07843138
0.11372549
0.12156863
0.12156863
0.13333334
0.15686275
0.17647059
0.19607843
0.22745098
0.26274511
0.28627452
0.30196080
0.31764707
0.32941177
0.33725491
0.33725491
0.34117648
0.36862746
0.37647060
0.39215687
0.40784314
0.39215687
0.41960785
0.44705883
0.49803922
0.29019609
0.29411766
0.29019609
0.21568628
0.08627451
0.03921569
0.04313726
0.07058824
0.10588235
0.13333334
0.14509805
0.15294118
0.17647059
0.18039216
0.19607843
0.22745098
0.24705882
0.27450982
0.28235295
0.29019609
0.30196080
0.30980393
0.31372550
0.31372550
0.32941177
0.34117648
0.36470589
0.39215687
0.40392157
0.42352942
0.42352942
0.45882353
0.27058825
0.27450982
0.25098041
0.16862746
0.08235294
0.06274510
0.04705882
0.07450981
0.10588235
0.13333334
0.16862746
0.16470589
0.16078432
0.18823530
0.19607843
0.21176471
0.23529412
0.25098041
0.25882354
0.26274511
0.27450982
0.29411766
0.29411766
0.29411766
0.31372550
0.30980393
0.30196080
0.32156864
0.35686275
0.37647060
0.38431373
0.42352942
0.87058824
0.87450981
0.88627452
0.90196079
0.92156863
0.92941177
0.93725491
0.94509804
0.94901961
0.95294118
0.95686275
0.96470588
0.97254902
0.97647059
0.97647059
0.97647059
0.98823529
0.98823529
0.99215686
0.99607843
0.99215686
0.99607843
0.99215686
0.98823529
0.99607843
0.99607843
0.99607843
0.99607843
0.99607843
0.99215686
0.98823529
1.00000000
0.71372551
0.72549021
0.74901962
0.77254903
0.80000001
0.81568629
0.82352942
0.83921570
0.85098040
0.86666667
0.87058824
0.87843138
0.88627452
0.90196079
0.90980393
0.91764706
0.92941177
0.93725491
0.94117647
0.94509804
0.95294118
0.96470588
0.96078432
0.96078432
0.96862745
0.97254902
0.97647059
0.98039216
0.98039216
0.98431373
0.98039216
0.99607843
0.63137257
0.64313728
0.67058825
0.69019610
0.72156864
0.74117649
0.75294119
0.76862746
0.78039217
0.79215688
0.80392158
0.80392158
0.80784315
0.82352942
0.83921570
0.84705883
0.85098040
0.85882354
0.87058824
0.88235295
0.89411765
0.90196079
0.90196079
0.90980393
0.90980393
0.91372550
0.91764706
0.92941177
0.92941177
0.93333334
0.93333334
0.94901961
0.59607846
0.60392159
0.62352943
0.64705884
0.67058825
0.69411767
0.70980394
0.73333335
0.74509805
0.75294119
0.76470590
0.76470590
0.76470590
0.77254903
0.78431374
0.79607844
0.79607844
0.80784315
0.81960785
0.82745099
0.84313726
0.85490197
0.86274511
0.87450981
0.87450981
0.87450981
0.87843138
0.88235295
0.87843138
0.87843138
0.87450981
0.88627452
0.57647061
0.58431375
0.60784316
0.63137257
0.65098041
0.65882355
0.68235296
0.71372551
0.72549021
0.73333335
0.74117649
0.74901962
0.75294119
0.75294119
0.76862746
0.78039217
0.78431374
0.79215688
0.80392158
0.81176472
0.82352942
0.83529413
0.84705883
0.85098040
0.85098040
0.85098040
0.85490197
0.85490197
0.85098040
0.85098040
0.84705883
0.85882354
0.57254905
0.58823532
0.61176473
0.63137257
0.64313728
0.65490198
0.67843139
0.70588237
0.72156864
0.73725492
0.74901962
0.74117649
0.75294119
0.75294119
0.76078433
0.77647060
0.78039217
0.77647060
0.79215688
0.80000001
0.80784315
0.80784315
0.81568629
0.81568629
0.81960785
0.81568629
0.82352942
0.82352942
0.82352942
0.82745099
0.82352942
0.84313726
0.60784316
0.63529414
0.64705884
0.63921571
0.63529414
0.64313728
0.65490198
0.66666669
0.67058825
0.69411767
0.72156864
0.71372551
0.72156864
0.72156864
0.72156864
0.73725492
0.74509805
0.75294119
0.76078433
0.77254903
0.78431374
0.79215688
0.80000001
0.80784315
0.79607844
0.78039217
0.80000001
0.80000001
0.80784315
0.81568629
0.80784315
0.83137256
0.54117650
0.56862748
0.58431375
0.58039218
0.60392159
0.60392159
0.62352943
0.66274512
0.65490198
0.67058825
0.70196080
0.70588237
0.70588237
0.70588237
0.71764708
0.72941178
0.73725492
0.74901962
0.75294119
0.76078433
0.76862746
0.80000001
0.82352942
0.79607844
0.78431374
0.78039217
0.80784315
0.78431374
0.79607844
0.80000001
0.79607844
0.81568629
0.51764709
0.53333336
0.55686277
0.58039218
0.58823532
0.60392159
0.63529414
0.65882355
0.65490198
0.66666669
0.68235296
0.69803923
0.70588237
0.70588237
0.70588237
0.71764708
0.72549021
0.74117649
0.73725492
0.75294119
0.77254903
0.78823531
0.78823531
0.76862746
0.75686276
0.73725492
0.76862746
0.77647060
0.78039217
0.78431374
0.78431374
0.80784315
0.53333336
0.55686277
0.56470591
0.58823532
0.59215689
0.59607846
0.63137257
0.63921571
0.64313728
0.67450982
0.67843139
0.68235296
0.70196080
0.73333335
0.72549021
0.72156864
0.71764708
0.72549021
0.69803923
0.71764708
0.76862746
0.73333335
0.66666669
0.76078433
0.75686276
0.71372551
0.70196080
0.78039217
0.77647060
0.77647060
0.76862746
0.80000001
0.50196081
0.54117650
0.54509807
0.56862748
0.60000002
0.60000002
0.60392159
0.62352943
0.63137257
0.65882355
0.67450982
0.68627453
0.70196080
0.81568629
0.84313726
0.81960785
0.83137256
0.78431374
0.65098041
0.67058825
0.74901962
0.62745100
0.62745100
0.76470590
0.75294119
0.72156864
0.71764708
0.78039217
0.77254903
0.76862746
0.76862746
0.79607844
0.50980395
0.54117650
0.57254905
0.59215689
0.60000002
0.60392159
0.60392159
0.60784316
0.62352943
0.63921571
0.66274512
0.68235296
0.69803923
0.77254903
0.80000001
0.82352942
0.85098040
0.82745099
0.70196080
0.69019610
0.72941178
0.58431375
0.59215689
0.77647060
0.77254903
0.76078433
0.70980394
0.70196080
0.74117649
0.73725492
0.74901962
0.76862746
0.52156866
0.54117650
0.55686277
0.58823532
0.61568630
0.62352943
0.61960787
0.61960787
0.62352943
0.62745100
0.65098041
0.65490198
0.69019610
0.74117649
0.69803923
0.66666669
0.72156864
0.73725492
0.71764708
0.71372551
0.73725492
0.78823531
0.70588237
0.76470590
0.76078433
0.77647060
0.79607844
0.72156864
0.73333335
0.77647060
0.79607844
0.76470590
0.49803922
0.49803922
0.52156866
0.56862748
0.59607846
0.60784316
0.59607846
0.60784316
0.61960787
0.61960787
0.64313728
0.65490198
0.69019610
0.77254903
0.69411767
0.62352943
0.71372551
0.77647060
0.77647060
0.78823531
0.80392158
0.83529413
0.74509805
0.79607844
0.76470590
0.76862746
0.85882354
0.78039217
0.78039217
0.87058824
0.82745099
0.76862746
0.49803922
0.51372552
0.54117650
0.56078434
0.56470591
0.58431375
0.57647061
0.60392159
0.62745100
0.60000002
0.62352943
0.63529414
0.66666669
0.75686276
0.70980394
0.69803923
0.75294119
0.83529413
0.84705883
0.87058824
0.87058824
0.85098040
0.80392158
0.70980394
0.61176473
0.82745099
0.90980393
0.77254903
0.72549021
0.80000001
0.76862746
0.80392158
0.48235294
0.51372552
0.53725493
0.54901963
0.55686277
0.59215689
0.61960787
0.63529414
0.61568630
0.60784316
0.62745100
0.62352943
0.67058825
0.74509805
0.69019610
0.69019610
0.71764708
0.80784315
0.85882354
0.90588236
0.91764706
0.91372550
0.81568629
0.57254905
0.58039218
0.83921570
0.77254903
0.70196080
0.58039218
0.63137257
0.56862748
0.74117649
0.48235294
0.49803922
0.51372552
0.56470591
0.54901963
0.57254905
0.60000002
0.57254905
0.58823532
0.60784316
0.62352943
0.63137257
0.63137257
0.75294119
0.74901962
0.70588237
0.77647060
0.79607844
0.81568629
0.86274511
0.83921570
0.91372550
0.79607844
0.57647061
0.56470591
0.54117650
0.44313726
0.48235294
0.44705883
0.38823530
0.37647060
0.63921571
0.49019608
0.51764709
0.51764709
0.56078434
0.50196081
0.54901963
0.58823532
0.56470591
0.60784316
0.61568630
0.63137257
0.69411767
0.64705884
0.79607844
0.84313726
0.77254903
0.78823531
0.78431374
0.79607844
0.76078433
0.75294119
0.84313726
0.72941178
0.47058824
0.36862746
0.36078432
0.38431373
0.38823530
0.35294119
0.25490198
0.31764707
0.66274512
0.47058824
0.48235294
0.49019608
0.57647061
0.61960787
0.64705884
0.61960787
0.54117650
0.59215689
0.67843139
0.73333335
0.77647060
0.74117649
0.82745099
0.78039217
0.72549021
0.78039217
0.64313728
0.58823532
0.61568630
0.62352943
0.61176473
0.50196081
0.40784314
0.38823530
0.38431373
0.34509805
0.28235295
0.23137255
0.25098041
0.38431373
0.64705884
0.45490196
0.46274510
0.50980395
0.70196080
0.78823531
0.60000002
0.32549021
0.36078432
0.58823532
0.69803923
0.71764708
0.76470590
0.69019610
0.65098041
0.62352943
0.63137257
0.65098041
0.49803922
0.43921569
0.46666667
0.44705883
0.41176471
0.40392157
0.39215687
0.30980393
0.23529412
0.21960784
0.23137255
0.28235295
0.35686275
0.47843137
0.68627453
0.43921569
0.44705883
0.51764709
0.63137257
0.52941179
0.32941177
0.21568628
0.33725491
0.50196081
0.54117650
0.46274510
0.47450981
0.44313726
0.43529412
0.46274510
0.43921569
0.39607844
0.38431373
0.38039216
0.36862746
0.37647060
0.35686275
0.33333334
0.32549021
0.23529412
0.20784314
0.25098041
0.30980393
0.36862746
0.43529412
0.49803922
0.62352943
0.41960785
0.44705883
0.49411765
0.53333336
0.37254903
0.30588236
0.31764707
0.34901962
0.39607844
0.34117648
0.29803923
0.30980393
0.31764707
0.30588236
0.32549021
0.32549021
0.33725491
0.35686275
0.36862746
0.35294119
0.28235295
0.22352941
0.21568628
0.26274511
0.25882354
0.24705882
0.30980393
0.36470589
0.41960785
0.47843137
0.52941179
0.59607846
0.40392157
0.39607844
0.42745098
0.55294120
0.54117650
0.40392157
0.36470589
0.40392157
0.49803922
0.33333334
0.29019609
0.30196080
0.32156864
0.32549021
0.33333334
0.36078432
0.34509805
0.31372550
0.28235295
0.27058825
0.24313726
0.24705882
0.25490198
0.23529412
0.25098041
0.28235295
0.37254903
0.40784314
0.43137255
0.46666667
0.50980395
0.58431375
0.38823530
0.38039216
0.38039216
0.47058824
0.44313726
0.31372550
0.30588236
0.35294119
0.40000001
0.33333334
0.32156864
0.33725491
0.35686275
0.34901962
0.29411766
0.26666668
0.25098041
0.25882354
0.27450982
0.27843139
0.27843139
0.30196080
0.29803923
0.29019609
0.28627452
0.30980393
0.35686275
0.40000001
0.41568628
0.44705883
0.47058824
0.51764709
0.41960785
0.41960785
0.42745098
0.49803922
0.40784314
0.32941177
0.39215687
0.42352942
0.37254903
0.32941177
0.30588236
0.31764707
0.32549021
0.33725491
0.32941177
0.32941177
0.45098040
0.35686275
0.29411766
0.32156864
0.28627452
0.30980393
0.31764707
0.31764707
0.31372550
0.33725491
0.35294119
0.39607844
0.42352942
0.45098040
0.49803922
0.54117650
0.40392157
0.40392157
0.43921569
0.62352943
0.56862748
0.47843137
0.49411765
0.47450981
0.33333334
0.22745098
0.22745098
0.29019609
0.42352942
0.48627451
0.45098040
0.38039216
0.50588238
0.33333334
0.25490198
0.27450982
0.29411766
0.31764707
0.32156864
0.32549021
0.32156864
0.32941177
0.34901962
0.39607844
0.40784314
0.41960785
0.45098040
0.50196081
0.30588236
0.29803923
0.30980393
0.41176471
0.39607844
0.36078432
0.40000001
0.39607844
0.33333334
0.29803923
0.25490198
0.23137255
0.23921569
0.24313726
0.22352941
0.18039216
0.20784314
0.23529412
0.26274511
0.28627452
0.31372550
0.32549021
0.31764707
0.32941177
0.33333334
0.36470589
0.38039216
0.40000001
0.40784314
0.41960785
0.44705883
0.49803922
0.25882354
0.24705882
0.27058825
0.23529412
0.10588235
0.09019608
0.11372549
0.13725491
0.13725491
0.14901961
0.13333334
0.11764706
0.11372549
0.11764706
0.14509805
0.17647059
0.22352941
0.26666668
0.28235295
0.29803923
0.32941177
0.34117648
0.32549021
0.32549021
0.33333334
0.36470589
0.38431373
0.40392157
0.43921569
0.43529412
0.44705883
0.50196081
0.34509805
0.32549021
0.30588236
0.25490198
0.09803922
0.05490196
0.05490196
0.07843138
0.09803922
0.10588235
0.11764706
0.12549020
0.14509805
0.16078432
0.18039216
0.20392157
0.25490198
0.28235295
0.30588236
0.31764707
0.32941177
0.34509805
0.34117648
0.34117648
0.35294119
0.36862746
0.35686275
0.35686275
0.40000001
0.43137255
0.47058824
0.50196081
0.32156864
0.29411766
0.28235295
0.23529412
0.10196079
0.04313726
0.05098039
0.07843138
0.11372549
0.12156863
0.12156863
0.13333334
0.15686275
0.17647059
0.19607843
0.22745098
0.26274511
0.28627452
0.30196080
0.31764707
0.32941177
0.33725491
0.33725491
0.34117648
0.36862746
0.37647060
0.39215687
0.40784314
0.39215687
0.41960785
0.44705883
0.49803922
0.29019609
0.29411766
0.29019609
0.21568628
0.08627451
0.03921569
0.04313726
0.07058824
0.10588235
0.13333334
0.14509805
0.15294118
0.17647059
0.18039216
0.19607843
0.22745098
0.24705882
0.27450982
0.28235295
0.29019609
0.30196080
0.30980393
0.31372550
0.31372550
0.32941177
0.34117648
0.36470589
0.39215687
0.40392157
0.42352942
0.42352942
0.45882353
0.27058825
0.27450982
0.25098041
0.16862746
0.08235294
0.06274510
0.04705882
0.07450981
0.10588235
0.13333334
0.16862746
0.16470589
0.16078432
0.18823530
0.19607843
0.21176471
0.23529412
0.25098041
0.25882354
0.26274511
0.27450982
0.29411766
0.29411766
0.29411766
0.31372550
0.30980393
0.30196080
0.32156864
0.35686275
0.37647060
0.38431373
0.42352942
0.87058824
0.87450981
0.88627452
0.90196079
0.92156863
0.92941177
0.93725491
0.94509804
0.94901961
0.95294118
0.95686275
0.96470588
0.97254902
0.97647059
0.97647059
0.97647059
0.98823529
0.98823529
0.99215686
0.99607843
0.99215686
0.99607843
0.99215686
0.98823529
0.99607843
0.99607843
0.99607843
0.99607843
0.99607843
0.99215686
0.98823529
1.00000000
0.71372551
0.72549021
0.74901962
0.77254903
0.80000001
0.81568629
0.82352942
0.83921570
0.85098040
0.86666667
0.87058824
0.87843138
0.88627452
0.90196079
0.90980393
0.91764706
0.92941177
0.93725491
0.94117647
0.94509804
0.95294118
0.96470588
0.96078432
0.96078432
0.96862745
0.97254902
0.97647059
0.98039216
0.98039216
0.98431373
0.98039216
0.99607843
0.63137257
0.64313728
0.67058825
0.69019610
0.72156864
0.74117649
0.75294119
0.76862746
0.78039217
0.79215688
0.80392158
0.80392158
0.80784315
0.82352942
0.83921570
0.84705883
0.85098040
0.85882354
0.87058824
0.88235295
0.89411765
0.90196079
0.90196079
0.90980393
0.90980393
0.91372550
0.91764706
0.92941177
0.92941177
0.93333334
0.93333334
0.94901961
0.59607846
0.60392159
0.62352943
0.64705884
0.67058825
0.69411767
0.70980394
0.73333335
0.74509805
0.75294119
0.76470590
0.76470590
0.76470590
0.77254903
0.78431374
0.79607844
0.79607844
0.80784315
0.81960785
0.82745099
0.84313726
0.85490197
0.86274511
0.87450981
0.87450981
0.87450981
0.87843138
0.88235295
0.87843138
0.87843138
0.87450981
0.88627452
0.57647061
0.58431375
0.60784316
0.63137257
0.65098041
0.65882355
0.68235296
0.71372551
0.72549021
0.73333335
0.74117649
0.74901962
0.75294119
0.75294119
0.76862746
0.78039217
0.78431374
0.79215688
0.80392158
0.81176472
0.82352942
0.83529413
0.84705883
0.85098040
0.85098040
0.85098040
0.85490197
0.85490197
0.85098040
0.85098040
0.84705883
0.85882354
0.57254905
0.58823532
0.61176473
0.63137257
0.64313728
0.65490198
0.67843139
0.70588237
0.72156864
0.73725492
0.74901962
0.74117649
0.75294119
0.75294119
0.76078433
0.77647060
0.78039217
0.77647060
0.79215688
0.80000001
0.80784315
0.80784315
0.81568629
0.81568629
0.81960785
0.81568629
0.82352942
0.82352942
0.82352942
0.82745099
0.82352942
0.84313726
0.60784316
0.63529414
0.64705884
0.63921571
0.63529414
0.64313728
0.65490198
0.66666669
0.67058825
0.69411767
0.72156864
0.71372551
0.72156864
0.72156864
0.72156864
0.73725492
0.74509805
0.75294119
0.76078433
0.77254903
0.78431374
0.79215688
0.80000001
0.80784315
0.79607844
0.78039217
0.80000001
0.80000001
0.80784315
0.81568629
0.80784315
0.83137256
0.54117650
0.56862748
0.58431375
0.58039218
0.60392159
0.60392159
0.62352943
0.66274512
0.65490198
0.67058825
0.70196080
0.70588237
0.70588237
0.70588237
0.71764708
0.72941178
0.73725492
0.74901962
0.75294119
0.76078433
0.76862746
0.80000001
0.82352942
0.79607844
0.78431374
0.78039217
0.80784315
0.78431374
0.79607844
0.80000001
0.79607844
0.81568629
0.51764709
0.53333336
0.55686277
0.58039218
0.58823532
0.60392159
0.63529414
0.65882355
0.65490198
0.66666669
0.68235296
0.69803923
0.70588237
0.70588237
0.70588237
0.71764708
0.72549021
0.74117649
0.73725492
0.75294119
0.77254903
0.78823531
0.78823531
0.76862746
0.75686276
0.73725492
0.76862746
0.77647060
0.78039217
0.78431374
0.78431374
0.80784315
0.53333336
0.55686277
0.56470591
0.58823532
0.59215689
0.59607846
0.63137257
0.63921571
0.64313728
0.67450982
0.67843139
0.68235296
0.70196080
0.73333335
0.72549021
0.72156864
0.71764708
0.72549021
0.69803923
0.71764708
0.76862746
0.73333335
0.66666669
0.76078433
0.75686276
0.71372551
0.70196080
0.78039217
0.77647060
0.77647060
0.76862746
0.80000001
0.50196081
0.54117650
0.54509807
0.56862748
0.60000002
0.60000002
0.60392159
0.62352943
0.63137257
0.65882355
0.67450982
0.68627453
0.70196080
0.81568629
0.84313726
0.81960785
0.83137256
0.78431374
0.65098041
0.67058825
0.74901962
0.62745100
0.62745100
0.76470590
0.75294119
0.72156864
0.71764708
0.78039217
0.77254903
0.76862746
0.76862746
0.79607844
0.50980395
0.54117650
0.57254905
0.59215689
0.60000002
0.60392159
0.60392159
0.60784316
0.62352943
0.63921571
0.66274512
0.68235296
0.69803923
0.77254903
0.80000001
0.82352942
0.85098040
0.82745099
0.70196080
0.69019610
0.72941178
0.58431375
0.59215689
0.77647060
0.77254903
0.76078433
0.70980394
0.70196080
0.74117649
0.73725492
0.74901962
0.76862746
0.52156866
0.54117650
0.55686277
0.58823532
0.61568630
0.62352943
0.61960787
0.61960787
0.62352943
0.62745100
0.65098041
0.65490198
0.69019610
0.74117649
0.69803923
0.66666669
0.72156864
0.73725492
0.71764708
0.71372551
0.73725492
0.78823531
0.70588237
0.76470590
0.76078433
0.77647060
0.79607844
0.72156864
0.73333335
0.77647060
0.79607844
0.76470590
0.49803922
0.49803922
0.52156866
0.56862748
0.59607846
0.60784316
0.59607846
0.60784316
0.61960787
0.61960787
0.64313728
0.65490198
0.69019610
0.77254903
0.69411767
0.62352943
0.71372551
0.77647060
0.77647060
0.78823531
0.80392158
0.83529413
0.74509805
0.79607844
0.76470590
0.76862746
0.85882354
0.78039217
0.78039217
0.87058824
0.82745099
0.76862746
0.49803922
0.51372552
0.54117650
0.56078434
0.56470591
0.58431375
0.57647061
0.60392159
0.62745100
0.60000002
0.62352943
0.63529414
0.66666669
0.75686276
0.70980394
0.69803923
0.75294119
0.83529413
0.84705883
0.87058824
0.87058824
0.85098040
0.80392158
0.70980394
0.61176473
0.82745099
0.90980393
0.77254903
0.72549021
0.80000001
0.76862746
0.80392158
0.48235294
0.51372552
0.53725493
0.54901963
0.55686277
0.59215689
0.61960787
0.63529414
0.61568630
0.60784316
0.62745100
0.62352943
0.67058825
0.74509805
0.69019610
0.69019610
0.71764708
0.80784315
0.85882354
0.90588236
0.91764706
0.91372550
0.81568629
0.57254905
0.58039218
0.83921570
0.77254903
0.70196080
0.58039218
0.63137257
0.56862748
0.74117649
0.48235294
0.49803922
0.51372552
0.56470591
0.54901963
0.57254905
0.60000002
0.57254905
0.58823532
0.60784316
0.62352943
0.63137257
0.63137257
0.75294119
0.74901962
0.70588237
0.77647060
0.79607844
0.81568629
0.86274511
0.83921570
0.91372550
0.79607844
0.57647061
0.56470591
0.54117650
0.44313726
0.48235294
0.44705883
0.38823530
0.37647060
0.63921571
0.49019608
0.51764709
0.51764709
0.56078434
0.50196081
0.54901963
0.58823532
0.56470591
0.60784316
0.61568630
0.63137257
0.69411767
0.64705884
0.79607844
0.84313726
0.77254903
0.78823531
0.78431374
0.79607844
0.76078433
0.75294119
0.84313726
0.72941178
0.47058824
0.36862746
0.36078432
0.38431373
0.38823530
0.35294119
0.25490198
0.31764707
0.66274512
0.47058824
0.48235294
0.49019608
0.57647061
0.61960787
0.64705884
0.61960787
0.54117650
0.59215689
0.67843139
0.73333335
0.77647060
0.74117649
0.82745099
0.78039217
0.72549021
0.78039217
0.64313728
0.58823532
0.61568630
0.62352943
0.61176473
0.50196081
0.40784314
0.38823530
0.38431373
0.34509805
0.28235295
0.23137255
0.25098041
0.38431373
0.64705884
0.45490196
0.46274510
0.50980395
0.70196080
0.78823531
0.60000002
0.32549021
0.36078432
0.58823532
0.69803923
0.71764708
0.76470590
0.69019610
0.65098041
0.62352943
0.63137257
0.65098041
0.49803922
0.43921569
0.46666667
0.44705883
0.41176471
0.40392157
0.39215687
0.30980393
0.23529412
0.21960784
0.23137255
0.28235295
0.35686275
0.47843137
0.68627453
0.43921569
0.44705883
0.51764709
0.63137257
0.52941179
0.32941177
0.21568628
0.33725491
0.50196081
0.54117650
0.46274510
0.47450981
0.44313726
0.43529412
0.46274510
0.43921569
0.39607844
0.38431373
0.38039216
0.36862746
0.37647060
0.35686275
0.33333334
0.32549021
0.23529412
0.20784314
0.25098041
0.30980393
0.36862746
0.43529412
0.49803922
0.62352943
0.41960785
0.44705883
0.49411765
0.53333336
0.37254903
0.30588236
0.31764707
0.34901962
0.39607844
0.34117648
0.29803923
0.30980393
0.31764707
0.30588236
0.32549021
0.32549021
0.33725491
0.35686275
0.36862746
0.35294119
0.28235295
0.22352941
0.21568628
0.26274511
0.25882354
0.24705882
0.30980393
0.36470589
0.41960785
0.47843137
0.52941179
0.59607846
0.40392157
0.39607844
0.42745098
0.55294120
0.54117650
0.40392157
0.36470589
0.40392157
0.49803922
0.33333334
0.29019609
0.30196080
0.32156864
0.32549021
0.33333334
0.36078432
0.34509805
0.31372550
0.28235295
0.27058825
0.24313726
0.24705882
0.25490198
0.23529412
0.25098041
0.28235295
0.37254903
0.40784314
0.43137255
0.46666667
0.50980395
0.58431375
0.38823530
0.38039216
0.38039216
0.47058824
0.44313726
0.31372550
0.30588236
0.35294119
0.40000001
0.33333334
0.32156864
0.33725491
0.35686275
0.34901962
0.29411766
0.26666668
0.25098041
0.25882354
0.27450982
0.27843139
0.27843139
0.30196080
0.29803923
0.29019609
0.28627452
0.30980393
0.35686275
0.40000001
0.41568628
0.44705883
0.47058824
0.51764709
0.41960785
0.41960785
0.42745098
0.49803922
0.40784314
0.32941177
0.39215687
0.42352942
0.37254903
0.32941177
0.30588236
0.31764707
0.32549021
0.33725491
0.32941177
0.32941177
0.45098040
0.35686275
0.29411766
0.32156864
0.28627452
0.30980393
0.31764707
0.31764707
0.31372550
0.33725491
0.35294119
0.39607844
0.42352942
0.45098040
0.49803922
0.54117650
0.40392157
0.40392157
0.43921569
0.62352943
0.56862748
0.47843137
0.49411765
0.47450981
0.33333334
0.22745098
0.22745098
0.29019609
0.42352942
0.48627451
0.45098040
0.38039216
0.50588238
0.33333334
0.25490198
0.27450982
0.29411766
0.31764707
0.32156864
0.32549021
0.32156864
0.32941177
0.34901962
0.39607844
0.40784314
0.41960785
0.45098040
0.50196081
0.30588236
0.29803923
0.30980393
0.41176471
0.39607844
0.36078432
0.40000001
0.39607844
0.33333334
0.29803923
0.25490198
0.23137255
0.23921569
0.24313726
0.22352941
0.18039216
0.20784314
0.23529412
0.26274511
0.28627452
0.31372550
0.32549021
0.31764707
0.32941177
0.33333334
0.36470589
0.38039216
0.40000001
0.40784314
0.41960785
0.44705883
0.49803922
0.25882354
0.24705882
0.27058825
0.23529412
0.10588235
0.09019608
0.11372549
0.13725491
0.13725491
0.14901961
0.13333334
0.11764706
0.11372549
0.11764706
0.14509805
0.17647059
0.22352941
0.26666668
0.28235295
0.29803923
0.32941177
0.34117648
0.32549021
0.32549021
0.33333334
0.36470589
0.38431373
0.40392157
0.43921569
0.43529412
0.44705883
0.50196081
0.34509805
0.32549021
0.30588236
0.25490198
0.09803922
0.05490196
0.05490196
0.07843138
0.09803922
0.10588235
0.11764706
0.12549020
0.14509805
0.16078432
0.18039216
0.20392157
0.25490198
0.28235295
0.30588236
0.31764707
0.32941177
0.34509805
0.34117648
0.34117648
0.35294119
0.36862746
0.35686275
0.35686275
0.40000001
0.43137255
0.47058824
0.50196081
0.32156864
0.29411766
0.28235295
0.23529412
0.10196079
0.04313726
0.05098039
0.07843138
0.11372549
0.12156863
0.12156863
0.13333334
0.15686275
0.17647059
0.19607843
0.22745098
0.26274511
0.28627452
0.30196080
0.31764707
0.32941177
0.33725491
0.33725491
0.34117648
0.36862746
0.37647060
0.39215687
0.40784314
0.39215687
0.41960785
0.44705883
0.49803922
0.29019609
0.29411766
0.29019609
0.21568628
0.08627451
0.03921569
0.04313726
0.07058824
0.10588235
0.13333334
0.14509805
0.15294118
0.17647059
0.18039216
0.19607843
0.22745098
0.24705882
0.27450982
0.28235295
0.29019609
0.30196080
0.30980393
0.31372550
0.31372550
0.32941177
0.34117648
0.36470589
0.39215687
0.40392157
0.42352942
0.42352942
0.45882353
0.27058825
0.27450982
0.25098041
0.16862746
0.08235294
0.06274510
0.04705882
0.07450981
0.10588235
0.13333334
0.16862746
0.16470589
0.16078432
0.18823530
0.19607843
0.21176471
0.23529412
0.25098041
0.25882354
0.26274511
0.27450982
0.29411766
0.29411766
0.29411766
0.31372550
0.30980393
0.30196080
0.32156864
0.35686275
0.37647060
0.38431373
0.42352942
1 0 0 0 0 0 0 0 -1 0 0
0 1 0 0 0 0 0 0 -1 0 0
0 0 1 0 0 0 0 0 -1 0 0
0 0 0 1 0 0 0 0 -1 0 0
0 0 0 0 1 0 0 0 -1 0 0
0 0 0 0 0 1 0 0 -1 0 0
0 0 0 0 0 0 1 0 -1 0 0
0 0 0 0 0 0 0 1 -1 0 0
0 0 0 0 0 0 0 0 -1 1 0
