0.24705882
0.24705882
0.25098041
0.25490198
0.25882354
0.25882354
0.25882354
0.25882354
0.25882354
0.25882354
0.25882354
0.25882354
0.25882354
0.25882354
0.25882354
0.26274511
0.26274511
0.26274511
0.26274511
0.26274511
0.25882354
0.25882354
0.25490198
0.25098041
0.25098041
0.25098041
0.25098041
0.24705882
0.24705882
0.24313726
0.23921569
0.23921569
0.25882354
0.25490198
0.25882354
0.26274511
0.26274511
0.26274511
0.26274511
0.26274511
0.26274511
0.26274511
0.26274511
0.26274511
0.26274511
0.26274511
0.26666668
0.27058825
0.26666668
0.26666668
0.26666668
0.27058825
0.26666668
0.26274511
0.25882354
0.25882354
0.25882354
0.25882354
0.25490198
0.25490198
0.25490198
0.25098041
0.24705882
0.24705882
0.26666668
0.26274511
0.26274511
0.26666668
0.26666668
0.26666668
0.26666668
0.26666668
0.26666668
0.26666668
0.26666668
0.26666668
0.26666668
0.26666668
0.27058825
0.27058825
0.27058825
0.27058825
0.27058825
0.27058825
0.27058825
0.26666668
0.26666668
0.26274511
0.26274511
0.25882354
0.25882354
0.25490198
0.25490198
0.25098041
0.24705882
0.24705882
0.27058825
0.26666668
0.27058825
0.26666668
0.26666668
0.27058825
0.27058825
0.27450982
0.27450982
0.27450982
0.27450982
0.27450982
0.27450982
0.27450982
0.27058825
0.27058825
0.27058825
0.27058825
0.27058825
0.27058825
0.27058825
0.27450982
0.27058825
0.26666668
0.26666668
0.26274511
0.26274511
0.25882354
0.25490198
0.25490198
0.25098041
0.24705882
0.27450982
0.26666668
0.26666668
0.27058825
0.27058825
0.27450982
0.27450982
0.27843139
0.27843139
0.27843139
0.27843139
0.27450982
0.27843139
0.27843139
0.27843139
0.27843139
0.27450982
0.27843139
0.27843139
0.27843139
0.27843139
0.27843139
0.27450982
0.27058825
0.27058825
0.26666668
0.26666668
0.26274511
0.25882354
0.25882354
0.25490198
0.25098041
0.29803923
0.32941177
0.31372550
0.27058825
0.26274511
0.25882354
0.26666668
0.27843139
0.28235295
0.28235295
0.27843139
0.27450982
0.28235295
0.28235295
0.28235295
0.27450982
0.27450982
0.27450982
0.27450982
0.27843139
0.28235295
0.28235295
0.27843139
0.27450982
0.27450982
0.27450982
0.27058825
0.26666668
0.26666668
0.26274511
0.25882354
0.25882354
0.30196080
0.50588238
0.69803923
0.36862746
0.27058825
0.26666668
0.26666668
0.27843139
0.28627452
0.28627452
0.28235295
0.27450982
0.27843139
0.28235295
0.28235295
0.27450982
0.27058825
0.27058825
0.27450982
0.27450982
0.28235295
0.28627452
0.28235295
0.28235295
0.28235295
0.27843139
0.27450982
0.27058825
0.27058825
0.27058825
0.26274511
0.26274511
0.27058825
0.32156864
0.68235296
0.69411767
0.34117648
0.29411766
0.27450982
0.27843139
0.29019609
0.28627452
0.29019609
0.29019609
0.27843139
0.27843139
0.27843139
0.28627452
0.28235295
0.27843139
0.27843139
0.27843139
0.28627452
0.29019609
0.29019609
0.28627452
0.28627452
0.28235295
0.27843139
0.27450982
0.27450982
0.27450982
0.27058825
0.26666668
0.26274511
0.25490198
0.34117648
0.69411767
0.53333336
0.30980393
0.27058825
0.27843139
0.29803923
0.29019609
0.30196080
0.33333334
0.29411766
0.27843139
0.27843139
0.29019609
0.29019609
0.29019609
0.28627452
0.28235295
0.29019609
0.29411766
0.29411766
0.29019609
0.29019609
0.28627452
0.28235295
0.28235295
0.28235295
0.27843139
0.27450982
0.27058825
0.26666668
0.26274511
0.33333334
0.58431375
0.66274512
0.40784314
0.27450982
0.29019609
0.30588236
0.28627452
0.31764707
0.46666667
0.36470589
0.29411766
0.28627452
0.29411766
0.29803923
0.29411766
0.29019609
0.28627452
0.29411766
0.30196080
0.29803923
0.29411766
0.29411766
0.29019609
0.28627452
0.28627452
0.28627452
0.28235295
0.27843139
0.27843139
0.32549021
0.38823530
0.49803922
0.78823531
0.77254903
0.65098041
0.38431373
0.32156864
0.29803923
0.28627452
0.31372550
0.49411765
0.49803922
0.32941177
0.28627452
0.29803923
0.30196080
0.29803923
0.29411766
0.29411766
0.30196080
0.30588236
0.30196080
0.30196080
0.30196080
0.29411766
0.29019609
0.29019609
0.29019609
0.28627452
0.28235295
0.28235295
0.49019608
0.72156864
0.77647060
0.92156863
0.90980393
0.89411765
0.78823531
0.62745100
0.34117648
0.28235295
0.30588236
0.35294119
0.32156864
0.25098041
0.31764707
0.30588236
0.29803923
0.30196080
0.29803923
0.29803923
0.30196080
0.30588236
0.30196080
0.29803923
0.29803923
0.29803923
0.29411766
0.29019609
0.29019609
0.29019609
0.28627452
0.29019609
0.40784314
0.47843137
0.49411765
0.58039218
0.85098040
0.94901961
0.94117647
0.77254903
0.38431373
0.28627452
0.28627452
0.32156864
0.21176471
0.10196079
0.23921569
0.32941177
0.31372550
0.29803923
0.30196080
0.29803923
0.29411766
0.29411766
0.29411766
0.29411766
0.29411766
0.29411766
0.29019609
0.29019609
0.29019609
0.29019609
0.29411766
0.29803923
0.30196080
0.32941177
0.40392157
0.19607843
0.41176471
0.88235295
0.94509804
0.74117649
0.53725493
0.51372552
0.51372552
0.55294120
0.49803922
0.16470589
0.10980392
0.21960784
0.41176471
0.47450981
0.44705883
0.43921569
0.42745098
0.41568628
0.40784314
0.39607844
0.38039216
0.35686275
0.34509805
0.33725491
0.32941177
0.29803923
0.27843139
0.27843139
0.29411766
0.36470589
0.60784316
0.28627452
0.10588235
0.51372552
0.82745099
0.79215688
0.76862746
0.76862746
0.80784315
0.85098040
0.78039217
0.30980393
0.13725491
0.08627451
0.32941177
0.74117649
0.83529413
0.80784315
0.80392158
0.78823531
0.77647060
0.74509805
0.69411767
0.67058825
0.67058825
0.65098041
0.62745100
0.52941179
0.42352942
0.32549021
0.29019609
0.29803923
0.33333334
0.18431373
0.11372549
0.36470589
0.60392159
0.61960787
0.60784316
0.62745100
0.71372551
0.72549021
0.76470590
0.57647061
0.30980393
0.12156863
0.10196079
0.31372550
0.67450982
0.81960785
0.83137256
0.83137256
0.84705883
0.82745099
0.78431374
0.78823531
0.80784315
0.86274511
0.83529413
0.72941178
0.63921571
0.37254903
0.30980393
0.30588236
0.30196080
0.27843139
0.22352941
0.30196080
0.36862746
0.38039216
0.40784314
0.43529412
0.45882353
0.61568630
0.78431374
0.81960785
0.46666667
0.12549020
0.09803922
0.12941177
0.47058824
0.82352942
0.94117647
0.74117649
0.63921571
0.67058825
0.65098041
0.65098041
0.66274512
0.70196080
0.68235296
0.64313728
0.63921571
0.44705883
0.32941177
0.32156864
0.30196080
0.31764707
0.32549021
0.28627452
0.23137255
0.18823530
0.19607843
0.15294118
0.15686275
0.31372550
0.43137255
0.47843137
0.21960784
0.09411765
0.11764706
0.12549020
0.21568628
0.50980395
0.76862746
0.41176471
0.21568628
0.24313726
0.25098041
0.24313726
0.24313726
0.24705882
0.26274511
0.28627452
0.32549021
0.34509805
0.31764707
0.31764707
0.30980393
0.30588236
0.32549021
0.35294119
0.35294119
0.42745098
0.46666667
0.25882354
0.25882354
0.26666668
0.18431373
0.12156863
0.10196079
0.12941177
0.15294118
0.11372549
0.13333334
0.19215687
0.30196080
0.22352941
0.16862746
0.15686275
0.14901961
0.14509805
0.14117648
0.19607843
0.25098041
0.17254902
0.23921569
0.29803923
0.30980393
0.31372550
0.32549021
0.32941177
0.32549021
0.32156864
0.32156864
0.35294119
0.36470589
0.30588236
0.32941177
0.34901962
0.27843139
0.27450982
0.23137255
0.17647059
0.22352941
0.09803922
0.11372549
0.20000000
0.36862746
0.34901962
0.34901962
0.34117648
0.33725491
0.34509805
0.34901962
0.37647060
0.41568628
0.35294119
0.34901962
0.32941177
0.31764707
0.32156864
0.32941177
0.32941177
0.32941177
0.32941177
0.32941177
0.32156864
0.31372550
0.33333334
0.34509805
0.34509805
0.34117648
0.36862746
0.21960784
0.13333334
0.32549021
0.27843139
0.22352941
0.27058825
0.35686275
0.32941177
0.32549021
0.32156864
0.32156864
0.32156864
0.33333334
0.31372550
0.30980393
0.33333334
0.31764707
0.31764707
0.31764707
0.32156864
0.32941177
0.33333334
0.33333334
0.33333334
0.33333334
0.33333334
0.32941177
0.33333334
0.34509805
0.34117648
0.31764707
0.33333334
0.27843139
0.27450982
0.34509805
0.37254903
0.37647060
0.35686275
0.33725491
0.33333334
0.32941177
0.32941177
0.32549021
0.31764707
0.32156864
0.32156864
0.31764707
0.31372550
0.30980393
0.31372550
0.32156864
0.32549021
0.33333334
0.33725491
0.33333334
0.33725491
0.33725491
0.34509805
0.35686275
0.36078432
0.36470589
0.36078432
0.34509805
0.35686275
0.37254903
0.37647060
0.33725491
0.34117648
0.35686275
0.34117648
0.34509805
0.35686275
0.35294119
0.35294119
0.34901962
0.34117648
0.34117648
0.34117648
0.33333334
0.31764707
0.31372550
0.31764707
0.32549021
0.32941177
0.34117648
0.34117648
0.33725491
0.34117648
0.34509805
0.34901962
0.35686275
0.35294119
0.35686275
0.35294119
0.35686275
0.35686275
0.34901962
0.34509805
0.34901962
0.36078432
0.35686275
0.34117648
0.34509805
0.35294119
0.34901962
0.34901962
0.34901962
0.34901962
0.34901962
0.34117648
0.33333334
0.33725491
0.32941177
0.32549021
0.33333334
0.33725491
0.34901962
0.34509805
0.34509805
0.34901962
0.34901962
0.35294119
0.35686275
0.35686275
0.35686275
0.35686275
0.36078432
0.35686275
0.35294119
0.34901962
0.36078432
0.36470589
0.36078432
0.35686275
0.35294119
0.34901962
0.34901962
0.34509805
0.34901962
0.34901962
0.34901962
0.34117648
0.33725491
0.34509805
0.33725491
0.33333334
0.34117648
0.34901962
0.35686275
0.34901962
0.34901962
0.35294119
0.35294119
0.35686275
0.36470589
0.36470589
0.36470589
0.36470589
0.36470589
0.36470589
0.36470589
0.36470589
0.36470589
0.36470589
0.36470589
0.36470589
0.36078432
0.36078432
0.35686275
0.35686275
0.35686275
0.35686275
0.35294119
0.34901962
0.34117648
0.34117648
0.33725491
0.33725491
0.34509805
0.35294119
0.36078432
0.35294119
0.35294119
0.35686275
0.35686275
0.36078432
0.36862746
0.36862746
0.36862746
0.36862746
0.36862746
0.36862746
0.36862746
0.36862746
0.36862746
0.36862746
0.36862746
0.36862746
0.36470589
0.36470589
0.36078432
0.36078432
0.36078432
0.36078432
0.35686275
0.35294119
0.34509805
0.34509805
0.34117648
0.34117648
0.34901962
0.35294119
0.36078432
0.35686275
0.35686275
0.36078432
0.36078432
0.36470589
0.37254903
0.37254903
0.37254903
0.37254903
0.37254903
0.37647060
0.37254903
0.37254903
0.37254903
0.37254903
0.37254903
0.37254903
0.36862746
0.36862746
0.36470589
0.36078432
0.36078432
0.36078432
0.35686275
0.35686275
0.35294119
0.35294119
0.34901962
0.34509805
0.35294119
0.35686275
0.36470589
0.36078432
0.35686275
0.36078432
0.36470589
0.36862746
0.37647060
0.37647060
0.37647060
0.37647060
0.38039216
0.38431373
0.38039216
0.37647060
0.38039216
0.38039216
0.38039216
0.38039216
0.38039216
0.37647060
0.37254903
0.36862746
0.36470589
0.36078432
0.36078432
0.36078432
0.36078432
0.35686275
0.35294119
0.34901962
0.35686275
0.36078432
0.36862746
0.36470589
0.36078432
0.36470589
0.36862746
0.36862746
0.36862746
0.36862746
0.36862746
0.36470589
0.38039216
0.37647060
0.37254903
0.37254903
0.37254903
0.36862746
0.37254903
0.37647060
0.36862746
0.37254903
0.36862746
0.36470589
0.36862746
0.36470589
0.36470589
0.36470589
0.36470589
0.36078432
0.35686275
0.35294119
0.35686275
0.36470589
0.37254903
0.37254903
0.36862746
0.37254903
0.37254903
0.38823530
0.43137255
0.43529412
0.46274510
0.47450981
0.42745098
0.42745098
0.43529412
0.42745098
0.42745098
0.43137255
0.44313726
0.43921569
0.41960785
0.40392157
0.42352942
0.41960785
0.38039216
0.36862746
0.36862746
0.36862746
0.36862746
0.36470589
0.36078432
0.35686275
0.35294119
0.36078432
0.36862746
0.37254903
0.37254903
0.37647060
0.37647060
0.40784314
0.47450981
0.48235294
0.52549022
0.54117650
0.46666667
0.49019608
0.49019608
0.47450981
0.50196081
0.49803922
0.51764709
0.50588238
0.47450981
0.45490196
0.49411765
0.47058824
0.39215687
0.36862746
0.36862746
0.36078432
0.36470589
0.36078432
0.35686275
0.35294119
0.41176471
0.41176471
0.41568628
0.41960785
0.41960785
0.41960785
0.41960785
0.41960785
0.41960785
0.41960785
0.41960785
0.41960785
0.41960785
0.41960785
0.42352942
0.42352942
0.42352942
0.42352942
0.42352942
0.42352942
0.42352942
0.41960785
0.41568628
0.41568628
0.41568628
0.41960785
0.41568628
0.41568628
0.41568628
0.41176471
0.40784314
0.40784314
0.42352942
0.41960785
0.42352942
0.42745098
0.42745098
0.42745098
0.42745098
0.42745098
0.42745098
0.42745098
0.42745098
0.42745098
0.42745098
0.42745098
0.43137255
0.43529412
0.43529412
0.43529412
0.43529412
0.43529412
0.43137255
0.42745098
0.42352942
0.42352942
0.42352942
0.42745098
0.42352942
0.42352942
0.42352942
0.41960785
0.41568628
0.41568628
0.43137255
0.42745098
0.42745098
0.43137255
0.43137255
0.43137255
0.43137255
0.43137255
0.43137255
0.43137255
0.43137255
0.43137255
0.43137255
0.43137255
0.43529412
0.43529412
0.43529412
0.43529412
0.43529412
0.43529412
0.43529412
0.43137255
0.43137255
0.42745098
0.43137255
0.42745098
0.42745098
0.42352942
0.42352942
0.41960785
0.41568628
0.41568628
0.43529412
0.43137255
0.43529412
0.43137255
0.43137255
0.43529412
0.43921569
0.43921569
0.43921569
0.43921569
0.43921569
0.43921569
0.43921569
0.43921569
0.43529412
0.43529412
0.43529412
0.43529412
0.43529412
0.43529412
0.43921569
0.43921569
0.43529412
0.43137255
0.43137255
0.43137255
0.43137255
0.42745098
0.42352942
0.42352942
0.41960785
0.41568628
0.43921569
0.42745098
0.43137255
0.43921569
0.43529412
0.43921569
0.44313726
0.44313726
0.44313726
0.44313726
0.44313726
0.44313726
0.44313726
0.44313726
0.44313726
0.44313726
0.44313726
0.44313726
0.44313726
0.44313726
0.44313726
0.44313726
0.43921569
0.43529412
0.43529412
0.43529412
0.43529412
0.43137255
0.42745098
0.42745098
0.42352942
0.41960785
0.43921569
0.47058824
0.46666667
0.44313726
0.45490196
0.45490196
0.44705883
0.44313726
0.45098040
0.44705883
0.44705883
0.45098040
0.44705883
0.44705883
0.44705883
0.45098040
0.44705883
0.44705883
0.45098040
0.45098040
0.44705883
0.44705883
0.44313726
0.43921569
0.44313726
0.43921569
0.43921569
0.43529412
0.43137255
0.43137255
0.42745098
0.42745098
0.43921569
0.62352943
0.78039217
0.48627451
0.45098040
0.46274510
0.45490196
0.45098040
0.45882353
0.45490196
0.45490196
0.45882353
0.45490196
0.45490196
0.45490196
0.45882353
0.45490196
0.45490196
0.45882353
0.45882353
0.45490196
0.45098040
0.45098040
0.44705883
0.44705883
0.44313726
0.43921569
0.43529412
0.43529412
0.43529412
0.42745098
0.43137255
0.46274510
0.45098040
0.67843139
0.71764708
0.45490196
0.45490196
0.46274510
0.46274510
0.45882353
0.45882353
0.45882353
0.46274510
0.46274510
0.46274510
0.46274510
0.46274510
0.46274510
0.46274510
0.46274510
0.46274510
0.45882353
0.45490196
0.45490196
0.45098040
0.45098040
0.44705883
0.44313726
0.43921569
0.43921569
0.43921569
0.43529412
0.43137255
0.48235294
0.42352942
0.35294119
0.69411767
0.61176473
0.45098040
0.47058824
0.47450981
0.46274510
0.46666667
0.47058824
0.48235294
0.46274510
0.47058824
0.47058824
0.46666667
0.47058824
0.47450981
0.47058824
0.46666667
0.46274510
0.45882353
0.45882353
0.45490196
0.45490196
0.45098040
0.44705883
0.44705883
0.44705883
0.44313726
0.43921569
0.43529412
0.46666667
0.44313726
0.40392157
0.59215689
0.70196080
0.52549022
0.45882353
0.47450981
0.47058824
0.47058824
0.47843137
0.58823532
0.49411765
0.46666667
0.47450981
0.47450981
0.47843137
0.47843137
0.47450981
0.47450981
0.46666667
0.46666667
0.46274510
0.46274510
0.46274510
0.45882353
0.45098040
0.45098040
0.45098040
0.44705883
0.44313726
0.44313726
0.49411765
0.50196081
0.54117650
0.74117649
0.72549021
0.70196080
0.49411765
0.46274510
0.47058824
0.47450981
0.46666667
0.57647061
0.56078434
0.47058824
0.47843137
0.48235294
0.48235294
0.48235294
0.47843137
0.47843137
0.47058824
0.46666667
0.46666667
0.46274510
0.46274510
0.45882353
0.45490196
0.45490196
0.45490196
0.45098040
0.44705883
0.44705883
0.63137257
0.76470590
0.76862746
0.84705883
0.82745099
0.88235295
0.81568629
0.70588237
0.50196081
0.48235294
0.47843137
0.45882353
0.37647060
0.35294119
0.47058824
0.48235294
0.48627451
0.49019608
0.48627451
0.48627451
0.48627451
0.48235294
0.47843137
0.47450981
0.47450981
0.47450981
0.46666667
0.46666667
0.46666667
0.45882353
0.45098040
0.44705883
0.54901963
0.53725493
0.50980395
0.55686277
0.81176472
0.92549020
0.93333334
0.80392158
0.49803922
0.46666667
0.47450981
0.47058824
0.29019609
0.14117648
0.30196080
0.45882353
0.49019608
0.47843137
0.47843137
0.47450981
0.47450981
0.47843137
0.47450981
0.47450981
0.47843137
0.47450981
0.47058824
0.47058824
0.47058824
0.47450981
0.46666667
0.45098040
0.47058824
0.43137255
0.41960785
0.16862746
0.38431373
0.87058824
0.94901961
0.75294119
0.58823532
0.61176473
0.61568630
0.63137257
0.54117650
0.14901961
0.08627451
0.25490198
0.51372552
0.58823532
0.56078434
0.55294120
0.54117650
0.53725493
0.52549022
0.50980395
0.50588238
0.50196081
0.49019608
0.48235294
0.47843137
0.47058824
0.45098040
0.45490196
0.49411765
0.52156866
0.64313728
0.24705882
0.06666667
0.49411765
0.81568629
0.78823531
0.78823531
0.81176472
0.83529413
0.85882354
0.79215688
0.27450982
0.07843138
0.04705882
0.33725491
0.76078433
0.86274511
0.83921570
0.84313726
0.83137256
0.81960785
0.78823531
0.74901962
0.74117649
0.74509805
0.72156864
0.70196080
0.63137257
0.54117650
0.47843137
0.50588238
0.49019608
0.42352942
0.17647059
0.09019608
0.34117648
0.57254905
0.61176473
0.63529414
0.65882355
0.72941178
0.73333335
0.77647060
0.57254905
0.27450982
0.06666667
0.04705882
0.26666668
0.64313728
0.80392158
0.81960785
0.81960785
0.83529413
0.81568629
0.76862746
0.77254903
0.79215688
0.85098040
0.82745099
0.74117649
0.67058825
0.46274510
0.50588238
0.49803922
0.45882353
0.37254903
0.27450982
0.32549021
0.37254903
0.38039216
0.41568628
0.43921569
0.45882353
0.61568630
0.78431374
0.83137256
0.45490196
0.07450981
0.01568628
0.05882353
0.41960785
0.79215688
0.90980393
0.70196080
0.60000002
0.63137257
0.60784316
0.60784316
0.62352943
0.66274512
0.64705884
0.61568630
0.62745100
0.50196081
0.50196081
0.49019608
0.50196081
0.50980395
0.48235294
0.40000001
0.30980393
0.21568628
0.16862746
0.11764706
0.12941177
0.29019609
0.39607844
0.46666667
0.19607843
0.02745098
0.03529412
0.05490196
0.16470589
0.49019608
0.75686276
0.39607844
0.20000000
0.22745098
0.23921569
0.24705882
0.24313726
0.24705882
0.26666668
0.28627452
0.33333334
0.41568628
0.50588238
0.49803922
0.50196081
0.50196081
0.51372552
0.52941179
0.51372552
0.54509807
0.52549022
0.30196080
0.29019609
0.28235295
0.17254902
0.10588235
0.07450981
0.08235294
0.10196079
0.04313726
0.07843138
0.21176471
0.36862746
0.29019609
0.23529412
0.22352941
0.21568628
0.20392157
0.18431373
0.21960784
0.27843139
0.24313726
0.33333334
0.43921569
0.51372552
0.50588238
0.50588238
0.51372552
0.51372552
0.50980395
0.50980395
0.53333336
0.52549022
0.44313726
0.44313726
0.45098040
0.36470589
0.34117648
0.27450982
0.20000000
0.25098041
0.08627451
0.09803922
0.26666668
0.50588238
0.50196081
0.49803922
0.49411765
0.48235294
0.47450981
0.46274510
0.47058824
0.50588238
0.47843137
0.49803922
0.50196081
0.51764709
0.50980395
0.50980395
0.51372552
0.51764709
0.51764709
0.51764709
0.51764709
0.51764709
0.52156866
0.51764709
0.51372552
0.52156866
0.52941179
0.32549021
0.21960784
0.44705883
0.36470589
0.29019609
0.39215687
0.54117650
0.53333336
0.52549022
0.52549022
0.52156866
0.51764709
0.51764709
0.48235294
0.47058824
0.50588238
0.49803922
0.49803922
0.52156866
0.51372552
0.51372552
0.51764709
0.52156866
0.52156866
0.52156866
0.52156866
0.52156866
0.51764709
0.52156866
0.52156866
0.52941179
0.52549022
0.42352942
0.40784314
0.53333336
0.53725493
0.51764709
0.52549022
0.52941179
0.52549022
0.52549022
0.52549022
0.52156866
0.51764709
0.51764709
0.50588238
0.50196081
0.50980395
0.50588238
0.50196081
0.52549022
0.51764709
0.51372552
0.52156866
0.52156866
0.52549022
0.52941179
0.52549022
0.52156866
0.52156866
0.52549022
0.52941179
0.53333336
0.53333336
0.53333336
0.53725493
0.53333336
0.52941179
0.52549022
0.52941179
0.52549022
0.52156866
0.51764709
0.51764709
0.51764709
0.51372552
0.51372552
0.51372552
0.50980395
0.50980395
0.50196081
0.50196081
0.52941179
0.52156866
0.52156866
0.52549022
0.52549022
0.52941179
0.53333336
0.52941179
0.52549022
0.52941179
0.53333336
0.53333336
0.53333336
0.53333336
0.53333336
0.53333336
0.53725493
0.53333336
0.52549022
0.53333336
0.52941179
0.52549022
0.52549022
0.52156866
0.51764709
0.51764709
0.51764709
0.51372552
0.50980395
0.50980395
0.50588238
0.50588238
0.52941179
0.52549022
0.52549022
0.52941179
0.53333336
0.53725493
0.53725493
0.53725493
0.53333336
0.53725493
0.53725493
0.53725493
0.53333336
0.53333336
0.53725493
0.53725493
0.53725493
0.53333336
0.53333336
0.53725493
0.53333336
0.52941179
0.52549022
0.52549022
0.52549022
0.52156866
0.52156866
0.51764709
0.51372552
0.50980395
0.50588238
0.50588238
0.53333336
0.52941179
0.52941179
0.53333336
0.53725493
0.54117650
0.54117650
0.54117650
0.53725493
0.53725493
0.53725493
0.53725493
0.53725493
0.53725493
0.53725493
0.53725493
0.53725493
0.53725493
0.53725493
0.53725493
0.53333336
0.53333336
0.52941179
0.52941179
0.52941179
0.52941179
0.52549022
0.52156866
0.51372552
0.51372552
0.50980395
0.50980395
0.53725493
0.53333336
0.53333336
0.53725493
0.54117650
0.54509807
0.54509807
0.54509807
0.54117650
0.54117650
0.54117650
0.54117650
0.54117650
0.54117650
0.54117650
0.54117650
0.54117650
0.54117650
0.54117650
0.54117650
0.53725493
0.53725493
0.53333336
0.53333336
0.53333336
0.53333336
0.52941179
0.52549022
0.51764709
0.51764709
0.51372552
0.51372552
0.54117650
0.53333336
0.53725493
0.54117650
0.54509807
0.54901963
0.54901963
0.54901963
0.54509807
0.54509807
0.54509807
0.54509807
0.54509807
0.54901963
0.54509807
0.54509807
0.54509807
0.54509807
0.54509807
0.54509807
0.54117650
0.54117650
0.53725493
0.53333336
0.53333336
0.53333336
0.52941179
0.52941179
0.52549022
0.52549022
0.52156866
0.51764709
0.54509807
0.53725493
0.54117650
0.54509807
0.54509807
0.54901963
0.55294120
0.54901963
0.54901963
0.54901963
0.54509807
0.54901963
0.54901963
0.55686277
0.55294120
0.54901963
0.54901963
0.55294120
0.55294120
0.55294120
0.54901963
0.54901963
0.54509807
0.54117650
0.53725493
0.53333336
0.53333336
0.53333336
0.53333336
0.52941179
0.52549022
0.52156866
0.54901963
0.54117650
0.54117650
0.54901963
0.54901963
0.55294120
0.55686277
0.55294120
0.54509807
0.54509807
0.54509807
0.54509807
0.55686277
0.55294120
0.54901963
0.54901963
0.54509807
0.54509807
0.54509807
0.55294120
0.54509807
0.54901963
0.54117650
0.53725493
0.54117650
0.53725493
0.53725493
0.53725493
0.53725493
0.53333336
0.52941179
0.52549022
0.54901963
0.54901963
0.54901963
0.55294120
0.55294120
0.55686277
0.55686277
0.56078434
0.58039218
0.58039218
0.60000002
0.61176473
0.57647061
0.58039218
0.58431375
0.57647061
0.57254905
0.57647061
0.58823532
0.58431375
0.57647061
0.56470591
0.57647061
0.57647061
0.54901963
0.54117650
0.54117650
0.54117650
0.54117650
0.53725493
0.53333336
0.52941179
0.54117650
0.54509807
0.55294120
0.55294120
0.54509807
0.54901963
0.55294120
0.55686277
0.59215689
0.58823532
0.61176473
0.61960787
0.57254905
0.60000002
0.59607846
0.58039218
0.60392159
0.60000002
0.61960787
0.60784316
0.60392159
0.58431375
0.60784316
0.60000002
0.54509807
0.54117650
0.54117650
0.53333336
0.53333336
0.53333336
0.52549022
0.52549022
0.69411767
0.69019610
0.69411767
0.69803923
0.70196080
0.70196080
0.70196080
0.70196080
0.70196080
0.70196080
0.70196080
0.70196080
0.70196080
0.70196080
0.70196080
0.70588237
0.70588237
0.70588237
0.70588237
0.70588237
0.70196080
0.70196080
0.69803923
0.69411767
0.69019610
0.68235296
0.68235296
0.67843139
0.67843139
0.67450982
0.67058825
0.67058825
0.70980394
0.70196080
0.70588237
0.70980394
0.70980394
0.70980394
0.70980394
0.70980394
0.70980394
0.70980394
0.70980394
0.70980394
0.70980394
0.70980394
0.71372551
0.71764708
0.71764708
0.71764708
0.71764708
0.71764708
0.71372551
0.70980394
0.70980394
0.70588237
0.70196080
0.69411767
0.69411767
0.69019610
0.69019610
0.68627453
0.68235296
0.68235296
0.71764708
0.70980394
0.71372551
0.71372551
0.71372551
0.71372551
0.71372551
0.71372551
0.71372551
0.71372551
0.71372551
0.71372551
0.71372551
0.71764708
0.71764708
0.71764708
0.71764708
0.71764708
0.71764708
0.71764708
0.71764708
0.71372551
0.71372551
0.71372551
0.70588237
0.69411767
0.69411767
0.69019610
0.69019610
0.69019610
0.68235296
0.68235296
0.72156864
0.71372551
0.71764708
0.71372551
0.71372551
0.71764708
0.72156864
0.72156864
0.72156864
0.72156864
0.72156864
0.72156864
0.72156864
0.72156864
0.72156864
0.72156864
0.71764708
0.71764708
0.71764708
0.71764708
0.72156864
0.72156864
0.71764708
0.71764708
0.70588237
0.69803923
0.69803923
0.69411767
0.69019610
0.69019610
0.68627453
0.68235296
0.72549021
0.70980394
0.71372551
0.72156864
0.71764708
0.72156864
0.72549021
0.72549021
0.72156864
0.72549021
0.72549021
0.72549021
0.72549021
0.72549021
0.72549021
0.72549021
0.72549021
0.72549021
0.72549021
0.72549021
0.72549021
0.72549021
0.72156864
0.71764708
0.71372551
0.70196080
0.70196080
0.69803923
0.69411767
0.69411767
0.69019610
0.68627453
0.74117649
0.71764708
0.71372551
0.73333335
0.72941178
0.72156864
0.74901962
0.74901962
0.72156864
0.72549021
0.74117649
0.74901962
0.73333335
0.72549021
0.72941178
0.73725492
0.72941178
0.72549021
0.72941178
0.72941178
0.72941178
0.72941178
0.72549021
0.72156864
0.72156864
0.71372551
0.70980394
0.70980394
0.70588237
0.70588237
0.70196080
0.69803923
0.74509805
0.79215688
0.89411765
0.73333335
0.72156864
0.72156864
0.74117649
0.74509805
0.72549021
0.72941178
0.74509805
0.75686276
0.74509805
0.73333335
0.73725492
0.74509805
0.73725492
0.72941178
0.73333335
0.73333335
0.73333335
0.73333335
0.73333335
0.72941178
0.72941178
0.72549021
0.72156864
0.71764708
0.71764708
0.71764708
0.70980394
0.70980394
0.74901962
0.61176473
0.70980394
0.83529413
0.69803923
0.72549021
0.71764708
0.71372551
0.73725492
0.73333335
0.72549021
0.72549021
0.74901962
0.74901962
0.74509805
0.73725492
0.73725492
0.73725492
0.73725492
0.73725492
0.73725492
0.73725492
0.73725492
0.73333335
0.73333335
0.72941178
0.72549021
0.72156864
0.72156864
0.72156864
0.71764708
0.71372551
0.78039217
0.64705884
0.43137255
0.71764708
0.75686276
0.72941178
0.76470590
0.74901962
0.74901962
0.74117649
0.71764708
0.71372551
0.72941178
0.75294119
0.74901962
0.73725492
0.74117649
0.74901962
0.74509805
0.74117649
0.74117649
0.74117649
0.74117649
0.73725492
0.73725492
0.73333335
0.72941178
0.72941178
0.72941178
0.72549021
0.72156864
0.71764708
0.76078433
0.72156864
0.57254905
0.59215689
0.73725492
0.74117649
0.76470590
0.76862746
0.74117649
0.74117649
0.71764708
0.79215688
0.71372551
0.72549021
0.74509805
0.73725492
0.74901962
0.75294119
0.74901962
0.74901962
0.74901962
0.74509805
0.74509805
0.74509805
0.74117649
0.73725492
0.73333335
0.73333335
0.73333335
0.72941178
0.72549021
0.72549021
0.70980394
0.70980394
0.67450982
0.74117649
0.73333335
0.79607844
0.69019610
0.69803923
0.71764708
0.74117649
0.70980394
0.76470590
0.72549021
0.69803923
0.74117649
0.73725492
0.74901962
0.75686276
0.75294119
0.74901962
0.75294119
0.75294119
0.74901962
0.74901962
0.74901962
0.74509805
0.74117649
0.74117649
0.73725492
0.73725492
0.72941178
0.72941178
0.78823531
0.85882354
0.80784315
0.84313726
0.83921570
0.88627452
0.85490197
0.81960785
0.72156864
0.74117649
0.73725492
0.66274512
0.52156866
0.53725493
0.70980394
0.75294119
0.76862746
0.77254903
0.76862746
0.76862746
0.75294119
0.74901962
0.74901962
0.74509805
0.74509805
0.73725492
0.73333335
0.72941178
0.72941178
0.72941178
0.73725492
0.73333335
0.75686276
0.64313728
0.54901963
0.56470591
0.81568629
0.91764706
0.91764706
0.85490197
0.69019610
0.71764708
0.74117649
0.69411767
0.43137255
0.24705882
0.46274510
0.72156864
0.76862746
0.74901962
0.75294119
0.74901962
0.73725492
0.73725492
0.74509805
0.74901962
0.74901962
0.74117649
0.73333335
0.73725492
0.72941178
0.72549021
0.75686276
0.74901962
0.75686276
0.61960787
0.50980395
0.18823530
0.38431373
0.87058824
0.94117647
0.80000001
0.72549021
0.78431374
0.79215688
0.78039217
0.62352943
0.18039216
0.15294118
0.41568628
0.70588237
0.77647060
0.74509805
0.74117649
0.74901962
0.76078433
0.76078433
0.76078433
0.76470590
0.76078433
0.74901962
0.74509805
0.72941178
0.69803923
0.72156864
0.75294119
0.80392158
0.76078433
0.75686276
0.27058825
0.06274510
0.49019608
0.81176472
0.80392158
0.83529413
0.86274511
0.87843138
0.89019608
0.81568629
0.26666668
0.08235294
0.10588235
0.42352942
0.82745099
0.91372550
0.89019608
0.88627452
0.87843138
0.87843138
0.86274511
0.83529413
0.83137256
0.83529413
0.81176472
0.80000001
0.76862746
0.72941178
0.72549021
0.78039217
0.72549021
0.55686277
0.23529412
0.11764706
0.36078432
0.58039218
0.61568630
0.65098041
0.67843139
0.73333335
0.73725492
0.80784315
0.57647061
0.27450982
0.09019608
0.07843138
0.29019609
0.65882355
0.81568629
0.81960785
0.81960785
0.84313726
0.83529413
0.78431374
0.77647060
0.79607844
0.85098040
0.83921570
0.78823531
0.74901962
0.62352943
0.76862746
0.73725492
0.66274512
0.53333336
0.40784314
0.43137255
0.43921569
0.41568628
0.42745098
0.45098040
0.47450981
0.63137257
0.81568629
0.85098040
0.47058824
0.08627451
0.03529412
0.07450981
0.42745098
0.79607844
0.93333334
0.75294119
0.66274512
0.70588237
0.67843139
0.66274512
0.67450982
0.71372551
0.69411767
0.63529414
0.64705884
0.59607846
0.78039217
0.76470590
0.79215688
0.78823531
0.72941178
0.60392159
0.47058824
0.31764707
0.21568628
0.16470589
0.18431373
0.34117648
0.41568628
0.48627451
0.21176471
0.03529412
0.05490196
0.07450981
0.18431373
0.50588238
0.77647060
0.42352942
0.23921569
0.27450982
0.29411766
0.29411766
0.29019609
0.29411766
0.30980393
0.32549021
0.35686275
0.51372552
0.78039217
0.76470590
0.77254903
0.77647060
0.78039217
0.78039217
0.75294119
0.73333335
0.64705884
0.41568628
0.39607844
0.37647060
0.23921569
0.16078432
0.10980392
0.10196079
0.12941177
0.06666667
0.11372549
0.28627452
0.47058824
0.39607844
0.34509805
0.33725491
0.32549021
0.30588236
0.27450982
0.29411766
0.36078432
0.38431373
0.49411765
0.64313728
0.78039217
0.76470590
0.75686276
0.76470590
0.77254903
0.76862746
0.77254903
0.77254903
0.73333335
0.63921571
0.62352943
0.61960787
0.52549022
0.48235294
0.38039216
0.28627452
0.33725491
0.16078432
0.18431373
0.39607844
0.69411767
0.71372551
0.70980394
0.70588237
0.69411767
0.67058825
0.64705884
0.63529414
0.67058825
0.69019610
0.73333335
0.75686276
0.78431374
0.76862746
0.76078433
0.76862746
0.77647060
0.77647060
0.77647060
0.78039217
0.78431374
0.78431374
0.76470590
0.76078433
0.76862746
0.75294119
0.50588238
0.37647060
0.61568630
0.52941179
0.44705883
0.56862748
0.77254903
0.79215688
0.78431374
0.78039217
0.78039217
0.77254903
0.76078433
0.71372551
0.70588237
0.75686276
0.75294119
0.75686276
0.78431374
0.76862746
0.76078433
0.77254903
0.78039217
0.78039217
0.78039217
0.79215688
0.80000001
0.79215688
0.78823531
0.79215688
0.80392158
0.77647060
0.63529414
0.59607846
0.75686276
0.77254903
0.74117649
0.74901962
0.77647060
0.78823531
0.78431374
0.78431374
0.78431374
0.78431374
0.77647060
0.76078433
0.76078433
0.78431374
0.77647060
0.76470590
0.78823531
0.77254903
0.76470590
0.77254903
0.78431374
0.78431374
0.78823531
0.78039217
0.77647060
0.78039217
0.77647060
0.78431374
0.79607844
0.78039217
0.75686276
0.74509805
0.78039217
0.78823531
0.78039217
0.77647060
0.77254903
0.76862746
0.76862746
0.76862746
0.76862746
0.76470590
0.76078433
0.75686276
0.76078433
0.77647060
0.77254903
0.76470590
0.79215688
0.77647060
0.77254903
0.77647060
0.78431374
0.78823531
0.79215688
0.78431374
0.77254903
0.78039217
0.78823531
0.79215688
0.79607844
0.78823531
0.78039217
0.77647060
0.78039217
0.78823531
0.78823531
0.78823531
0.78431374
0.78823531
0.78431374
0.78039217
0.77647060
0.77254903
0.77254903
0.76862746
0.76862746
0.76078433
0.76078433
0.76470590
0.79607844
0.77647060
0.77254903
0.77254903
0.78431374
0.78823531
0.78823531
0.78823531
0.79215688
0.79607844
0.80000001
0.80000001
0.80000001
0.80000001
0.80000001
0.80000001
0.78039217
0.78039217
0.78823531
0.78823531
0.78823531
0.78823531
0.78431374
0.78431374
0.78039217
0.77647060
0.78039217
0.77647060
0.76862746
0.75686276
0.75294119
0.76078433
0.79607844
0.77647060
0.76862746
0.77254903
0.78039217
0.78431374
0.78431374
0.78823531
0.79607844
0.79607844
0.79607844
0.79607844
0.79607844
0.79607844
0.79607844
0.79607844
0.78823531
0.78431374
0.78431374
0.78431374
0.78039217
0.78039217
0.77647060
0.77647060
0.77647060
0.77647060
0.77254903
0.76862746
0.76078433
0.76470590
0.75686276
0.75686276
0.80000001
0.78039217
0.77254903
0.77647060
0.78431374
0.78823531
0.78823531
0.79215688
0.79607844
0.79607844
0.79607844
0.79607844
0.79607844
0.79607844
0.79607844
0.79607844
0.79215688
0.78823531
0.78823531
0.78823531
0.78431374
0.78431374
0.78039217
0.78039217
0.78039217
0.78039217
0.77647060
0.77254903
0.76470590
0.76470590
0.76078433
0.76078433
0.80000001
0.78431374
0.77647060
0.78039217
0.78823531
0.79215688
0.79215688
0.79215688
0.79215688
0.79215688
0.78823531
0.78823531
0.79215688
0.79215688
0.79215688
0.79215688
0.79215688
0.79215688
0.79215688
0.79215688
0.79215688
0.78823531
0.78431374
0.78039217
0.78039217
0.78039217
0.77647060
0.77647060
0.77254903
0.77254903
0.76862746
0.76470590
0.80392158
0.78823531
0.78039217
0.78431374
0.78823531
0.79215688
0.79607844
0.79215688
0.78823531
0.78823531
0.78431374
0.78823531
0.78823531
0.79215688
0.78823531
0.78823531
0.79215688
0.79607844
0.80000001
0.80000001
0.79607844
0.79215688
0.79215688
0.78823531
0.78431374
0.78039217
0.78039217
0.78039217
0.78039217
0.77647060
0.77254903
0.76862746
0.81176472
0.79215688
0.78431374
0.78823531
0.79607844
0.79607844
0.80000001
0.79215688
0.78039217
0.78431374
0.78431374
0.78431374
0.79215688
0.79215688
0.78823531
0.78823531
0.79607844
0.79607844
0.79607844
0.80392158
0.79607844
0.80000001
0.79215688
0.78823531
0.78823531
0.78431374
0.78431374
0.78431374
0.78431374
0.78431374
0.77647060
0.77254903
0.80784315
0.79607844
0.79215688
0.79215688
0.79607844
0.79607844
0.80000001
0.79215688
0.78823531
0.77647060
0.78431374
0.80000001
0.76862746
0.77254903
0.78039217
0.76862746
0.77254903
0.77254903
0.78431374
0.78039217
0.77647060
0.76862746
0.78431374
0.78431374
0.76862746
0.78431374
0.78823531
0.78431374
0.78431374
0.78431374
0.77647060
0.77254903
0.78823531
0.78823531
0.79607844
0.78823531
0.78431374
0.78823531
0.79215688
0.78039217
0.77647060
0.72941178
0.72941178
0.74509805
0.71372551
0.74117649
0.74117649
0.72156864
0.73725492
0.72941178
0.74901962
0.73725492
0.74117649
0.73725492
0.76470590
0.74901962
0.72941178
0.77647060
0.77647060
0.77254903
0.77254903
0.77254903
0.76470590
0.76470590
-1 1 0 0 0 0 0 0 0 0 0
-1 0 1 0 0 0 0 0 0 0 0
-1 0 0 1 0 0 0 0 0 0 0
-1 0 0 0 1 0 0 0 0 0 0
-1 0 0 0 0 1 0 0 0 0 0
-1 0 0 0 0 0 1 0 0 0 0
-1 0 0 0 0 0 0 1 0 0 0
-1 0 0 0 0 0 0 0 1 0 0
-1 0 0 0 0 0 0 0 0 1 0
