0.14901961
0.19607843
0.14509805
0.06666667
0.24705882
0.40784314
0.35294119
0.37647060
0.43921569
0.43921569
0.44705883
0.41176471
0.32549021
0.41176471
0.43921569
0.45098040
0.48235294
0.47450981
0.46666667
0.47843137
0.48627451
0.47843137
0.46666667
0.45490196
0.45098040
0.45098040
0.44705883
0.44705883
0.43529412
0.41960785
0.40392157
0.63921571
0.12941177
0.14117648
0.12549020
0.09411765
0.31372550
0.42352942
0.29411766
0.31764707
0.40392157
0.39215687
0.40784314
0.33333334
0.35294119
0.44313726
0.38431373
0.43529412
0.48627451
0.47843137
0.47450981
0.48235294
0.48627451
0.48235294
0.47843137
0.46666667
0.46274510
0.45882353
0.45098040
0.45098040
0.44313726
0.43137255
0.41960785
0.67058825
0.08235294
0.10588235
0.12549020
0.20392157
0.41568628
0.44313726
0.28235295
0.31764707
0.36470589
0.27058825
0.26666668
0.30196080
0.42745098
0.41176471
0.37254903
0.44705883
0.47450981
0.47450981
0.48235294
0.49019608
0.48627451
0.47843137
0.47843137
0.47450981
0.47058824
0.46666667
0.45490196
0.45098040
0.44313726
0.43529412
0.42745098
0.66666669
0.07058824
0.10196079
0.16470589
0.31372550
0.40000001
0.38039216
0.27450982
0.34117648
0.35294119
0.15686275
0.18823530
0.38823530
0.45098040
0.36470589
0.38431373
0.35294119
0.41960785
0.48235294
0.49411765
0.49803922
0.48627451
0.48235294
0.48235294
0.48235294
0.47843137
0.47058824
0.46274510
0.45098040
0.44313726
0.44313726
0.43137255
0.64705884
0.17647059
0.20000000
0.24705882
0.28235295
0.24313726
0.16078432
0.18823530
0.35294119
0.32156864
0.12549020
0.20784314
0.36470589
0.38823530
0.38039216
0.34509805
0.25490198
0.38431373
0.48627451
0.50196081
0.50588238
0.49411765
0.49019608
0.49019608
0.49019608
0.48627451
0.47843137
0.47450981
0.45882353
0.45098040
0.45098040
0.43921569
0.59215689
0.19607843
0.25882354
0.32941177
0.25490198
0.15294118
0.05882353
0.12549020
0.31372550
0.23921569
0.11764706
0.22352941
0.27843139
0.31372550
0.37254903
0.30588236
0.36078432
0.42745098
0.47450981
0.51764709
0.51372552
0.50588238
0.50196081
0.49019608
0.49019608
0.48627451
0.47450981
0.46666667
0.46666667
0.46274510
0.44705883
0.44705883
0.54901963
0.19215687
0.26274511
0.32549021
0.23529412
0.12549020
0.08627451
0.13333334
0.18431373
0.15294118
0.14901961
0.17647059
0.20000000
0.21568628
0.22352941
0.27843139
0.40392157
0.44313726
0.40392157
0.49019608
0.52156866
0.51764709
0.50980395
0.48235294
0.49411765
0.52549022
0.51764709
0.48235294
0.46666667
0.46666667
0.45098040
0.45098040
0.52156866
0.21568628
0.25882354
0.29411766
0.20000000
0.09411765
0.08235294
0.12156863
0.10980392
0.11372549
0.23529412
0.18431373
0.12156863
0.14509805
0.13725491
0.15294118
0.27843139
0.49803922
0.35686275
0.36862746
0.50980395
0.52156866
0.49803922
0.54901963
0.66666669
0.74509805
0.75686276
0.67843139
0.59607846
0.48235294
0.45098040
0.45098040
0.48627451
0.21176471
0.24705882
0.28235295
0.17647059
0.08235294
0.09019608
0.09411765
0.08627451
0.09803922
0.19215687
0.19607843
0.18431373
0.20000000
0.11764706
0.07843138
0.21960784
0.47843137
0.39215687
0.26666668
0.43137255
0.52156866
0.52941179
0.70588237
0.78823531
0.81176472
0.80392158
0.79215688
0.73333335
0.60784316
0.49803922
0.45490196
0.45490196
0.20000000
0.17647059
0.18431373
0.13333334
0.09019608
0.11764706
0.10196079
0.07058824
0.09019608
0.14509805
0.19607843
0.32941177
0.22352941
0.08235294
0.06274510
0.14117648
0.24313726
0.26666668
0.22745098
0.45882353
0.54509807
0.64705884
0.75686276
0.72941178
0.73725492
0.72549021
0.73333335
0.69411767
0.65098041
0.61568630
0.52156866
0.43529412
0.13333334
0.09803922
0.09019608
0.08235294
0.07450981
0.11764706
0.11372549
0.08235294
0.08627451
0.13333334
0.26274511
0.58431375
0.27058825
0.03921569
0.05098039
0.09019608
0.08627451
0.09411765
0.24313726
0.58431375
0.65490198
0.74117649
0.72941178
0.70980394
0.70196080
0.70588237
0.71764708
0.63529414
0.54901963
0.58823532
0.61176473
0.50980395
0.12941177
0.11372549
0.08627451
0.05098039
0.07450981
0.12941177
0.11372549
0.09411765
0.10196079
0.12941177
0.34901962
0.84313726
0.37647060
0.11372549
0.09411765
0.06666667
0.05882353
0.12549020
0.36470589
0.65098041
0.68235296
0.69803923
0.65882355
0.68627453
0.69803923
0.74509805
0.74901962
0.59607846
0.38823530
0.37254903
0.52941179
0.61960787
0.28235295
0.16862746
0.05882353
0.02745098
0.14117648
0.23529412
0.10196079
0.10196079
0.12549020
0.12549020
0.32549021
0.85882354
0.48235294
0.34901962
0.19215687
0.05098039
0.05882353
0.23529412
0.54117650
0.65490198
0.63137257
0.63921571
0.62352943
0.65098041
0.67058825
0.71372551
0.71764708
0.56862748
0.29411766
0.13725491
0.27843139
0.49411765
0.32549021
0.23529412
0.10980392
0.04313726
0.20784314
0.29411766
0.07450981
0.10196079
0.13333334
0.11764706
0.30980393
0.77254903
0.59607846
0.55686277
0.27450982
0.09019608
0.19215687
0.46274510
0.63921571
0.66666669
0.65098041
0.67058825
0.64313728
0.60784316
0.63137257
0.65098041
0.67450982
0.51764709
0.27843139
0.06666667
0.08627451
0.27450982
0.30196080
0.32549021
0.22745098
0.13333334
0.29411766
0.29803923
0.08235294
0.09019608
0.10980392
0.12941177
0.45490196
0.72549021
0.68627453
0.72156864
0.40784314
0.27058825
0.49019608
0.65882355
0.67058825
0.65098041
0.64705884
0.67843139
0.62745100
0.59215689
0.60784316
0.59607846
0.62745100
0.49411765
0.21568628
0.04313726
0.05098039
0.12941177
0.30588236
0.38431373
0.32156864
0.27843139
0.38039216
0.31764707
0.13725491
0.07843138
0.10588235
0.14901961
0.52549022
0.63137257
0.63529414
0.65098041
0.44313726
0.47843137
0.67843139
0.69411767
0.69019610
0.66666669
0.65882355
0.63529414
0.57254905
0.59607846
0.60784316
0.53725493
0.52549022
0.45098040
0.14509805
0.03137255
0.04313726
0.07843138
0.32549021
0.37647060
0.35686275
0.37647060
0.37647060
0.23529412
0.15294118
0.08235294
0.14117648
0.18823530
0.45098040
0.57254905
0.57254905
0.57647061
0.41568628
0.52549022
0.70196080
0.70980394
0.70980394
0.67843139
0.63921571
0.58823532
0.54901963
0.57254905
0.54901963
0.43921569
0.35686275
0.32941177
0.11764706
0.01960784
0.01568628
0.03137255
0.36862746
0.37254903
0.34117648
0.39607844
0.29411766
0.08235294
0.12941177
0.10588235
0.13333334
0.18431373
0.33333334
0.51764709
0.50588238
0.45098040
0.43137255
0.56470591
0.70196080
0.71372551
0.71764708
0.67058825
0.60000002
0.55686277
0.57254905
0.56078434
0.49803922
0.35686275
0.19215687
0.16862746
0.06274510
0.01176471
0.01568628
0.01176471
0.35294119
0.34509805
0.31372550
0.35686275
0.25490198
0.11764706
0.17254902
0.16470589
0.12941177
0.16078432
0.22745098
0.34509805
0.42745098
0.41568628
0.43921569
0.58823532
0.69019610
0.69019610
0.70588237
0.67058825
0.60000002
0.57647061
0.58039218
0.54117650
0.43529412
0.23529412
0.09803922
0.08627451
0.02352941
0.00392157
0.01176471
0.01176471
0.28627452
0.30980393
0.30588236
0.38039216
0.33333334
0.28627452
0.27843139
0.25882354
0.15294118
0.12941177
0.22745098
0.24705882
0.31372550
0.34901962
0.42352942
0.62352943
0.68235296
0.68235296
0.69803923
0.66666669
0.62745100
0.58039218
0.54509807
0.51372552
0.35686275
0.10980392
0.06274510
0.04705882
0.01568628
0.00392157
0.00392157
0.00784314
0.24705882
0.27058825
0.30980393
0.41960785
0.39607844
0.39215687
0.32941177
0.27450982
0.14117648
0.08627451
0.20392157
0.27058825
0.30588236
0.31372550
0.49803922
0.67058825
0.67843139
0.69019610
0.66274512
0.63921571
0.61568630
0.56078434
0.54117650
0.49803922
0.27843139
0.05098039
0.03137255
0.01960784
0.01176471
0.00784314
0.00392157
0.00784314
0.22745098
0.23137255
0.28627452
0.39215687
0.38431373
0.41176471
0.31764707
0.24705882
0.12549020
0.05098039
0.14901961
0.25490198
0.29019609
0.33725491
0.54901963
0.64313728
0.66666669
0.67450982
0.63529414
0.63137257
0.60392159
0.56470591
0.54117650
0.41568628
0.14901961
0.03137255
0.01960784
0.00784314
0.00784314
0.00784314
0.01176471
0.01960784
0.21960784
0.21176471
0.27843139
0.39215687
0.39607844
0.40784314
0.27843139
0.19215687
0.09803922
0.06666667
0.19215687
0.28627452
0.28627452
0.42352942
0.55686277
0.60392159
0.65098041
0.65882355
0.62352943
0.63529414
0.60784316
0.56470591
0.53333336
0.31372550
0.07058824
0.02745098
0.00784314
0.00392157
0.00784314
0.01176471
0.02352941
0.01568628
0.20000000
0.19215687
0.26666668
0.40000001
0.40392157
0.40392157
0.25490198
0.15294118
0.07058824
0.16862746
0.38039216
0.38039216
0.29019609
0.43921569
0.54117650
0.60000002
0.62745100
0.62745100
0.60000002
0.61960787
0.60392159
0.56078434
0.51372552
0.29411766
0.05882353
0.01568628
0.00784314
0.01568628
0.01568628
0.01960784
0.03529412
0.03137255
0.12156863
0.12941177
0.22352941
0.38823530
0.40000001
0.41568628
0.26666668
0.13725491
0.05490196
0.22745098
0.47843137
0.43921569
0.32941177
0.34901962
0.47450981
0.59215689
0.58039218
0.56470591
0.60392159
0.59607846
0.58431375
0.54901963
0.49019608
0.25490198
0.03921569
0.01568628
0.01568628
0.02745098
0.03137255
0.06274510
0.14901961
0.19607843
0.11372549
0.09803922
0.14509805
0.27058825
0.32941177
0.35294119
0.20000000
0.09411765
0.05098039
0.21568628
0.45490196
0.44313726
0.40392157
0.36078432
0.38823530
0.50588238
0.54509807
0.56078434
0.61176473
0.54117650
0.55686277
0.55294120
0.43921569
0.14901961
0.02352941
0.02352941
0.00784314
0.05490196
0.14901961
0.23529412
0.36862746
0.40392157
0.13333334
0.10196079
0.09019608
0.12549020
0.15686275
0.16470589
0.09019608
0.07058824
0.04313726
0.21176471
0.41176471
0.41568628
0.43529412
0.38431373
0.40784314
0.47843137
0.56470591
0.60784316
0.58431375
0.43529412
0.50196081
0.55294120
0.43529412
0.13333334
0.02352941
0.03137255
0.02745098
0.16078432
0.34117648
0.37647060
0.47058824
0.49019608
0.22352941
0.19215687
0.16862746
0.15686275
0.13333334
0.10196079
0.08627451
0.07843138
0.05490196
0.21960784
0.41960785
0.42745098
0.42352942
0.45098040
0.49019608
0.49411765
0.56078434
0.60784316
0.51764709
0.38039216
0.47058824
0.53725493
0.47058824
0.18823530
0.03137255
0.02745098
0.05098039
0.28627452
0.44313726
0.38431373
0.47843137
0.51764709
0.24705882
0.26666668
0.27450982
0.26666668
0.25882354
0.23921569
0.23529412
0.16470589
0.07058824
0.18823530
0.40784314
0.42745098
0.46274510
0.50196081
0.50588238
0.50980395
0.51372552
0.53725493
0.50588238
0.48235294
0.48235294
0.49411765
0.49803922
0.29019609
0.09803922
0.03529412
0.07843138
0.36078432
0.45490196
0.36862746
0.43921569
0.50196081
0.18039216
0.21960784
0.23137255
0.22745098
0.25490198
0.19215687
0.20392157
0.14901961
0.04313726
0.15686275
0.38823530
0.43529412
0.49019608
0.50588238
0.51372552
0.51372552
0.51764709
0.52549022
0.52549022
0.52549022
0.50196081
0.49019608
0.49411765
0.38431373
0.25490198
0.12941177
0.17254902
0.38823530
0.44313726
0.35686275
0.41568628
0.47450981
0.21176471
0.25882354
0.21568628
0.20392157
0.21568628
0.10980392
0.06666667
0.05490196
0.03137255
0.18823530
0.41568628
0.46666667
0.48235294
0.49803922
0.51372552
0.50588238
0.51372552
0.50980395
0.51372552
0.51764709
0.50588238
0.50196081
0.49019608
0.44313726
0.38039216
0.29411766
0.30588236
0.39607844
0.41960785
0.37647060
0.43529412
0.45490196
0.36078432
0.38039216
0.29411766
0.18431373
0.18039216
0.12156863
0.03921569
0.03529412
0.03529412
0.21176471
0.43137255
0.49803922
0.49411765
0.50196081
0.50980395
0.50588238
0.50588238
0.50196081
0.49803922
0.50588238
0.49019608
0.48627451
0.49019608
0.45882353
0.44705883
0.41960785
0.38823530
0.40784314
0.41960785
0.41176471
0.42745098
0.43529412
0.09411765
0.12156863
0.08235294
0.05490196
0.14901961
0.26274511
0.21960784
0.22745098
0.27450982
0.27450982
0.29019609
0.27058825
0.20000000
0.25490198
0.25882354
0.27058825
0.29019609
0.29411766
0.29803923
0.29411766
0.28627452
0.28627452
0.28627452
0.28627452
0.27843139
0.26666668
0.26274511
0.26274511
0.25882354
0.25490198
0.22745098
0.43529412
0.08627451
0.08235294
0.07450981
0.07843138
0.19607843
0.26666668
0.20000000
0.20000000
0.23921569
0.25098041
0.28235295
0.21176471
0.21568628
0.26666668
0.19607843
0.24705882
0.30196080
0.30196080
0.30196080
0.29803923
0.29803923
0.29411766
0.29411766
0.29019609
0.28627452
0.27450982
0.26666668
0.26666668
0.26274511
0.25882354
0.23921569
0.47058824
0.07843138
0.08235294
0.08235294
0.14509805
0.24313726
0.25882354
0.18823530
0.20392157
0.21176471
0.17254902
0.18039216
0.18431373
0.27450982
0.23137255
0.18823530
0.27450982
0.31372550
0.30980393
0.30588236
0.30588236
0.30196080
0.29803923
0.29411766
0.29411766
0.29019609
0.28235295
0.27058825
0.26666668
0.26274511
0.25882354
0.24313726
0.47058824
0.08235294
0.06666667
0.07450981
0.18823530
0.20784314
0.21960784
0.17647059
0.21176471
0.21960784
0.09803922
0.12549020
0.26274511
0.27843139
0.18431373
0.22745098
0.22745098
0.29019609
0.32549021
0.31372550
0.31372550
0.30980393
0.30588236
0.29803923
0.29411766
0.29019609
0.28627452
0.27843139
0.26666668
0.25882354
0.25882354
0.24705882
0.45490196
0.14117648
0.09019608
0.04313726
0.09803922
0.09803922
0.09411765
0.13333334
0.22745098
0.21960784
0.09803922
0.15686275
0.22745098
0.19607843
0.20392157
0.21960784
0.18039216
0.27843139
0.32941177
0.31372550
0.32156864
0.32156864
0.31764707
0.30588236
0.29411766
0.29411766
0.29411766
0.29019609
0.27450982
0.26666668
0.25882354
0.25490198
0.40392157
0.10588235
0.08235294
0.05490196
0.06666667
0.07450981
0.04705882
0.10196079
0.21960784
0.16078432
0.08627451
0.16078432
0.13725491
0.14509805
0.23921569
0.22352941
0.31764707
0.34901962
0.32156864
0.31764707
0.32549021
0.32941177
0.32156864
0.31372550
0.30196080
0.29803923
0.29803923
0.29411766
0.28627452
0.27450982
0.26666668
0.26666668
0.36470589
0.05882353
0.05098039
0.03529412
0.07058824
0.08627451
0.07058824
0.11372549
0.13725491
0.10980392
0.11764706
0.11764706
0.09411765
0.10980392
0.15294118
0.23921569
0.36862746
0.37647060
0.26666668
0.29411766
0.32941177
0.32156864
0.32156864
0.32156864
0.34117648
0.36862746
0.37254903
0.34509805
0.30588236
0.28627452
0.27843139
0.27058825
0.34117648
0.03137255
0.02745098
0.01176471
0.05490196
0.06274510
0.06666667
0.10196079
0.09411765
0.12156863
0.24313726
0.16862746
0.07450981
0.09019608
0.10196079
0.12941177
0.23921569
0.41960785
0.25882354
0.23529412
0.33333334
0.31764707
0.32156864
0.42352942
0.57254905
0.65882355
0.67058825
0.59215689
0.48627451
0.33333334
0.27450982
0.27450982
0.30588236
0.03529412
0.05490196
0.07450981
0.07058824
0.05490196
0.07058824
0.07843138
0.08235294
0.10980392
0.20000000
0.19215687
0.16862746
0.18823530
0.11372549
0.06666667
0.17647059
0.40000001
0.34117648
0.21176471
0.29411766
0.33333334
0.38823530
0.63529414
0.76078433
0.78823531
0.77647060
0.76078433
0.67058825
0.50588238
0.34509805
0.29019609
0.28235295
0.07058824
0.06274510
0.07843138
0.08235294
0.06666667
0.09803922
0.09411765
0.06666667
0.07843138
0.12156863
0.16862746
0.31372550
0.23529412
0.09803922
0.06666667
0.10980392
0.18039216
0.25098041
0.21960784
0.36862746
0.40784314
0.55294120
0.72549021
0.73333335
0.73725492
0.72156864
0.73333335
0.67450982
0.59215689
0.50980395
0.38823530
0.27843139
0.03921569
0.02352941
0.03529412
0.05882353
0.05490196
0.09803922
0.10980392
0.08627451
0.07058824
0.10196079
0.23921569
0.58431375
0.28627452
0.05882353
0.05882353
0.07058824
0.05882353
0.09411765
0.24705882
0.54901963
0.59215689
0.70588237
0.72156864
0.70588237
0.67843139
0.68627453
0.71764708
0.63529414
0.52549022
0.53725493
0.51764709
0.36862746
0.01176471
0.03137255
0.03529412
0.03137255
0.05098039
0.09019608
0.11372549
0.10980392
0.10980392
0.11764706
0.35686275
0.86274511
0.38431373
0.12156863
0.09803922
0.05882353
0.06274510
0.13333334
0.36470589
0.64313728
0.67058825
0.69411767
0.65490198
0.66274512
0.65098041
0.70980394
0.74117649
0.59215689
0.38039216
0.36470589
0.47843137
0.50196081
0.02745098
0.03529412
0.03529412
0.03529412
0.05882353
0.07843138
0.09019608
0.09019608
0.12941177
0.12156863
0.32941177
0.87058824
0.48235294
0.33725491
0.18823530
0.05490196
0.07450981
0.24313726
0.53333336
0.63921571
0.61568630
0.62352943
0.60000002
0.62352943
0.64705884
0.70980394
0.71764708
0.56862748
0.29803923
0.14509805
0.27843139
0.43921569
0.03137255
0.02745098
0.03137255
0.02745098
0.05490196
0.06666667
0.05882353
0.09803922
0.12549020
0.10588235
0.30196080
0.76862746
0.59215689
0.53725493
0.26274511
0.09803922
0.21176471
0.47058824
0.63137257
0.64313728
0.62352943
0.64313728
0.61568630
0.58039218
0.61960787
0.66274512
0.68235296
0.52549022
0.28235295
0.07843138
0.10196079
0.24313726
0.03137255
0.03529412
0.02745098
0.02352941
0.05098039
0.03921569
0.05098039
0.10588235
0.09803922
0.11372549
0.44313726
0.71764708
0.67058825
0.69803923
0.39215687
0.27843139
0.50588238
0.66274512
0.66274512
0.63137257
0.62352943
0.65490198
0.60392159
0.56470591
0.60000002
0.60392159
0.63137257
0.49803922
0.21568628
0.05490196
0.06274510
0.10588235
0.03921569
0.02352941
0.02352941
0.04705882
0.03529412
0.04313726
0.05882353
0.08235294
0.08627451
0.12941177
0.50980395
0.61568630
0.61568630
0.62352943
0.42352942
0.48235294
0.68627453
0.69411767
0.68627453
0.65490198
0.64313728
0.61568630
0.55294120
0.57647061
0.59607846
0.54117650
0.52941179
0.45098040
0.14509805
0.03921569
0.05098039
0.06274510
0.03529412
0.01176471
0.02745098
0.05490196
0.02352941
0.03529412
0.05882353
0.06666667
0.11764706
0.16470589
0.43137255
0.54901963
0.54509807
0.54117650
0.39215687
0.52549022
0.70588237
0.70588237
0.70980394
0.67843139
0.62745100
0.57254905
0.52941179
0.55294120
0.53725493
0.44705883
0.35686275
0.32941177
0.11764706
0.02745098
0.01960784
0.02352941
0.03921569
0.03137255
0.03137255
0.05098039
0.02745098
0.03137255
0.08627451
0.09019608
0.10196079
0.15686275
0.30588236
0.49019608
0.47843137
0.41568628
0.40392157
0.55686277
0.69803923
0.70980394
0.71764708
0.67450982
0.59607846
0.54509807
0.56470591
0.55294120
0.49411765
0.36078432
0.19215687
0.16862746
0.06274510
0.01960784
0.01960784
0.01176471
0.06666667
0.05882353
0.03137255
0.04705882
0.04705882
0.09019608
0.13333334
0.12156863
0.08235294
0.10196079
0.13333334
0.25098041
0.35686275
0.36862746
0.42352942
0.58431375
0.68627453
0.68627453
0.70588237
0.67058825
0.59607846
0.56470591
0.56862748
0.53725493
0.43921569
0.23921569
0.10196079
0.08627451
0.02352941
0.01176471
0.01960784
0.01960784
0.10980392
0.09803922
0.08235294
0.16862746
0.17647059
0.19215687
0.17254902
0.14901961
0.08627451
0.04705882
0.06274510
0.06274510
0.14901961
0.26666668
0.40392157
0.61568630
0.67843139
0.67843139
0.69411767
0.66274512
0.62352943
0.56470591
0.52941179
0.51764709
0.36862746
0.10980392
0.06274510
0.04705882
0.01568628
0.00784314
0.01568628
0.01960784
0.12941177
0.12941177
0.17254902
0.32941177
0.33725491
0.30980393
0.17254902
0.10196079
0.06666667
0.03529412
0.05882353
0.05098039
0.06666667
0.17647059
0.45098040
0.65098041
0.67058825
0.68627453
0.65490198
0.63529414
0.61176473
0.54901963
0.52156866
0.50196081
0.28627452
0.05098039
0.03137255
0.01960784
0.01176471
0.01176471
0.01176471
0.01568628
0.12156863
0.12156863
0.20000000
0.35686275
0.36862746
0.34901962
0.18039216
0.07843138
0.05490196
0.03137255
0.03529412
0.04313726
0.04313726
0.20000000
0.51372552
0.64313728
0.66274512
0.66274512
0.62352943
0.61960787
0.60000002
0.54901963
0.52549022
0.41960785
0.15686275
0.03137255
0.01960784
0.00784314
0.00784314
0.01176471
0.01176471
0.01960784
0.10588235
0.09803922
0.19215687
0.34509805
0.35686275
0.34901962
0.19215687
0.08235294
0.03921569
0.05098039
0.09803922
0.11764706
0.09019608
0.33333334
0.55686277
0.62745100
0.64313728
0.63921571
0.60392159
0.61960787
0.60000002
0.55294120
0.51372552
0.30980393
0.07843138
0.02745098
0.00784314
0.00392157
0.00392157
0.01176471
0.02352941
0.01568628
0.09803922
0.08627451
0.18431373
0.34509805
0.34901962
0.34117648
0.18431373
0.07843138
0.03137255
0.12941177
0.29411766
0.27843139
0.15294118
0.37647060
0.54509807
0.60000002
0.60784316
0.60392159
0.57647061
0.59607846
0.59215689
0.54901963
0.49411765
0.29019609
0.06666667
0.01568628
0.00784314
0.01568628
0.01568628
0.01960784
0.03529412
0.03137255
0.06274510
0.05490196
0.16862746
0.36078432
0.36078432
0.34117648
0.16862746
0.06274510
0.02745098
0.16470589
0.38823530
0.38039216
0.21960784
0.28235295
0.43529412
0.54509807
0.54509807
0.53725493
0.57647061
0.56470591
0.56862748
0.53333336
0.47058824
0.25098041
0.04313726
0.01960784
0.01960784
0.03137255
0.03137255
0.05490196
0.14509805
0.18823530
0.05882353
0.04705882
0.10588235
0.23529412
0.28627452
0.29803923
0.13333334
0.03921569
0.03137255
0.16862746
0.36078432
0.36470589
0.31372550
0.28235295
0.31764707
0.43529412
0.50980395
0.54117650
0.58039218
0.50980395
0.52156866
0.52549022
0.42745098
0.15294118
0.02745098
0.02352941
0.01960784
0.06274510
0.14117648
0.21960784
0.36078432
0.39215687
0.08627451
0.06666667
0.06274510
0.09411765
0.12941177
0.14117648
0.06666667
0.04313726
0.02745098
0.17254902
0.31372550
0.32549021
0.34901962
0.29019609
0.30196080
0.37254903
0.52549022
0.58823532
0.55294120
0.39607844
0.44313726
0.50196081
0.40784314
0.13725491
0.01960784
0.01176471
0.02352941
0.14509805
0.30196080
0.32941177
0.43529412
0.45490196
0.16862746
0.14901961
0.12941177
0.11764706
0.10196079
0.08235294
0.07843138
0.06666667
0.04313726
0.18039216
0.31372550
0.32549021
0.31764707
0.32941177
0.34117648
0.34117648
0.47450981
0.54509807
0.44313726
0.29803923
0.37647060
0.45098040
0.41960785
0.16862746
0.01960784
0.01176471
0.03921569
0.25882354
0.38823530
0.32156864
0.43529412
0.47450981
0.16078432
0.18039216
0.18823530
0.18431373
0.19215687
0.18823530
0.20392157
0.14117648
0.06274510
0.14509805
0.29411766
0.30980393
0.33333334
0.34901962
0.32549021
0.31764707
0.35686275
0.38823530
0.34901962
0.31372550
0.32549021
0.36862746
0.40000001
0.22745098
0.06274510
0.02745098
0.07843138
0.34117648
0.41568628
0.32156864
0.41176471
0.49019608
0.09803922
0.12941177
0.13333334
0.12549020
0.15686275
0.11764706
0.15294118
0.11764706
0.03137255
0.10980392
0.26274511
0.29803923
0.32941177
0.32549021
0.32156864
0.30588236
0.31372550
0.31764707
0.30980393
0.30196080
0.29803923
0.31764707
0.34117648
0.25098041
0.16078432
0.08235294
0.14509805
0.36078432
0.39607844
0.29803923
0.38823530
0.46274510
0.17647059
0.21176471
0.16470589
0.12549020
0.12941177
0.04705882
0.03137255
0.03529412
0.02352941
0.13725491
0.28235295
0.31372550
0.29411766
0.30196080
0.31764707
0.31372550
0.31372550
0.30588236
0.29803923
0.29411766
0.29411766
0.29803923
0.29019609
0.24705882
0.20784314
0.16078432
0.20784314
0.30980393
0.32156864
0.26274511
0.35686275
0.39607844
0.36470589
0.38039216
0.28235295
0.15686275
0.12549020
0.07450981
0.02745098
0.03137255
0.02745098
0.15686275
0.29411766
0.31764707
0.29019609
0.29803923
0.30980393
0.30588236
0.30980393
0.30196080
0.28627452
0.28627452
0.27058825
0.27058825
0.27058825
0.23921569
0.23529412
0.22352941
0.21568628
0.24705882
0.25098041
0.23529412
0.27058825
0.28627452
0.04705882
0.09411765
0.06274510
0.00784314
0.09803922
0.19607843
0.14509805
0.16470589
0.21568628
0.21568628
0.22745098
0.20784314
0.13333334
0.18823530
0.19215687
0.19607843
0.22745098
0.23137255
0.23137255
0.23137255
0.23137255
0.22745098
0.22352941
0.21960784
0.21176471
0.20392157
0.20392157
0.20000000
0.18823530
0.20000000
0.18431373
0.24313726
0.04705882
0.05882353
0.05098039
0.01960784
0.13725491
0.20000000
0.10588235
0.12156863
0.18039216
0.19215687
0.21568628
0.13725491
0.14901961
0.20784314
0.13725491
0.18431373
0.23921569
0.23921569
0.23529412
0.23529412
0.23529412
0.23529412
0.23137255
0.22745098
0.21960784
0.21176471
0.20392157
0.20392157
0.19215687
0.20784314
0.18039216
0.25098041
0.03137255
0.04313726
0.05098039
0.08627451
0.19607843
0.21176471
0.10196079
0.12156863
0.15686275
0.11372549
0.11372549
0.10588235
0.20784314
0.17647059
0.13333334
0.21960784
0.24705882
0.24313726
0.24313726
0.24313726
0.23921569
0.23529412
0.23137255
0.23137255
0.22745098
0.21960784
0.20784314
0.20392157
0.19607843
0.20784314
0.17647059
0.23921569
0.02352941
0.01568628
0.03529412
0.13725491
0.17254902
0.18431373
0.10980392
0.14117648
0.16078432
0.03921569
0.05882353
0.18823530
0.21568628
0.13333334
0.17647059
0.16862746
0.21568628
0.25490198
0.25098041
0.25098041
0.24705882
0.23921569
0.23529412
0.23529412
0.23137255
0.22352941
0.21568628
0.20784314
0.19215687
0.20392157
0.17254902
0.22745098
0.08235294
0.04705882
0.01960784
0.05882353
0.06274510
0.05490196
0.07450981
0.16078432
0.14901961
0.03921569
0.09019608
0.15294118
0.13725491
0.14901961
0.16470589
0.11764706
0.19607843
0.25882354
0.25490198
0.25882354
0.25490198
0.25098041
0.24313726
0.23921569
0.23529412
0.23137255
0.22745098
0.21176471
0.19607843
0.20000000
0.17647059
0.19215687
0.06274510
0.05490196
0.04705882
0.03921569
0.03921569
0.01568628
0.05882353
0.16470589
0.09803922
0.03137255
0.10588235
0.08235294
0.09411765
0.18431373
0.16470589
0.24313726
0.25098041
0.24313726
0.26274511
0.26274511
0.26274511
0.25882354
0.24705882
0.23921569
0.23529412
0.23137255
0.23137255
0.22745098
0.21960784
0.21568628
0.19215687
0.16862746
0.02745098
0.03529412
0.03529412
0.04705882
0.05490196
0.04705882
0.07843138
0.09019608
0.05882353
0.06274510
0.07058824
0.05882353
0.06666667
0.10980392
0.18431373
0.29019609
0.26274511
0.18431373
0.24313726
0.27058825
0.25882354
0.25882354
0.25098041
0.26666668
0.29411766
0.29803923
0.27058825
0.25098041
0.23529412
0.23137255
0.19215687
0.15686275
0.01568628
0.01568628
0.00784314
0.02745098
0.03137255
0.03921569
0.06274510
0.04313726
0.07058824
0.18823530
0.12156863
0.03921569
0.06274510
0.07450981
0.08627451
0.16862746
0.32156864
0.17647059
0.17254902
0.27058825
0.25882354
0.25882354
0.34509805
0.48627451
0.56470591
0.58039218
0.49803922
0.39607844
0.24705882
0.20000000
0.18431373
0.12941177
0.01568628
0.03137255
0.05490196
0.04313726
0.02352941
0.03529412
0.03921569
0.03529412
0.06274510
0.15686275
0.15294118
0.13725491
0.16470589
0.09803922
0.03529412
0.12549020
0.33333334
0.26666668
0.13725491
0.21960784
0.27450982
0.32156864
0.54509807
0.65098041
0.68235296
0.67058825
0.64705884
0.55294120
0.38431373
0.24313726
0.18431373
0.10980392
0.03921569
0.03137255
0.04313726
0.04705882
0.03137255
0.05490196
0.05098039
0.02745098
0.03921569
0.08627451
0.13333334
0.27843139
0.20784314
0.08235294
0.04313726
0.07450981
0.14117648
0.19215687
0.14509805
0.28235295
0.33333334
0.47450981
0.62352943
0.61960787
0.63137257
0.61176473
0.61568630
0.54901963
0.46666667
0.39607844
0.28235295
0.11764706
0.01568628
0.00392157
0.01176471
0.03137255
0.01960784
0.04705882
0.06666667
0.04313726
0.02352941
0.05882353
0.19215687
0.52941179
0.23529412
0.03137255
0.04313726
0.05098039
0.03529412
0.05882353
0.17647059
0.44313726
0.49411765
0.61176473
0.61960787
0.60000002
0.58039218
0.58431375
0.61176473
0.52941179
0.41960785
0.43529412
0.42352942
0.21960784
0.00784314
0.02352941
0.03137255
0.01960784
0.01568628
0.03529412
0.06666667
0.06274510
0.03921569
0.05490196
0.28627452
0.78431374
0.30588236
0.07843138
0.08235294
0.05098039
0.04705882
0.10588235
0.30196080
0.52941179
0.55686277
0.59215689
0.55294120
0.56862748
0.56078434
0.61568630
0.64705884
0.51372552
0.30196080
0.28235295
0.39607844
0.36862746
0.03529412
0.02745098
0.01568628
0.03137255
0.04313726
0.03921569
0.04313726
0.05490196
0.06274510
0.06666667
0.25882354
0.77254903
0.38823530
0.26274511
0.14509805
0.03921569
0.04313726
0.19215687
0.45882353
0.53725493
0.50588238
0.52156866
0.49803922
0.52549022
0.54509807
0.60392159
0.62745100
0.49803922
0.23529412
0.09019608
0.21960784
0.35294119
0.02745098
0.01568628
0.00784314
0.01568628
0.04313726
0.04313726
0.01568628
0.06274510
0.06666667
0.05882353
0.23529412
0.67843139
0.50196081
0.45098040
0.19607843
0.05882353
0.16078432
0.40000001
0.55294120
0.54901963
0.52549022
0.54509807
0.51764709
0.48235294
0.51372552
0.56078434
0.59607846
0.45490196
0.22745098
0.03921569
0.05882353
0.18431373
0.00784314
0.01960784
0.01568628
0.00000000
0.03529412
0.03137255
0.01960784
0.06274510
0.04313726
0.05882353
0.37254903
0.63529414
0.60392159
0.61960787
0.31372550
0.21568628
0.43921569
0.58823532
0.58039218
0.53725493
0.52941179
0.56078434
0.50980395
0.47058824
0.50196081
0.51372552
0.55686277
0.43529412
0.16862746
0.01960784
0.02745098
0.06274510
0.00784314
0.01568628
0.01568628
0.01960784
0.03137255
0.03921569
0.03137255
0.03921569
0.03529412
0.06666667
0.43529412
0.54509807
0.55686277
0.54901963
0.33725491
0.40000001
0.60784316
0.61176473
0.60000002
0.56078434
0.54901963
0.52549022
0.46274510
0.48627451
0.50980395
0.46274510
0.46274510
0.40392157
0.10980392
0.01568628
0.03137255
0.03921569
0.00784314
0.00000000
0.01960784
0.03921569
0.03137255
0.03137255
0.03529412
0.02352941
0.06666667
0.09803922
0.35294119
0.48235294
0.48627451
0.46274510
0.30196080
0.44313726
0.61568630
0.61568630
0.61568630
0.58431375
0.54117650
0.49019608
0.44705883
0.47450981
0.45882353
0.37647060
0.30588236
0.29411766
0.09411765
0.01176471
0.01568628
0.01568628
0.02745098
0.01960784
0.01568628
0.04705882
0.03137255
0.00784314
0.05098039
0.04313726
0.05882353
0.08235294
0.23137255
0.42745098
0.40392157
0.32549021
0.31764707
0.47843137
0.60392159
0.61176473
0.61960787
0.58039218
0.50980395
0.46666667
0.48235294
0.47058824
0.41960785
0.29803923
0.14509805
0.14117648
0.04705882
0.00784314
0.02352941
0.01568628
0.05098039
0.03529412
0.01176471
0.03921569
0.02745098
0.03137255
0.06666667
0.05490196
0.04313726
0.06274510
0.07843138
0.19607843
0.28627452
0.28235295
0.33725491
0.50980395
0.59607846
0.59215689
0.61176473
0.58039218
0.50980395
0.47843137
0.47843137
0.45098040
0.37254903
0.20000000
0.07058824
0.06666667
0.01568628
0.00392157
0.01568628
0.01176471
0.06274510
0.05490196
0.04313726
0.12941177
0.11764706
0.11372549
0.09411765
0.07058824
0.05098039
0.04705882
0.03921569
0.02745098
0.10588235
0.20392157
0.32549021
0.53725493
0.59607846
0.59607846
0.61176473
0.58039218
0.54117650
0.47450981
0.42745098
0.42745098
0.31764707
0.09803922
0.05098039
0.03921569
0.00784314
0.00000000
0.00000000
0.00000000
0.05882353
0.05882353
0.09411765
0.23137255
0.23137255
0.20784314
0.09411765
0.03921569
0.03529412
0.02745098
0.03921569
0.04705882
0.05098039
0.12941177
0.38431373
0.57647061
0.59215689
0.60392159
0.57254905
0.55294120
0.52941179
0.45490196
0.42745098
0.41960785
0.24313726
0.04313726
0.02352941
0.01176471
0.00392157
0.00392157
0.00392157
0.00392157
0.05098039
0.05098039
0.10196079
0.22352941
0.23137255
0.23137255
0.09411765
0.02352941
0.03137255
0.01568628
0.01176471
0.04313726
0.02745098
0.15294118
0.44313726
0.56470591
0.58039218
0.58039218
0.54117650
0.54117650
0.51764709
0.45490196
0.43529412
0.34901962
0.12156863
0.02352941
0.01568628
0.00392157
0.00000000
0.00784314
0.00784314
0.01568628
0.05490196
0.05098039
0.10588235
0.21176471
0.22352941
0.23529412
0.09803922
0.02352941
0.02745098
0.02352941
0.04705882
0.08627451
0.05882353
0.27058825
0.47450981
0.53725493
0.56078434
0.56078434
0.52549022
0.54117650
0.51372552
0.45882353
0.43137255
0.25490198
0.05098039
0.01960784
0.00392157
0.00000000
0.00000000
0.00392157
0.01176471
0.01176471
0.07058824
0.06666667
0.11372549
0.22352941
0.22745098
0.23921569
0.10196079
0.03137255
0.02352941
0.09019608
0.19215687
0.18823530
0.09803922
0.30588236
0.45882353
0.52156866
0.52941179
0.52549022
0.50196081
0.51764709
0.50588238
0.45098040
0.41568628
0.24313726
0.04705882
0.00784314
0.00392157
0.00784314
0.00784314
0.00392157
0.01176471
0.01176471
0.04313726
0.04705882
0.11372549
0.24313726
0.24313726
0.25490198
0.11372549
0.03529412
0.02352941
0.11764706
0.25490198
0.24313726
0.14901961
0.21176471
0.36470589
0.47843137
0.47450981
0.46274510
0.50196081
0.49411765
0.48627451
0.44313726
0.40000001
0.21176471
0.03137255
0.01176471
0.00784314
0.01960784
0.01176471
0.01568628
0.10196079
0.14509805
0.02745098
0.02352941
0.07843138
0.16862746
0.19607843
0.22352941
0.10588235
0.03529412
0.02745098
0.11764706
0.22745098
0.22352941
0.20784314
0.18431373
0.23529412
0.36862746
0.43529412
0.46274510
0.50588238
0.43529412
0.44313726
0.44705883
0.36470589
0.11764706
0.00784314
0.01176471
0.00784314
0.03529412
0.09019608
0.14901961
0.29019609
0.32941177
0.02745098
0.01960784
0.02352941
0.05098039
0.06666667
0.08235294
0.04313726
0.03529412
0.01568628
0.11372549
0.17254902
0.17647059
0.21568628
0.17254902
0.20784314
0.29411766
0.43921569
0.49803922
0.46666667
0.31372550
0.36078432
0.42352942
0.35294119
0.10196079
0.00784314
0.01568628
0.01568628
0.10980392
0.23921569
0.25490198
0.36470589
0.38823530
0.09411765
0.07843138
0.05882353
0.06666667
0.05490196
0.03137255
0.03921569
0.03529412
0.01568628
0.10588235
0.16078432
0.16470589
0.17647059
0.20392157
0.23921569
0.25098041
0.38431373
0.45490196
0.35294119
0.21176471
0.28627452
0.36862746
0.36470589
0.14509805
0.01568628
0.01568628
0.03529412
0.21568628
0.31764707
0.25098041
0.36078432
0.40784314
0.09019608
0.10980392
0.11764706
0.12156863
0.13333334
0.12549020
0.13333334
0.07843138
0.02745098
0.07450981
0.14117648
0.15294118
0.18823530
0.21960784
0.21176471
0.21960784
0.26666668
0.30588236
0.26666668
0.23529412
0.23529412
0.27450982
0.33725491
0.18823530
0.04313726
0.01176471
0.05098039
0.28235295
0.32549021
0.23529412
0.32941177
0.40784314
0.04705882
0.07450981
0.07450981
0.05490196
0.09019608
0.06666667
0.09019608
0.06274510
0.01176471
0.04705882
0.11764706
0.15294118
0.20392157
0.20784314
0.20784314
0.20000000
0.22352941
0.23137255
0.22745098
0.22352941
0.20392157
0.21960784
0.25882354
0.18823530
0.10588235
0.03529412
0.09411765
0.28235295
0.29803923
0.21176471
0.29803923
0.37647060
0.14117648
0.16862746
0.10980392
0.05882353
0.08235294
0.03137255
0.01568628
0.01568628
0.01568628
0.08627451
0.15294118
0.18823530
0.18823530
0.19607843
0.21176471
0.20000000
0.20784314
0.20000000
0.20000000
0.20000000
0.19215687
0.19607843
0.19215687
0.15294118
0.12156863
0.09019608
0.14117648
0.23529412
0.23529412
0.18823530
0.27843139
0.32156864
0.34117648
0.34901962
0.23921569
0.11372549
0.08627451
0.05882353
0.03137255
0.02745098
0.02352941
0.10588235
0.17254902
0.21176471
0.19607843
0.19607843
0.20392157
0.20000000
0.20000000
0.19215687
0.18039216
0.18431373
0.17254902
0.17254902
0.17254902
0.14117648
0.13725491
0.13725491
0.13333334
0.16862746
0.16862746
0.16078432
0.19607843
0.21568628
1 0 0 -1 0 0 0 0 0 0 0
0 1 0 -1 0 0 0 0 0 0 0
0 0 1 -1 0 0 0 0 0 0 0
0 0 0 -1 1 0 0 0 0 0 0
0 0 0 -1 0 1 0 0 0 0 0
0 0 0 -1 0 0 1 0 0 0 0
0 0 0 -1 0 0 0 1 0 0 0
0 0 0 -1 0 0 0 0 1 0 0
0 0 0 -1 0 0 0 0 0 1 0
