0.42352942
0.40784314
0.42745098
0.44705883
0.45490196
0.47450981
0.47058824
0.45490196
0.46666667
0.44313726
0.41960785
0.44313726
0.46274510
0.45490196
0.45490196
0.47058824
0.47058824
0.46666667
0.47058824
0.47058824
0.45882353
0.45882353
0.45490196
0.45098040
0.43921569
0.45098040
0.46274510
0.48235294
0.48235294
0.48235294
0.47843137
0.49019608
0.43529412
0.42745098
0.44705883
0.47450981
0.46274510
0.46666667
0.46666667
0.46274510
0.47058824
0.45490196
0.42352942
0.43921569
0.46666667
0.47058824
0.47450981
0.46666667
0.46274510
0.47058824
0.47843137
0.46666667
0.45882353
0.47058824
0.46666667
0.45882353
0.43529412
0.41176471
0.41960785
0.45098040
0.45098040
0.44313726
0.43137255
0.45490196
0.43529412
0.43529412
0.43137255
0.45098040
0.45490196
0.45490196
0.45882353
0.46666667
0.45882353
0.45098040
0.44313726
0.45490196
0.46274510
0.45490196
0.46274510
0.44313726
0.43529412
0.46666667
0.48235294
0.45882353
0.45098040
0.44313726
0.43137255
0.42745098
0.41568628
0.38823530
0.38823530
0.41568628
0.42352942
0.42745098
0.41960785
0.41568628
0.42352942
0.42745098
0.42352942
0.42352942
0.43137255
0.42745098
0.42352942
0.43137255
0.43529412
0.43529412
0.43921569
0.44313726
0.44705883
0.43137255
0.44313726
0.43921569
0.45098040
0.47450981
0.46666667
0.44705883
0.44313726
0.43529412
0.41176471
0.40000001
0.41176471
0.40000001
0.39215687
0.41568628
0.41960785
0.40392157
0.40784314
0.39607844
0.39607844
0.41568628
0.42352942
0.41960785
0.41960785
0.43137255
0.42352942
0.41176471
0.43529412
0.43529412
0.44705883
0.50980395
0.54117650
0.50980395
0.47843137
0.45882353
0.48235294
0.44705883
0.43529412
0.44313726
0.43921569
0.41960785
0.42352942
0.43529412
0.43921569
0.45098040
0.44705883
0.46274510
0.47450981
0.44705883
0.42745098
0.43529412
0.35686275
0.34901962
0.38823530
0.38039216
0.37254903
0.41176471
0.41568628
0.42352942
0.43137255
0.42745098
0.45098040
0.55686277
0.52941179
0.51764709
0.44313726
0.43137255
0.45882353
0.45882353
0.43921569
0.44705883
0.43921569
0.41568628
0.41960785
0.44705883
0.45490196
0.46274510
0.44705883
0.39215687
0.38431373
0.41960785
0.43529412
0.47450981
0.34117648
0.32941177
0.36862746
0.38039216
0.39215687
0.41568628
0.40392157
0.41568628
0.42352942
0.47450981
0.57254905
0.55294120
0.50980395
0.45490196
0.41568628
0.41960785
0.43137255
0.45098040
0.43529412
0.40784314
0.38823530
0.37254903
0.38039216
0.40784314
0.40784314
0.40784314
0.38431373
0.30588236
0.29019609
0.36470589
0.41568628
0.45882353
0.34901962
0.34509805
0.34901962
0.38431373
0.41960785
0.42352942
0.41960785
0.39607844
0.38823530
0.46274510
0.67058825
0.58431375
0.48627451
0.42352942
0.41176471
0.41176471
0.41176471
0.40392157
0.38823530
0.37647060
0.35294119
0.32941177
0.37254903
0.38823530
0.38431373
0.40000001
0.38823530
0.36078432
0.36862746
0.38039216
0.40392157
0.44705883
0.36470589
0.37254903
0.38039216
0.38823530
0.40392157
0.40784314
0.41176471
0.41176471
0.40784314
0.45098040
0.71764708
0.48627451
0.40392157
0.43137255
0.38039216
0.39607844
0.39215687
0.38823530
0.35686275
0.35686275
0.36470589
0.35686275
0.38823530
0.36078432
0.36078432
0.40000001
0.40784314
0.41568628
0.41960785
0.38431373
0.38039216
0.43921569
0.42352942
0.43921569
0.41176471
0.43137255
0.43529412
0.43921569
0.43921569
0.42352942
0.43921569
0.63529414
0.89803922
0.59607846
0.52156866
0.45490196
0.36470589
0.43137255
0.47843137
0.46666667
0.40392157
0.37647060
0.40392157
0.39607844
0.39215687
0.38823530
0.42745098
0.43921569
0.42745098
0.42352942
0.47450981
0.47450981
0.41568628
0.41568628
0.43921569
0.46274510
0.44705883
0.46274510
0.45098040
0.47450981
0.47058824
0.43921569
0.60000002
0.87058824
0.93333334
0.74117649
0.65490198
0.50588238
0.41176471
0.49803922
0.55686277
0.51764709
0.46274510
0.43529412
0.41960785
0.38431373
0.37254903
0.42745098
0.49803922
0.51372552
0.48235294
0.45490196
0.49411765
0.51764709
0.45882353
0.44705883
0.43137255
0.45490196
0.46666667
0.44705883
0.45882353
0.49019608
0.48627451
0.48627451
0.67843139
0.92156863
0.93333334
0.80392158
0.71764708
0.52941179
0.39607844
0.43529412
0.45490196
0.45490196
0.44705883
0.41960785
0.40000001
0.37647060
0.38039216
0.45882353
0.52156866
0.52549022
0.49411765
0.49803922
0.52156866
0.51372552
0.50588238
0.48235294
0.43921569
0.44313726
0.42352942
0.40392157
0.41960785
0.45490196
0.45490196
0.40784314
0.48627451
0.65882355
0.81176472
0.76862746
0.69411767
0.58039218
0.44705883
0.44705883
0.46666667
0.47058824
0.47450981
0.50196081
0.50980395
0.50588238
0.45882353
0.42745098
0.45098040
0.48235294
0.45882353
0.43921569
0.45098040
0.49019608
0.50980395
0.45098040
0.42745098
0.43921569
0.39215687
0.38823530
0.38431373
0.39607844
0.40000001
0.35686275
0.38431373
0.40000001
0.58039218
0.64705884
0.67843139
0.70588237
0.63921571
0.63921571
0.63137257
0.60000002
0.60392159
0.59607846
0.58431375
0.56470591
0.61176473
0.49411765
0.39215687
0.43529412
0.44313726
0.38431373
0.40784314
0.49411765
0.52156866
0.50196081
0.39215687
0.39607844
0.39215687
0.42745098
0.43921569
0.41176471
0.40392157
0.40392157
0.41960785
0.41960785
0.50980395
0.57647061
0.61960787
0.67843139
0.66666669
0.65490198
0.58431375
0.52549022
0.49019608
0.50588238
0.54117650
0.54509807
0.65490198
0.58431375
0.44313726
0.42745098
0.41176471
0.38431373
0.44313726
0.50980395
0.49803922
0.51372552
0.34509805
0.36862746
0.39607844
0.41176471
0.39215687
0.39607844
0.43529412
0.42352942
0.42352942
0.42745098
0.44313726
0.48627451
0.47450981
0.51372552
0.54509807
0.53333336
0.49019608
0.43921569
0.39215687
0.45490196
0.55294120
0.59215689
0.59215689
0.48627451
0.41568628
0.41568628
0.39215687
0.38823530
0.45098040
0.48235294
0.46274510
0.48627451
0.33333334
0.34901962
0.34117648
0.30196080
0.27843139
0.34901962
0.39215687
0.40784314
0.43529412
0.41176471
0.41176471
0.47058824
0.41176471
0.42745098
0.47450981
0.47843137
0.43137255
0.38431373
0.36862746
0.47450981
0.58823532
0.61960787
0.52549022
0.35294119
0.39215687
0.41176471
0.38823530
0.40784314
0.45098040
0.44705883
0.43137255
0.43529412
0.39607844
0.36862746
0.31372550
0.27843139
0.18823530
0.28235295
0.35686275
0.43529412
0.44705883
0.40000001
0.36078432
0.40784314
0.51372552
0.50588238
0.54117650
0.56078434
0.43921569
0.38039216
0.36862746
0.48235294
0.59607846
0.63921571
0.43137255
0.24705882
0.42352942
0.44705883
0.42352942
0.41960785
0.42352942
0.40784314
0.41176471
0.39607844
0.51764709
0.54117650
0.45098040
0.35294119
0.30980393
0.36862746
0.41960785
0.43921569
0.37254903
0.36078432
0.31372550
0.29019609
0.57254905
0.60000002
0.61960787
0.69411767
0.56078434
0.47058824
0.41960785
0.47843137
0.63137257
0.63137257
0.23529412
0.18823530
0.37647060
0.44313726
0.44705883
0.43921569
0.44313726
0.43529412
0.43921569
0.43529412
0.49019608
0.52941179
0.49803922
0.50588238
0.54117650
0.55686277
0.55294120
0.45098040
0.38431373
0.40784314
0.42352942
0.41176471
0.51764709
0.55294120
0.61568630
0.76078433
0.71764708
0.60392159
0.43529412
0.47450981
0.58823532
0.55294120
0.23529412
0.16470589
0.36862746
0.43529412
0.41960785
0.43921569
0.47843137
0.52156866
0.51764709
0.49019608
0.35686275
0.37647060
0.37254903
0.41176471
0.49803922
0.56078434
0.50980395
0.42352942
0.43529412
0.44313726
0.44313726
0.41176471
0.44313726
0.48235294
0.51372552
0.67058825
0.71764708
0.55294120
0.29803923
0.39215687
0.48627451
0.49019608
0.42745098
0.26666668
0.33333334
0.41568628
0.44705883
0.38823530
0.34901962
0.44313726
0.49411765
0.44705883
0.29019609
0.24705882
0.24313726
0.26274511
0.33725491
0.42745098
0.38431373
0.35686275
0.39607844
0.37647060
0.40784314
0.35686275
0.35686275
0.48627451
0.42352942
0.48627451
0.60000002
0.43137255
0.29019609
0.38823530
0.44705883
0.44705883
0.51372552
0.27450982
0.26274511
0.34509805
0.36862746
0.34901962
0.29019609
0.35294119
0.43921569
0.40392157
0.18431373
0.15294118
0.27058825
0.32156864
0.33333334
0.33725491
0.32941177
0.32941177
0.36078432
0.30980393
0.30588236
0.27843139
0.31764707
0.56470591
0.48627451
0.40784314
0.47843137
0.38431373
0.34117648
0.36862746
0.37647060
0.47058824
0.52941179
0.24705882
0.34117648
0.36862746
0.32156864
0.30196080
0.34901962
0.43137255
0.44705883
0.41960785
0.15686275
0.19215687
0.33725491
0.37254903
0.39607844
0.36862746
0.32941177
0.31764707
0.31372550
0.26666668
0.24313726
0.29411766
0.34901962
0.52941179
0.43137255
0.42352942
0.40000001
0.33333334
0.32156864
0.35686275
0.43921569
0.55294120
0.34117648
0.27843139
0.35294119
0.36862746
0.31764707
0.29411766
0.40000001
0.44705883
0.38823530
0.38823530
0.26274511
0.30980393
0.35686275
0.34509805
0.37647060
0.33725491
0.31764707
0.33725491
0.31372550
0.32549021
0.31764707
0.36078432
0.34901962
0.49019608
0.50588238
0.43921569
0.40000001
0.34901962
0.34509805
0.40000001
0.50588238
0.37647060
0.22745098
0.27843139
0.32156864
0.33333334
0.33725491
0.38039216
0.41568628
0.38431373
0.35294119
0.31764707
0.30196080
0.33725491
0.34509805
0.36470589
0.39607844
0.36470589
0.36470589
0.40784314
0.37647060
0.36862746
0.38823530
0.40784314
0.37647060
0.45098040
0.58823532
0.51372552
0.45490196
0.36078432
0.36078432
0.42352942
0.43921569
0.30588236
0.26274511
0.23137255
0.32156864
0.38823530
0.37254903
0.34117648
0.35294119
0.36470589
0.34117648
0.29411766
0.32941177
0.32156864
0.34901962
0.40392157
0.41568628
0.41568628
0.42352942
0.43137255
0.40000001
0.38823530
0.40784314
0.40000001
0.35686275
0.38431373
0.56470591
0.57647061
0.55294120
0.43137255
0.41568628
0.42745098
0.36862746
0.27450982
0.19215687
0.19215687
0.30588236
0.40784314
0.35294119
0.30980393
0.36078432
0.37254903
0.34117648
0.29411766
0.36078432
0.39607844
0.37647060
0.37647060
0.41960785
0.44313726
0.43921569
0.43137255
0.40784314
0.37647060
0.39215687
0.39215687
0.40784314
0.46666667
0.52549022
0.52549022
0.53333336
0.49803922
0.45490196
0.47450981
0.43529412
0.31372550
0.29803923
0.32156864
0.37647060
0.40784314
0.38431373
0.31372550
0.29411766
0.35294119
0.33725491
0.30588236
0.39607844
0.42352942
0.40000001
0.36862746
0.36862746
0.36862746
0.38823530
0.40392157
0.40784314
0.39607844
0.40000001
0.42352942
0.47450981
0.50196081
0.44705883
0.38039216
0.31764707
0.40000001
0.48627451
0.51764709
0.53333336
0.48235294
0.46274510
0.42745098
0.44313726
0.45098040
0.39607844
0.27058825
0.10588235
0.13333334
0.25098041
0.30980393
0.41568628
0.42352942
0.38823530
0.38039216
0.36078432
0.33725491
0.35294119
0.37254903
0.41960785
0.41568628
0.39215687
0.41960785
0.47058824
0.42745098
0.35686275
0.33725491
0.31764707
0.34117648
0.42745098
0.44705883
0.46666667
0.45882353
0.41960785
0.38039216
0.40392157
0.43137255
0.36862746
0.25882354
0.19215687
0.18431373
0.27058825
0.34509805
0.38431373
0.39607844
0.38823530
0.36862746
0.34509805
0.35294119
0.36470589
0.37647060
0.42745098
0.40392157
0.40000001
0.39607844
0.43137255
0.40000001
0.34901962
0.40000001
0.41176471
0.40784314
0.39607844
0.38431373
0.35294119
0.37254903
0.38431373
0.36862746
0.40000001
0.41960785
0.37254903
0.28235295
0.30588236
0.35686275
0.30980393
0.34509805
0.38431373
0.38823530
0.37254903
0.34509805
0.31764707
0.32941177
0.35294119
0.38039216
0.39607844
0.38823530
0.40392157
0.34117648
0.36470589
0.40000001
0.39607844
0.40392157
0.41176471
0.41960785
0.40000001
0.36078432
0.30980393
0.32549021
0.38431373
0.38039216
0.41960785
0.43529412
0.37254903
0.31372550
0.32156864
0.37647060
0.38039216
0.39215687
0.36078432
0.34901962
0.36862746
0.36862746
0.36078432
0.38039216
0.37647060
0.36862746
0.39215687
0.36862746
0.34509805
0.36862746
0.38039216
0.37254903
0.37254903
0.38823530
0.39215687
0.38823530
0.38823530
0.38823530
0.38039216
0.38431373
0.38039216
0.37647060
0.36470589
0.37254903
0.38431373
0.40392157
0.40392157
0.40392157
0.40000001
0.41176471
0.37254903
0.36470589
0.38431373
0.40000001
0.38039216
0.38431373
0.38039216
0.38039216
0.39607844
0.38039216
0.34901962
0.36470589
0.38431373
0.38823530
0.39215687
0.38431373
0.38039216
0.38823530
0.39607844
0.38431373
0.38039216
0.39607844
0.39215687
0.38431373
0.36078432
0.34901962
0.36078432
0.39215687
0.38823530
0.38039216
0.36862746
0.39607844
0.37254903
0.37254903
0.36862746
0.38039216
0.38039216
0.38039216
0.38431373
0.39215687
0.38431373
0.37647060
0.36862746
0.38039216
0.38431373
0.37254903
0.38039216
0.36470589
0.35294119
0.38431373
0.40000001
0.37647060
0.37254903
0.36862746
0.35686275
0.35294119
0.34509805
0.33333334
0.33725491
0.36470589
0.37254903
0.37647060
0.36862746
0.36470589
0.35686275
0.36470589
0.36078432
0.36078432
0.36470589
0.36470589
0.35686275
0.36078432
0.36078432
0.36078432
0.36470589
0.36862746
0.36862746
0.34901962
0.36078432
0.35686275
0.36862746
0.39215687
0.38431373
0.36470589
0.36470589
0.36078432
0.33725491
0.32549021
0.33725491
0.33725491
0.33333334
0.35686275
0.36078432
0.34509805
0.34901962
0.33725491
0.33333334
0.35294119
0.36078432
0.36078432
0.36470589
0.37647060
0.37254903
0.35294119
0.36078432
0.36078432
0.37254903
0.43529412
0.45882353
0.42745098
0.39607844
0.37647060
0.40000001
0.36470589
0.35294119
0.36078432
0.35686275
0.34509805
0.34901962
0.36078432
0.36470589
0.37254903
0.36862746
0.38431373
0.39607844
0.36862746
0.34901962
0.35686275
0.29019609
0.28627452
0.32549021
0.32156864
0.32156864
0.35686275
0.36470589
0.36078432
0.35294119
0.34509805
0.37254903
0.49019608
0.45882353
0.43921569
0.36078432
0.34901962
0.38039216
0.37647060
0.35686275
0.36470589
0.36470589
0.34901962
0.34901962
0.37254903
0.38039216
0.38431373
0.36470589
0.31372550
0.30196080
0.33725491
0.35294119
0.38823530
0.27450982
0.26274511
0.30196080
0.32156864
0.33725491
0.36078432
0.34901962
0.35686275
0.34509805
0.38039216
0.49019608
0.49411765
0.45490196
0.38039216
0.33725491
0.33725491
0.35686275
0.37647060
0.35686275
0.32941177
0.32156864
0.32156864
0.32156864
0.33333334
0.32941177
0.34509805
0.32549021
0.24705882
0.23137255
0.30980393
0.34901962
0.38039216
0.28627452
0.27843139
0.28235295
0.32549021
0.36078432
0.36470589
0.36078432
0.33725491
0.31764707
0.37647060
0.58823532
0.52941179
0.42352942
0.34901962
0.33725491
0.33333334
0.33725491
0.33333334
0.31372550
0.29803923
0.29019609
0.28627452
0.31764707
0.31764707
0.30980393
0.33725491
0.32941177
0.30588236
0.30980393
0.32549021
0.34117648
0.37254903
0.30196080
0.30980393
0.31764707
0.32549021
0.33725491
0.34117648
0.34117648
0.34901962
0.35294119
0.37254903
0.63529414
0.41960785
0.32156864
0.35294119
0.30980393
0.31764707
0.31372550
0.31372550
0.28235295
0.27843139
0.29803923
0.30980393
0.33333334
0.29411766
0.28627452
0.33333334
0.34509805
0.34901962
0.35294119
0.31764707
0.31372550
0.36862746
0.36078432
0.38039216
0.35294119
0.36078432
0.36078432
0.36470589
0.36470589
0.35686275
0.38431373
0.54901963
0.79607844
0.50588238
0.40784314
0.36862746
0.30588236
0.35294119
0.39607844
0.39607844
0.32941177
0.29803923
0.33725491
0.35294119
0.34117648
0.32156864
0.35686275
0.36862746
0.35686275
0.35294119
0.40000001
0.40392157
0.34509805
0.34509805
0.38039216
0.40392157
0.38823530
0.39215687
0.36862746
0.39215687
0.38823530
0.36470589
0.53333336
0.75686276
0.79607844
0.60784316
0.51372552
0.41568628
0.35686275
0.41960785
0.47058824
0.44705883
0.38823530
0.35686275
0.35294119
0.33725491
0.32156864
0.36470589
0.43137255
0.43529412
0.40000001
0.37647060
0.41176471
0.43529412
0.38039216
0.38039216
0.36862746
0.39607844
0.40784314
0.37254903
0.37254903
0.40392157
0.40000001
0.40392157
0.59607846
0.78431374
0.76862746
0.63921571
0.55686277
0.42745098
0.34117648
0.35294119
0.36470589
0.37647060
0.36470589
0.33725491
0.32941177
0.32549021
0.32549021
0.39607844
0.45490196
0.44313726
0.40784314
0.41176471
0.43921569
0.42352942
0.41960785
0.41176471
0.37647060
0.38431373
0.36470589
0.33725491
0.34509805
0.37647060
0.38039216
0.34117648
0.41568628
0.54901963
0.67058825
0.61568630
0.52156866
0.44313726
0.34509805
0.33725491
0.34901962
0.35294119
0.35686275
0.38823530
0.40000001
0.40000001
0.34901962
0.33333334
0.38823530
0.40392157
0.37647060
0.35686275
0.36862746
0.40000001
0.41176471
0.36078432
0.36470589
0.37647060
0.32941177
0.32549021
0.32156864
0.33333334
0.33725491
0.30196080
0.33333334
0.32549021
0.47843137
0.51764709
0.49411765
0.51372552
0.46666667
0.48235294
0.48235294
0.45490196
0.45490196
0.45098040
0.43921569
0.40392157
0.44313726
0.36862746
0.31764707
0.36470589
0.36470589
0.30980393
0.33333334
0.40392157
0.42352942
0.40000001
0.32549021
0.32941177
0.32549021
0.36470589
0.37647060
0.34901962
0.34117648
0.34509805
0.36470589
0.34901962
0.41568628
0.45490196
0.43529412
0.47843137
0.48235294
0.47843137
0.42745098
0.38039216
0.34509805
0.36470589
0.39607844
0.37254903
0.49019608
0.45882353
0.35686275
0.35294119
0.33725491
0.30980393
0.36862746
0.42352942
0.40392157
0.41568628
0.27843139
0.30196080
0.32941177
0.34509805
0.32941177
0.33333334
0.37254903
0.36078432
0.36862746
0.36078432
0.36470589
0.38823530
0.32549021
0.35686275
0.39215687
0.38431373
0.34509805
0.29411766
0.24313726
0.31764707
0.40392157
0.41960785
0.44313726
0.37254903
0.32941177
0.34117648
0.31764707
0.31372550
0.37647060
0.40000001
0.37647060
0.39215687
0.27058825
0.28627452
0.27450982
0.23921569
0.21568628
0.28627452
0.32549021
0.34509805
0.37254903
0.34509805
0.34509805
0.39607844
0.31764707
0.32156864
0.36470589
0.36470589
0.30196080
0.24705882
0.23137255
0.34509805
0.44705883
0.46274510
0.40784314
0.26666668
0.31372550
0.33725491
0.31372550
0.33333334
0.37647060
0.36862746
0.35294119
0.35294119
0.33725491
0.30980393
0.25490198
0.21568628
0.12941177
0.21960784
0.29411766
0.37254903
0.38431373
0.33725491
0.30588236
0.34901962
0.41568628
0.39215687
0.41176471
0.42352942
0.30980393
0.25490198
0.24313726
0.36470589
0.47058824
0.50980395
0.35686275
0.20000000
0.36470589
0.37647060
0.34901962
0.34509805
0.34901962
0.33725491
0.34509805
0.32549021
0.46274510
0.48627451
0.40000001
0.29019609
0.24705882
0.30196080
0.35294119
0.37647060
0.30980393
0.30196080
0.26274511
0.23529412
0.44313726
0.43529412
0.43921569
0.49411765
0.40392157
0.34901962
0.30196080
0.36862746
0.51372552
0.52549022
0.18823530
0.16078432
0.33333334
0.37254903
0.37254903
0.36470589
0.36862746
0.36470589
0.37254903
0.36470589
0.44705883
0.48627451
0.45490196
0.44313726
0.45882353
0.48235294
0.47450981
0.37647060
0.32156864
0.34901962
0.36862746
0.35294119
0.41960785
0.42352942
0.44705883
0.55294120
0.52941179
0.46666667
0.33333334
0.38039216
0.48627451
0.45882353
0.16862746
0.11372549
0.31372550
0.36470589
0.34901962
0.36862746
0.40784314
0.45490196
0.45098040
0.41960785
0.31372550
0.32941177
0.32941177
0.34901962
0.42745098
0.49411765
0.43921569
0.35686275
0.37647060
0.38431373
0.38431373
0.35294119
0.36470589
0.37647060
0.37647060
0.50588238
0.55294120
0.42745098
0.21568628
0.32156864
0.40000001
0.40000001
0.34901962
0.20392157
0.27450982
0.34901962
0.37647060
0.32156864
0.28235295
0.37647060
0.42745098
0.37647060
0.23921569
0.19607843
0.19607843
0.21176471
0.28627452
0.38039216
0.33333334
0.30196080
0.33725491
0.31372550
0.34509805
0.29411766
0.28235295
0.38431373
0.31764707
0.38431373
0.48627451
0.33333334
0.23137255
0.33333334
0.37254903
0.36078432
0.43921569
0.21568628
0.20784314
0.28235295
0.30588236
0.28235295
0.22352941
0.29019609
0.37647060
0.34117648
0.13333334
0.10588235
0.21960784
0.27450982
0.30196080
0.30588236
0.29803923
0.28627452
0.30196080
0.24705882
0.24313726
0.21960784
0.24705882
0.47058824
0.39215687
0.34901962
0.40784314
0.30980393
0.29411766
0.31764707
0.30588236
0.38431373
0.45882353
0.18823530
0.29019609
0.31372550
0.26666668
0.24705882
0.29411766
0.37647060
0.39215687
0.36470589
0.10588235
0.14117648
0.28627452
0.32549021
0.36078432
0.33725491
0.29411766
0.27058825
0.25098041
0.20392157
0.18039216
0.23529412
0.29019609
0.43529412
0.32941177
0.37254903
0.34117648
0.26274511
0.27058825
0.29803923
0.35686275
0.46666667
0.26666668
0.21568628
0.29803923
0.31764707
0.26666668
0.24705882
0.35294119
0.39607844
0.33725491
0.33725491
0.21176471
0.25882354
0.30588236
0.29019609
0.32549021
0.29019609
0.26666668
0.27843139
0.24705882
0.25882354
0.25098041
0.30196080
0.30196080
0.39607844
0.38431373
0.37254903
0.32941177
0.26666668
0.28235295
0.31764707
0.40000001
0.28627452
0.14901961
0.21176471
0.26274511
0.28627452
0.29019609
0.33333334
0.36862746
0.34117648
0.30588236
0.27058825
0.25098041
0.28627452
0.29411766
0.30588236
0.33333334
0.30588236
0.30196080
0.34117648
0.30980393
0.30196080
0.32156864
0.34901962
0.33725491
0.36470589
0.46274510
0.40392157
0.36470589
0.28235295
0.28627452
0.32941177
0.33725491
0.21960784
0.18823530
0.16078432
0.25882354
0.33725491
0.32549021
0.29803923
0.31764707
0.32156864
0.29803923
0.24705882
0.26666668
0.25882354
0.29019609
0.33725491
0.34509805
0.34901962
0.35294119
0.36470589
0.33725491
0.32549021
0.34509805
0.34117648
0.30196080
0.30980393
0.45098040
0.43921569
0.44705883
0.35686275
0.33725491
0.34509805
0.28627452
0.20392157
0.12549020
0.12549020
0.24313726
0.34901962
0.30196080
0.26666668
0.32549021
0.32941177
0.29411766
0.24313726
0.29803923
0.33333334
0.31372550
0.30980393
0.35294119
0.37647060
0.37254903
0.36470589
0.34509805
0.31372550
0.32941177
0.32549021
0.33725491
0.38039216
0.42352942
0.41176471
0.44313726
0.42352942
0.38039216
0.40000001
0.36470589
0.24705882
0.23529412
0.25882354
0.30980393
0.34509805
0.32941177
0.27058825
0.25882354
0.30588236
0.28627452
0.25490198
0.32941177
0.36078432
0.33725491
0.30588236
0.30588236
0.30588236
0.32549021
0.34117648
0.34509805
0.33333334
0.33725491
0.35686275
0.38039216
0.40000001
0.36078432
0.30980393
0.24705882
0.32549021
0.41176471
0.45098040
0.47058824
0.42352942
0.40000001
0.36470589
0.38039216
0.39215687
0.34509805
0.22745098
0.07058824
0.09019608
0.19607843
0.25882354
0.35294119
0.36078432
0.32549021
0.32549021
0.30980393
0.28627452
0.29803923
0.31764707
0.35686275
0.35294119
0.32941177
0.35294119
0.36862746
0.32549021
0.27843139
0.28235295
0.25490198
0.26666668
0.35686275
0.38039216
0.40392157
0.40000001
0.35686275
0.32156864
0.34509805
0.36862746
0.31372550
0.21568628
0.15686275
0.14117648
0.21960784
0.29803923
0.32156864
0.33725491
0.32549021
0.31764707
0.29803923
0.30588236
0.31764707
0.32549021
0.36470589
0.34117648
0.33725491
0.32941177
0.33725491
0.30980393
0.27843139
0.34509805
0.34509805
0.33333334
0.32156864
0.30980393
0.28235295
0.30980393
0.32156864
0.30588236
0.33333334
0.35686275
0.31764707
0.23921569
0.27058825
0.31764707
0.26274511
0.29803923
0.32156864
0.32549021
0.30980393
0.29411766
0.27450982
0.28627452
0.31372550
0.33333334
0.33725491
0.32549021
0.34509805
0.27843139
0.29019609
0.32549021
0.32549021
0.34117648
0.34509805
0.34509805
0.32549021
0.28235295
0.23529412
0.25882354
0.31764707
0.31372550
0.35294119
0.37647060
0.32156864
0.27058825
0.28627452
0.33725491
0.33725491
0.34509805
0.30196080
0.29019609
0.30980393
0.31764707
0.31372550
0.33333334
0.32941177
0.31764707
0.32941177
0.30588236
0.27843139
0.30196080
0.31764707
0.30588236
0.30588236
0.32156864
0.32549021
0.32156864
0.32156864
0.32156864
0.31764707
0.32941177
0.32549021
0.32156864
0.30980393
0.31372550
0.32156864
0.34117648
0.34117648
0.34117648
0.33725491
0.34901962
0.31372550
0.30588236
0.32549021
0.34509805
0.32941177
0.33333334
0.32941177
0.32549021
0.32941177
0.31372550
0.28235295
0.29803923
0.31764707
0.32156864
0.32549021
0.31764707
0.31372550
0.32156864
0.32941177
0.31764707
0.31764707
0.34117648
0.33725491
0.32549021
0.30980393
0.29803923
0.31372550
0.34509805
0.34117648
0.33333334
0.32156864
0.34509805
0.31372550
0.31372550
0.30980393
0.32549021
0.32549021
0.32549021
0.32941177
0.33333334
0.31764707
0.30980393
0.30196080
0.31372550
0.31764707
0.30588236
0.31372550
0.29411766
0.28627452
0.31764707
0.33333334
0.30980393
0.30980393
0.31372550
0.30196080
0.29803923
0.29019609
0.29019609
0.29803923
0.32549021
0.33333334
0.33725491
0.32941177
0.32549021
0.29803923
0.30588236
0.30196080
0.30196080
0.30980393
0.30588236
0.30196080
0.30196080
0.29411766
0.29411766
0.29803923
0.30196080
0.30196080
0.28235295
0.29411766
0.29019609
0.30196080
0.32549021
0.32156864
0.29803923
0.30196080
0.30588236
0.28235295
0.27058825
0.28627452
0.29019609
0.28627452
0.30980393
0.31372550
0.30196080
0.30196080
0.29019609
0.27450982
0.29411766
0.30196080
0.30196080
0.30196080
0.31764707
0.30980393
0.29019609
0.29411766
0.29411766
0.30588236
0.36862746
0.39215687
0.36078432
0.32941177
0.30980393
0.33333334
0.29803923
0.28627452
0.29411766
0.29411766
0.29019609
0.29411766
0.30588236
0.30980393
0.31372550
0.30588236
0.32156864
0.33333334
0.30588236
0.28627452
0.29019609
0.23529412
0.23529412
0.27058825
0.26666668
0.26274511
0.30196080
0.30588236
0.30588236
0.29019609
0.27058825
0.29411766
0.41568628
0.39607844
0.38039216
0.30196080
0.29411766
0.31764707
0.30980393
0.29411766
0.30588236
0.30588236
0.29411766
0.29803923
0.32549021
0.32941177
0.31764707
0.29411766
0.24313726
0.23137255
0.27450982
0.29019609
0.31764707
0.23137255
0.21960784
0.26274511
0.27843139
0.29019609
0.31372550
0.30196080
0.31372550
0.29019609
0.29411766
0.39215687
0.41176471
0.40000001
0.33333334
0.29019609
0.30588236
0.30196080
0.30588236
0.30196080
0.28235295
0.27450982
0.26666668
0.27058825
0.29803923
0.29411766
0.28627452
0.25882354
0.18431373
0.16862746
0.25882354
0.30588236
0.32549021
0.23921569
0.23529412
0.23921569
0.27843139
0.31372550
0.31764707
0.30980393
0.29411766
0.27450982
0.29411766
0.49803922
0.45098040
0.36078432
0.29411766
0.29411766
0.30196080
0.28235295
0.25882354
0.25490198
0.25490198
0.24705882
0.23137255
0.26666668
0.27450982
0.26666668
0.27843139
0.26666668
0.24313726
0.24705882
0.27450982
0.29411766
0.31764707
0.24705882
0.25490198
0.26274511
0.27058825
0.28235295
0.28627452
0.28627452
0.30196080
0.30588236
0.29019609
0.55294120
0.34509805
0.23529412
0.28235295
0.26274511
0.27843139
0.25098041
0.24313726
0.22745098
0.23529412
0.25882354
0.25490198
0.27843139
0.23529412
0.22745098
0.26666668
0.27450982
0.28235295
0.28627452
0.25490198
0.25098041
0.30196080
0.29803923
0.31372550
0.28627452
0.30196080
0.30196080
0.30196080
0.30588236
0.30196080
0.32156864
0.45490196
0.70196080
0.41568628
0.29803923
0.28235295
0.25882354
0.30588236
0.32549021
0.32156864
0.27058825
0.25490198
0.29803923
0.30196080
0.27843139
0.24705882
0.27450982
0.29019609
0.27843139
0.27450982
0.32549021
0.32156864
0.26666668
0.27058825
0.30196080
0.32941177
0.31372550
0.32156864
0.30196080
0.32549021
0.32156864
0.29411766
0.44313726
0.64313728
0.68235296
0.50196081
0.37647060
0.31372550
0.30588236
0.36078432
0.39607844
0.37647060
0.32941177
0.31372550
0.31764707
0.29019609
0.25882354
0.27450982
0.32941177
0.34901962
0.31764707
0.29411766
0.32941177
0.34117648
0.29019609
0.29411766
0.29019609
0.31764707
0.32549021
0.29803923
0.30196080
0.33333334
0.32941177
0.32549021
0.48627451
0.65098041
0.63529414
0.50980395
0.40000001
0.31764707
0.28627452
0.28627452
0.28235295
0.30196080
0.30588236
0.29019609
0.29019609
0.27450982
0.25490198
0.29803923
0.34509805
0.35686275
0.32549021
0.32941177
0.35294119
0.32156864
0.31764707
0.32156864
0.30196080
0.30980393
0.29411766
0.27058825
0.28627452
0.31764707
0.32156864
0.27450982
0.32941177
0.44313726
0.55294120
0.49019608
0.36078432
0.30588236
0.24313726
0.23921569
0.23921569
0.25098041
0.26666668
0.28627452
0.30196080
0.31764707
0.25098041
0.24705882
0.32156864
0.33725491
0.30588236
0.28627452
0.30196080
0.30588236
0.31372550
0.27450982
0.30588236
0.31764707
0.27058825
0.27058825
0.27058825
0.28235295
0.28627452
0.25098041
0.27843139
0.25098041
0.38431373
0.40000001
0.32941177
0.34509805
0.31372550
0.34117648
0.34901962
0.33725491
0.34901962
0.30980393
0.28627452
0.27843139
0.32549021
0.29803923
0.29803923
0.32156864
0.30980393
0.25882354
0.27843139
0.32156864
0.32941177
0.31764707
0.28235295
0.28627452
0.28235295
0.31764707
0.32549021
0.29803923
0.29019609
0.29411766
0.30588236
0.27450982
0.32941177
0.34901962
0.27450982
0.30196080
0.31764707
0.31764707
0.30196080
0.29019609
0.26274511
0.25098041
0.25098041
0.23529412
0.36470589
0.38039216
0.32156864
0.30196080
0.28235295
0.25490198
0.31372550
0.34117648
0.31372550
0.34117648
0.23921569
0.26274511
0.29411766
0.30196080
0.27843139
0.28235295
0.32156864
0.30980393
0.30980393
0.29019609
0.28235295
0.29803923
0.20000000
0.21568628
0.25882354
0.24705882
0.23921569
0.22352941
0.18431373
0.22352941
0.27058825
0.27450982
0.32156864
0.29411766
0.27843139
0.28627452
0.26274511
0.25882354
0.32156864
0.32549021
0.29019609
0.32549021
0.21568628
0.23529412
0.22352941
0.18823530
0.16470589
0.23529412
0.27450982
0.29019609
0.31372550
0.28235295
0.27450982
0.32156864
0.22745098
0.22352941
0.26274511
0.25490198
0.20784314
0.17647059
0.17254902
0.25490198
0.30980393
0.31764707
0.30588236
0.20392157
0.26274511
0.28235295
0.25882354
0.27843139
0.32156864
0.29803923
0.27843139
0.29411766
0.25490198
0.23137255
0.17254902
0.15294118
0.07843138
0.17254902
0.24313726
0.32156864
0.32156864
0.27843139
0.24313726
0.28235295
0.32549021
0.28235295
0.29411766
0.29411766
0.19607843
0.17254902
0.16862746
0.25882354
0.32549021
0.37254903
0.27450982
0.15686275
0.32549021
0.32549021
0.29411766
0.29019609
0.29411766
0.27058825
0.27450982
0.26666668
0.36078432
0.38431373
0.29411766
0.21568628
0.18823530
0.24313726
0.29411766
0.31764707
0.24705882
0.23921569
0.20784314
0.17254902
0.32549021
0.29411766
0.28627452
0.31764707
0.25490198
0.24705882
0.21176471
0.25098041
0.36862746
0.40784314
0.13333334
0.13725491
0.30196080
0.32156864
0.31372550
0.30980393
0.31372550
0.29411766
0.30196080
0.30588236
0.34901962
0.38823530
0.35686275
0.35294119
0.35686275
0.36078432
0.36470589
0.29019609
0.24705882
0.27450982
0.29411766
0.27450982
0.32549021
0.32549021
0.32941177
0.37647060
0.35686275
0.33725491
0.23921569
0.28235295
0.38823530
0.38823530
0.12941177
0.09411765
0.28235295
0.30196080
0.27843139
0.29803923
0.33725491
0.36470589
0.35294119
0.33725491
0.23921569
0.25882354
0.25490198
0.27058825
0.32156864
0.36078432
0.32549021
0.27058825
0.29803923
0.30588236
0.30196080
0.27058825
0.27843139
0.30588236
0.29411766
0.36862746
0.39607844
0.30980393
0.14117648
0.24705882
0.32549021
0.33725491
0.29411766
0.16470589
0.23529412
0.27843139
0.30196080
0.24313726
0.20392157
0.27843139
0.32549021
0.28627452
0.19215687
0.15294118
0.14901961
0.15686275
0.20784314
0.27843139
0.25098041
0.23921569
0.26666668
0.24313726
0.27843139
0.22352941
0.20000000
0.31764707
0.25490198
0.29803923
0.38039216
0.24705882
0.17647059
0.27843139
0.30196080
0.27450982
0.36078432
0.16078432
0.15294118
0.21568628
0.23529412
0.21568628
0.15686275
0.20392157
0.28627452
0.26274511
0.10588235
0.07843138
0.19215687
0.24313726
0.24313726
0.22745098
0.23137255
0.23921569
0.23921569
0.18823530
0.18039216
0.15686275
0.17647059
0.40784314
0.33725491
0.29411766
0.33725491
0.25098041
0.25882354
0.27843139
0.23529412
0.29411766
0.37254903
0.12156863
0.22352941
0.24705882
0.20392157
0.18431373
0.23137255
0.30196080
0.31764707
0.30196080
0.07450981
0.11372549
0.25490198
0.29803923
0.30588236
0.26274511
0.23529412
0.23137255
0.20000000
0.14901961
0.12549020
0.18039216
0.23137255
0.37647060
0.27058825
0.32549021
0.29019609
0.21960784
0.24313726
0.26274511
0.29411766
0.38823530
0.19215687
0.14901961
0.23921569
0.26274511
0.21176471
0.18823530
0.29411766
0.33333334
0.27843139
0.29019609
0.16862746
0.21568628
0.26274511
0.25490198
0.27058825
0.21176471
0.20392157
0.23921569
0.20784314
0.21960784
0.21176471
0.25882354
0.25490198
0.33333334
0.31372550
0.30980393
0.27450982
0.22745098
0.25098041
0.27058825
0.33725491
0.22745098
0.09803922
0.16862746
0.22745098
0.23921569
0.24313726
0.28627452
0.31764707
0.28627452
0.25882354
0.23529412
0.19607843
0.23137255
0.23921569
0.25490198
0.26666668
0.22352941
0.23137255
0.29019609
0.26274511
0.25882354
0.27450982
0.30196080
0.28627452
0.29411766
0.38039216
0.32549021
0.29803923
0.23529412
0.25490198
0.29411766
0.29411766
0.18431373
0.15294118
0.13333334
0.23137255
0.29019609
0.27450982
0.25098041
0.27058825
0.27058825
0.24705882
0.21960784
0.20784314
0.20000000
0.23137255
0.27058825
0.27058825
0.26666668
0.27843139
0.29803923
0.28235295
0.27058825
0.28627452
0.28235295
0.23529412
0.23529412
0.37254903
0.35686275
0.37647060
0.30196080
0.29803923
0.31764707
0.25882354
0.17254902
0.09803922
0.09803922
0.20784314
0.29019609
0.24313726
0.21960784
0.28627452
0.27843139
0.24313726
0.21176471
0.23921569
0.27450982
0.25490198
0.24313726
0.27843139
0.30196080
0.29803923
0.29803923
0.28627452
0.25490198
0.27058825
0.26666668
0.25490198
0.29803923
0.34901962
0.34509805
0.38039216
0.36470589
0.32549021
0.34117648
0.30588236
0.20000000
0.18823530
0.21176471
0.26274511
0.28627452
0.27058825
0.22352941
0.22352941
0.27058825
0.25098041
0.21568628
0.27058825
0.30196080
0.27843139
0.24313726
0.24313726
0.24313726
0.26274511
0.27843139
0.28627452
0.27450982
0.27843139
0.29411766
0.29411766
0.31764707
0.29411766
0.25490198
0.20000000
0.26666668
0.33725491
0.34901962
0.37254903
0.35294119
0.33333334
0.29803923
0.31372550
0.32941177
0.28627452
0.18039216
0.04313726
0.07450981
0.17254902
0.21176471
0.29411766
0.30196080
0.26666668
0.26274511
0.24705882
0.22352941
0.23921569
0.25882354
0.29803923
0.29411766
0.27058825
0.29019609
0.29019609
0.25098041
0.21960784
0.23137255
0.20392157
0.20784314
0.27843139
0.27843139
0.30588236
0.32941177
0.29019609
0.25098041
0.27450982
0.30588236
0.25490198
0.16862746
0.11764706
0.11764706
0.18823530
0.23921569
0.26274511
0.27450982
0.26666668
0.25882354
0.24313726
0.25098041
0.26274511
0.27058825
0.30588236
0.28235295
0.27843139
0.27058825
0.28235295
0.25098041
0.21960784
0.28627452
0.28627452
0.27450982
0.26274511
0.24313726
0.21960784
0.25882354
0.27058825
0.25490198
0.28235295
0.29411766
0.25882354
0.19215687
0.23137255
0.26666668
0.20392157
0.23529412
0.26274511
0.27058825
0.25098041
0.24313726
0.22745098
0.23921569
0.26666668
0.28235295
0.27843139
0.26666668
0.28235295
0.22352941
0.25490198
0.28235295
0.26274511
0.26666668
0.27450982
0.29019609
0.28235295
0.25098041
0.20784314
0.22745098
0.28627452
0.28235295
0.31372550
0.31764707
0.26274511
0.22352941
0.24705882
0.26666668
0.25490198
0.27843139
1 0 0 0 -1 0 0 0 0 0 0
0 1 0 0 -1 0 0 0 0 0 0
0 0 1 0 -1 0 0 0 0 0 0
0 0 0 1 -1 0 0 0 0 0 0
0 0 0 0 -1 1 0 0 0 0 0
0 0 0 0 -1 0 1 0 0 0 0
0 0 0 0 -1 0 0 1 0 0 0
0 0 0 0 -1 0 0 0 1 0 0
0 0 0 0 -1 0 0 0 0 1 0
