1.00000000
0.98431373
0.98431373
0.97647059
0.98039216
0.98823529
0.98823529
0.97647059
0.56078434
0.20392157
0.19607843
0.30588236
0.41960785
0.39215687
0.41568628
0.70588237
0.79607844
0.88235295
0.80000001
0.79215688
0.81176472
0.82352942
0.81568629
0.78039217
0.83921570
0.84705883
0.74509805
0.72156864
0.76078433
0.82352942
0.83137256
0.81568629
0.97254902
0.96078432
0.95686275
0.95686275
0.96078432
0.97254902
0.98039216
0.96470588
0.48627451
0.16078432
0.33333334
0.50980395
0.41568628
0.34509805
0.29019609
0.54901963
0.76470590
0.88235295
0.79215688
0.78823531
0.80000001
0.79215688
0.78039217
0.76862746
0.73333335
0.67843139
0.77254903
0.84313726
0.85882354
0.83921570
0.80392158
0.76862746
0.96470588
0.95686275
0.95686275
0.96470588
0.97254902
0.97254902
0.97254902
0.97647059
0.72941178
0.34901962
0.29411766
0.41960785
0.45882353
0.49411765
0.56078434
0.71372551
0.84705883
0.91764706
0.76470590
0.77647060
0.77647060
0.76862746
0.77254903
0.76862746
0.76862746
0.73725492
0.75686276
0.83529413
0.85098040
0.84313726
0.73333335
0.61568630
0.91764706
0.95294118
0.95294118
0.96470588
0.97647059
0.98431373
0.98039216
0.98039216
0.94117647
0.72941178
0.37647060
0.43921569
0.60784316
0.69803923
0.74117649
0.84313726
0.90588236
0.91764706
0.74509805
0.75686276
0.76862746
0.76470590
0.72549021
0.73725492
0.76078433
0.76862746
0.72549021
0.72941178
0.81960785
0.82352942
0.76078433
0.69803923
0.88627452
0.96078432
0.96078432
0.97647059
0.94901961
0.89411765
0.91764706
0.79215688
0.72156864
0.75686276
0.62745100
0.69803923
0.80392158
0.81176472
0.81568629
0.87843138
0.89803922
0.91372550
0.74117649
0.75294119
0.76862746
0.75294119
0.62745100
0.60392159
0.66274512
0.72156864
0.75686276
0.71372551
0.71372551
0.79215688
0.78431374
0.76470590
0.85490197
0.98823529
0.99607843
0.92941177
0.78823531
0.64705884
0.66274512
0.58823532
0.40784314
0.52549022
0.64313728
0.67058825
0.83921570
0.86274511
0.84313726
0.88235295
0.87843138
0.79215688
0.71764708
0.75294119
0.76078433
0.76078433
0.67843139
0.62745100
0.60392159
0.63137257
0.71764708
0.74901962
0.70980394
0.74117649
0.76470590
0.74509805
0.86274511
0.98039216
0.92156863
0.83529413
0.82352942
0.67843139
0.60392159
0.40000001
0.31372550
0.36862746
0.43921569
0.68235296
0.82745099
0.70980394
0.81568629
0.88235295
0.85882354
0.65882355
0.68627453
0.75686276
0.76470590
0.70588237
0.69411767
0.73725492
0.71372551
0.65098041
0.61568630
0.69019610
0.70588237
0.65098041
0.70196080
0.73333335
0.94117647
0.96470588
0.86274511
0.88627452
0.83921570
0.62745100
0.59215689
0.36862746
0.34509805
0.39215687
0.48235294
0.77647060
0.82352942
0.54901963
0.72941178
0.84705883
0.83137256
0.72941178
0.69019610
0.75294119
0.76470590
0.70196080
0.62745100
0.62745100
0.69411767
0.69019610
0.67843139
0.61176473
0.67058825
0.58823532
0.66666669
0.72156864
0.92941177
0.98039216
0.92941177
0.90588236
0.84705883
0.68627453
0.57254905
0.39215687
0.34901962
0.36862746
0.45882353
0.76470590
0.83137256
0.58431375
0.67450982
0.76078433
0.77647060
0.76470590
0.67843139
0.75294119
0.76078433
0.76078433
0.73725492
0.68235296
0.64705884
0.63921571
0.68627453
0.66666669
0.66274512
0.56470591
0.64313728
0.69803923
0.90196079
0.95294118
0.93725491
0.92549020
0.94117647
0.79607844
0.54509807
0.61960787
0.45098040
0.36470589
0.47058824
0.71764708
0.82745099
0.61176473
0.63137257
0.69411767
0.70196080
0.61568630
0.64705884
0.74901962
0.76078433
0.75686276
0.75686276
0.74509805
0.68235296
0.66666669
0.64313728
0.62352943
0.64313728
0.56078434
0.65490198
0.70980394
0.86666667
0.92549020
0.93333334
0.91372550
0.91764706
0.75294119
0.50980395
0.69411767
0.48235294
0.38823530
0.44705883
0.46274510
0.70980394
0.60392159
0.56470591
0.65882355
0.65882355
0.54901963
0.63529414
0.75294119
0.75686276
0.75686276
0.72549021
0.63921571
0.64313728
0.65882355
0.70196080
0.67843139
0.62745100
0.48235294
0.51372552
0.52156866
0.87843138
0.90588236
0.94117647
0.92156863
0.87843138
0.69411767
0.47450981
0.68235296
0.47058824
0.37254903
0.34117648
0.32549021
0.54117650
0.59215689
0.52156866
0.64705884
0.62745100
0.57254905
0.61960787
0.74901962
0.75294119
0.74901962
0.72549021
0.63921571
0.59607846
0.60784316
0.59607846
0.64705884
0.59215689
0.23921569
0.19215687
0.19215687
0.83137256
0.82745099
0.86274511
0.87843138
0.82745099
0.67843139
0.41568628
0.50196081
0.39607844
0.36078432
0.40784314
0.38823530
0.58039218
0.71764708
0.69019610
0.63137257
0.59215689
0.56078434
0.56078434
0.73333335
0.74117649
0.73725492
0.73725492
0.72941178
0.70980394
0.68235296
0.63529414
0.64313728
0.59215689
0.20392157
0.37647060
0.25490198
0.68235296
0.59215689
0.64705884
0.80784315
0.73333335
0.69019610
0.44705883
0.40000001
0.50980395
0.51764709
0.59215689
0.65882355
0.73333335
0.76862746
0.79607844
0.61568630
0.52941179
0.48235294
0.53333336
0.72941178
0.73725492
0.73725492
0.70196080
0.62745100
0.63529414
0.66274512
0.64313728
0.66666669
0.61176473
0.23137255
0.60000002
0.33333334
0.52156866
0.58823532
0.49803922
0.62352943
0.65098041
0.73333335
0.72549021
0.69411767
0.69803923
0.60392159
0.70980394
0.72156864
0.72156864
0.75294119
0.78039217
0.58039218
0.45882353
0.45098040
0.53725493
0.73333335
0.73725492
0.73333335
0.70980394
0.65490198
0.63921571
0.64705884
0.60000002
0.63529414
0.58431375
0.20000000
0.41960785
0.25882354
0.65490198
0.78431374
0.62352943
0.74117649
0.81176472
0.76470590
0.75294119
0.73725492
0.73725492
0.73725492
0.74117649
0.67058825
0.65882355
0.74509805
0.77647060
0.57647061
0.45882353
0.45882353
0.52156866
0.73333335
0.73725492
0.73333335
0.72941178
0.72549021
0.71372551
0.69411767
0.67843139
0.65490198
0.54509807
0.17254902
0.13725491
0.15294118
0.76470590
0.86274511
0.86274511
0.88627452
0.85098040
0.73333335
0.72941178
0.74117649
0.74901962
0.75294119
0.74901962
0.74901962
0.71764708
0.71372551
0.73333335
0.54901963
0.46666667
0.43137255
0.50980395
0.72941178
0.73725492
0.73333335
0.72156864
0.71764708
0.70588237
0.68627453
0.67450982
0.64313728
0.51764709
0.17254902
0.14901961
0.15686275
0.73333335
0.80784315
0.84705883
0.84313726
0.82745099
0.72549021
0.73725492
0.74901962
0.74901962
0.74901962
0.76078433
0.74509805
0.70196080
0.67058825
0.67058825
0.49803922
0.44313726
0.38431373
0.49019608
0.70980394
0.72549021
0.71372551
0.69803923
0.68627453
0.64705884
0.59215689
0.52941179
0.45882353
0.32156864
0.12941177
0.12549020
0.13333334
0.69411767
0.72941178
0.81568629
0.80000001
0.72549021
0.68235296
0.73725492
0.74509805
0.74901962
0.74901962
0.76078433
0.69803923
0.69019610
0.63921571
0.60392159
0.44705883
0.32941177
0.39607844
0.52549022
0.65490198
0.63921571
0.59607846
0.53725493
0.46274510
0.38039216
0.28627452
0.19607843
0.13333334
0.11372549
0.20000000
0.22745098
0.20784314
0.52156866
0.58039218
0.78823531
0.74901962
0.43137255
0.57254905
0.74509805
0.74509805
0.74901962
0.76078433
0.62745100
0.45882353
0.44313726
0.41176471
0.35294119
0.26666668
0.19607843
0.32941177
0.43137255
0.41568628
0.31764707
0.25490198
0.17647059
0.10196079
0.06666667
0.06666667
0.09019608
0.09803922
0.18431373
0.44705883
0.53725493
0.54117650
0.43921569
0.34901962
0.64705884
0.74509805
0.40392157
0.54117650
0.74509805
0.75294119
0.74901962
0.66666669
0.39215687
0.25098041
0.18039216
0.12941177
0.09019608
0.07843138
0.06274510
0.10196079
0.10196079
0.06666667
0.04705882
0.07450981
0.05882353
0.03921569
0.05490196
0.09803922
0.15686275
0.13333334
0.21176471
0.47843137
0.58823532
0.61568630
0.49411765
0.31764707
0.54901963
0.68235296
0.53725493
0.58431375
0.61176473
0.54901963
0.71372551
0.45882353
0.21960784
0.10588235
0.07450981
0.05098039
0.04313726
0.05490196
0.05882353
0.09019608
0.11372549
0.11764706
0.10196079
0.14509805
0.09411765
0.05098039
0.06274510
0.09411765
0.29411766
0.18431373
0.22352941
0.47450981
0.56078434
0.59215689
0.63921571
0.40392157
0.47450981
0.70588237
0.68627453
0.64705884
0.63921571
0.59215689
0.59607846
0.27843139
0.10980392
0.09411765
0.09803922
0.09411765
0.06274510
0.06274510
0.05882353
0.11764706
0.16862746
0.15686275
0.10980392
0.13725491
0.08627451
0.07058824
0.05882353
0.09411765
0.41176471
0.23529412
0.26274511
0.38823530
0.45490196
0.45882353
0.60392159
0.63529414
0.56078434
0.50980395
0.49019608
0.42745098
0.36470589
0.29411766
0.21568628
0.15294118
0.10196079
0.10588235
0.12549020
0.10980392
0.09019608
0.07058824
0.05490196
0.09411765
0.13333334
0.12156863
0.09803922
0.10196079
0.07450981
0.06666667
0.05882353
0.07843138
0.21176471
0.21960784
0.31372550
0.37647060
0.39607844
0.38431373
0.66274512
0.56078434
0.72549021
0.74901962
0.66274512
0.31372550
0.05882353
0.09019608
0.14117648
0.13333334
0.10980392
0.13725491
0.39215687
0.23529412
0.09803922
0.07843138
0.06274510
0.09019608
0.12156863
0.13333334
0.13333334
0.14509805
0.12549020
0.08627451
0.06666667
0.06274510
0.08627451
0.16862746
0.22745098
0.28235295
0.32156864
0.36862746
0.60784316
0.65098041
0.68235296
0.80784315
0.80392158
0.40000001
0.21960784
0.28235295
0.21960784
0.12549020
0.11372549
0.42352942
0.57254905
0.37647060
0.13725491
0.09411765
0.09411765
0.12941177
0.13725491
0.16470589
0.18039216
0.20392157
0.23529412
0.22745098
0.21176471
0.20784314
0.21176471
0.17647059
0.16078432
0.17647059
0.20784314
0.23529412
0.49019608
0.61176473
0.64705884
0.72549021
0.72549021
0.36470589
0.14509805
0.14901961
0.10588235
0.11372549
0.14509805
0.66666669
0.41960785
0.29411766
0.17647059
0.10196079
0.12156863
0.13333334
0.14901961
0.18823530
0.23529412
0.27058825
0.30588236
0.34509805
0.38431373
0.40392157
0.38823530
0.29411766
0.24313726
0.21960784
0.20784314
0.17647059
0.49019608
0.41960785
0.55686277
0.76078433
0.77647060
0.43529412
0.02745098
0.05882353
0.07058824
0.11372549
0.13333334
0.41568628
0.27843139
0.27450982
0.17254902
0.10588235
0.13333334
0.16078432
0.21568628
0.26666668
0.31372550
0.34901962
0.38039216
0.39607844
0.40784314
0.42352942
0.43137255
0.43137255
0.41960785
0.40784314
0.41568628
0.34117648
0.45098040
0.39215687
0.36078432
0.54509807
0.69019610
0.45490196
0.09019608
0.13725491
0.15686275
0.11372549
0.12156863
0.32549021
0.36078432
0.34117648
0.13725491
0.14509805
0.19215687
0.23529412
0.27843139
0.32941177
0.38039216
0.40392157
0.41960785
0.43137255
0.44705883
0.45098040
0.44705883
0.45490196
0.45882353
0.46666667
0.47058824
0.50196081
0.45098040
0.42745098
0.38431373
0.31764707
0.28627452
0.26666668
0.27058825
0.26274511
0.21568628
0.11764706
0.10980392
0.20784314
0.31764707
0.23921569
0.12941177
0.20784314
0.24705882
0.29803923
0.33725491
0.31764707
0.36470589
0.41960785
0.44705883
0.45882353
0.47058824
0.47843137
0.47843137
0.47450981
0.45490196
0.44705883
0.45490196
0.47450981
0.45098040
0.42745098
0.37254903
0.30588236
0.23529412
0.21960784
0.22745098
0.16470589
0.11764706
0.12549020
0.10588235
0.13333334
0.18431373
0.11764706
0.20784314
0.30980393
0.32941177
0.34509805
0.34509805
0.34901962
0.34901962
0.39215687
0.44313726
0.47058824
0.47843137
0.48627451
0.48627451
0.48627451
0.47843137
0.46666667
0.45882353
0.46274510
0.43529412
0.42745098
0.38431373
0.32941177
0.27843139
0.24313726
0.20784314
0.18823530
0.16470589
0.14509805
0.11764706
0.09019608
0.09411765
0.19215687
0.34509805
0.40784314
0.41176471
0.40784314
0.38431373
0.39215687
0.38039216
0.41176471
0.44705883
0.45882353
0.47450981
0.48627451
0.47843137
0.47450981
0.48235294
0.48235294
0.47058824
0.46274510
1.00000000
0.98431373
0.98431373
0.97647059
0.98039216
0.98823529
0.98823529
0.97647059
0.56078434
0.20392157
0.19607843
0.30588236
0.41960785
0.39215687
0.41568628
0.70588237
0.79607844
0.88235295
0.80000001
0.79215688
0.81176472
0.82352942
0.81568629
0.78039217
0.83921570
0.84705883
0.74509805
0.72156864
0.76078433
0.82352942
0.83137256
0.81568629
0.97254902
0.96078432
0.95686275
0.95686275
0.96078432
0.97254902
0.98039216
0.96470588
0.48627451
0.16078432
0.33333334
0.50980395
0.41568628
0.34509805
0.29019609
0.54901963
0.76470590
0.88235295
0.79215688
0.78823531
0.80000001
0.79215688
0.78039217
0.76862746
0.73333335
0.67843139
0.77254903
0.84313726
0.85882354
0.83921570
0.80392158
0.76862746
0.96470588
0.95686275
0.95686275
0.96470588
0.97254902
0.97254902
0.97254902
0.97647059
0.72941178
0.34901962
0.29411766
0.41960785
0.45882353
0.49411765
0.56078434
0.71372551
0.84705883
0.91764706
0.76470590
0.77647060
0.77647060
0.76862746
0.77254903
0.76862746
0.76862746
0.73725492
0.75686276
0.83529413
0.85098040
0.84313726
0.73333335
0.61568630
0.91764706
0.95294118
0.95294118
0.96470588
0.97647059
0.98431373
0.98039216
0.98039216
0.94117647
0.72941178
0.37647060
0.43921569
0.60784316
0.69803923
0.74117649
0.84313726
0.90588236
0.91764706
0.74509805
0.75686276
0.76862746
0.76470590
0.72549021
0.73725492
0.76078433
0.76862746
0.72549021
0.72941178
0.81960785
0.82352942
0.76078433
0.69803923
0.88627452
0.96078432
0.96078432
0.97647059
0.94901961
0.89411765
0.91764706
0.79215688
0.72156864
0.75686276
0.62745100
0.69803923
0.80392158
0.81176472
0.81568629
0.87843138
0.89803922
0.91372550
0.74117649
0.75294119
0.76862746
0.75294119
0.62745100
0.60392159
0.66274512
0.72156864
0.75686276
0.71372551
0.71372551
0.79215688
0.78431374
0.76470590
0.85490197
0.98823529
0.99607843
0.92941177
0.78823531
0.64705884
0.66274512
0.58823532
0.40784314
0.52549022
0.64313728
0.67058825
0.83921570
0.86274511
0.84313726
0.88235295
0.87843138
0.79215688
0.71764708
0.75294119
0.76078433
0.76078433
0.67843139
0.62745100
0.60392159
0.63137257
0.71764708
0.74901962
0.70980394
0.74117649
0.76470590
0.74509805
0.86274511
0.98039216
0.92156863
0.83529413
0.82352942
0.67843139
0.60392159
0.40000001
0.31372550
0.36862746
0.43921569
0.68235296
0.82745099
0.70980394
0.81568629
0.88235295
0.85882354
0.65882355
0.68627453
0.75686276
0.76470590
0.70588237
0.69411767
0.73725492
0.71372551
0.65098041
0.61568630
0.69019610
0.70588237
0.65098041
0.70196080
0.73333335
0.94117647
0.96470588
0.86274511
0.88627452
0.83921570
0.62745100
0.59215689
0.36862746
0.34509805
0.39215687
0.48235294
0.77647060
0.82352942
0.54901963
0.72941178
0.84705883
0.83137256
0.72941178
0.69019610
0.75294119
0.76470590
0.70196080
0.62745100
0.62745100
0.69411767
0.69019610
0.67843139
0.61176473
0.67058825
0.58823532
0.66666669
0.72156864
0.92941177
0.98039216
0.92941177
0.90588236
0.84705883
0.68627453
0.57254905
0.39215687
0.34901962
0.36862746
0.45882353
0.76470590
0.83137256
0.58431375
0.67450982
0.76078433
0.77647060
0.76470590
0.67843139
0.75294119
0.76078433
0.76078433
0.73725492
0.68235296
0.64705884
0.63921571
0.68627453
0.66666669
0.66274512
0.56470591
0.64313728
0.69803923
0.90196079
0.95294118
0.93725491
0.92549020
0.94117647
0.79607844
0.54509807
0.61960787
0.45098040
0.36470589
0.47058824
0.71764708
0.82745099
0.61176473
0.63137257
0.69411767
0.70196080
0.61568630
0.64705884
0.74901962
0.76078433
0.75686276
0.75686276
0.74509805
0.68235296
0.66666669
0.64313728
0.62352943
0.64313728
0.56078434
0.65490198
0.70980394
0.86666667
0.92549020
0.93333334
0.91372550
0.91764706
0.75294119
0.50980395
0.69411767
0.48235294
0.38823530
0.44705883
0.46274510
0.70980394
0.60392159
0.56470591
0.65882355
0.65882355
0.54901963
0.63529414
0.75294119
0.75686276
0.75686276
0.72549021
0.63921571
0.64313728
0.65882355
0.70196080
0.67843139
0.62745100
0.48235294
0.51372552
0.52156866
0.87843138
0.90588236
0.94117647
0.92156863
0.87843138
0.69411767
0.47450981
0.68235296
0.47058824
0.37254903
0.34117648
0.32549021
0.54117650
0.59215689
0.52156866
0.64705884
0.62745100
0.57254905
0.61960787
0.74901962
0.75294119
0.74901962
0.72549021
0.63921571
0.59607846
0.60784316
0.59607846
0.64705884
0.59215689
0.23921569
0.19215687
0.19215687
0.83137256
0.82745099
0.86274511
0.87843138
0.82745099
0.67843139
0.41568628
0.50196081
0.39607844
0.36078432
0.40784314
0.38823530
0.58039218
0.71764708
0.69019610
0.63137257
0.59215689
0.56078434
0.56078434
0.73333335
0.74117649
0.73725492
0.73725492
0.72941178
0.70980394
0.68235296
0.63529414
0.64313728
0.59215689
0.20392157
0.37647060
0.25490198
0.68235296
0.59215689
0.64705884
0.80784315
0.73333335
0.69019610
0.44705883
0.40000001
0.50980395
0.51764709
0.59215689
0.65882355
0.73333335
0.76862746
0.79607844
0.61568630
0.52941179
0.48235294
0.53333336
0.72941178
0.73725492
0.73725492
0.70196080
0.62745100
0.63529414
0.66274512
0.64313728
0.66666669
0.61176473
0.23137255
0.60000002
0.33333334
0.52156866
0.58823532
0.49803922
0.62352943
0.65098041
0.73333335
0.72549021
0.69411767
0.69803923
0.60392159
0.70980394
0.72156864
0.72156864
0.75294119
0.78039217
0.58039218
0.45882353
0.45098040
0.53725493
0.73333335
0.73725492
0.73333335
0.70980394
0.65490198
0.63921571
0.64705884
0.60000002
0.63529414
0.58431375
0.20000000
0.41960785
0.25882354
0.65490198
0.78431374
0.62352943
0.74117649
0.81176472
0.76470590
0.75294119
0.73725492
0.73725492
0.73725492
0.74117649
0.67058825
0.65882355
0.74509805
0.77647060
0.57647061
0.45882353
0.45882353
0.52156866
0.73333335
0.73725492
0.73333335
0.72941178
0.72549021
0.71372551
0.69411767
0.67843139
0.65490198
0.54509807
0.17254902
0.13725491
0.15294118
0.76470590
0.86274511
0.86274511
0.88627452
0.85098040
0.73333335
0.72941178
0.74117649
0.74901962
0.75294119
0.74901962
0.74901962
0.71764708
0.71372551
0.73333335
0.54901963
0.46666667
0.43137255
0.50980395
0.72941178
0.73725492
0.73333335
0.72156864
0.71764708
0.70588237
0.68627453
0.67450982
0.64313728
0.51764709
0.17254902
0.14901961
0.15686275
0.73333335
0.80784315
0.84705883
0.84313726
0.82745099
0.72549021
0.73725492
0.74901962
0.74901962
0.74901962
0.76078433
0.74509805
0.70196080
0.67058825
0.67058825
0.49803922
0.44313726
0.38431373
0.49019608
0.70980394
0.72549021
0.71372551
0.69803923
0.68627453
0.64705884
0.59215689
0.52941179
0.45882353
0.32156864
0.12941177
0.12549020
0.13333334
0.69411767
0.72941178
0.81568629
0.80000001
0.72549021
0.68235296
0.73725492
0.74509805
0.74901962
0.74901962
0.76078433
0.69803923
0.69019610
0.63921571
0.60392159
0.44705883
0.32941177
0.39607844
0.52549022
0.65490198
0.63921571
0.59607846
0.53725493
0.46274510
0.38039216
0.28627452
0.19607843
0.13333334
0.11372549
0.20000000
0.22745098
0.20784314
0.52156866
0.58039218
0.78823531
0.74901962
0.43137255
0.57254905
0.74509805
0.74509805
0.74901962
0.76078433
0.62745100
0.45882353
0.44313726
0.41176471
0.35294119
0.26666668
0.19607843
0.32941177
0.43137255
0.41568628
0.31764707
0.25490198
0.17647059
0.10196079
0.06666667
0.06666667
0.09019608
0.09803922
0.18431373
0.44705883
0.53725493
0.54117650
0.43921569
0.34901962
0.64705884
0.74509805
0.40392157
0.54117650
0.74509805
0.75294119
0.74901962
0.66666669
0.39215687
0.25098041
0.18039216
0.12941177
0.09019608
0.07843138
0.06274510
0.10196079
0.10196079
0.06666667
0.04705882
0.07450981
0.05882353
0.03921569
0.05490196
0.09803922
0.15686275
0.13333334
0.21176471
0.47843137
0.58823532
0.61568630
0.49411765
0.31764707
0.54901963
0.68235296
0.53725493
0.58431375
0.61176473
0.54901963
0.71372551
0.45882353
0.21960784
0.10588235
0.07450981
0.05098039
0.04313726
0.05490196
0.05882353
0.09019608
0.11372549
0.11764706
0.10196079
0.14509805
0.09411765
0.05098039
0.06274510
0.09411765
0.29411766
0.18431373
0.22352941
0.47450981
0.56078434
0.59215689
0.63921571
0.40392157
0.47450981
0.70588237
0.68627453
0.64705884
0.63921571
0.59215689
0.59607846
0.27843139
0.10980392
0.09411765
0.09803922
0.09411765
0.06274510
0.06274510
0.05882353
0.11764706
0.16862746
0.15686275
0.10980392
0.13725491
0.08627451
0.07058824
0.05882353
0.09411765
0.41176471
0.23529412
0.26274511
0.38823530
0.45490196
0.45882353
0.60392159
0.63529414
0.56078434
0.50980395
0.49019608
0.42745098
0.36470589
0.29411766
0.21568628
0.15294118
0.10196079
0.10588235
0.12549020
0.10980392
0.09019608
0.07058824
0.05490196
0.09411765
0.13333334
0.12156863
0.09803922
0.10196079
0.07450981
0.06666667
0.05882353
0.07843138
0.21176471
0.21960784
0.31372550
0.37647060
0.39607844
0.38431373
0.66274512
0.56078434
0.72549021
0.74901962
0.66274512
0.31372550
0.05882353
0.09019608
0.14117648
0.13333334
0.10980392
0.13725491
0.39215687
0.23529412
0.09803922
0.07843138
0.06274510
0.09019608
0.12156863
0.13333334
0.13333334
0.14509805
0.12549020
0.08627451
0.06666667
0.06274510
0.08627451
0.16862746
0.22745098
0.28235295
0.32156864
0.36862746
0.60784316
0.65098041
0.68235296
0.80784315
0.80392158
0.40000001
0.21960784
0.28235295
0.21960784
0.12549020
0.11372549
0.42352942
0.57254905
0.37647060
0.13725491
0.09411765
0.09411765
0.12941177
0.13725491
0.16470589
0.18039216
0.20392157
0.23529412
0.22745098
0.21176471
0.20784314
0.21176471
0.17647059
0.16078432
0.17647059
0.20784314
0.23529412
0.49019608
0.61176473
0.64705884
0.72549021
0.72549021
0.36470589
0.14509805
0.14901961
0.10588235
0.11372549
0.14509805
0.66666669
0.41960785
0.29411766
0.17647059
0.10196079
0.12156863
0.13333334
0.14901961
0.18823530
0.23529412
0.27058825
0.30588236
0.34509805
0.38431373
0.40392157
0.38823530
0.29411766
0.24313726
0.21960784
0.20784314
0.17647059
0.49019608
0.41960785
0.55686277
0.76078433
0.77647060
0.43529412
0.02745098
0.05882353
0.07058824
0.11372549
0.13333334
0.41568628
0.27843139
0.27450982
0.17254902
0.10588235
0.13333334
0.16078432
0.21568628
0.26666668
0.31372550
0.34901962
0.38039216
0.39607844
0.40784314
0.42352942
0.43137255
0.43137255
0.41960785
0.40784314
0.41568628
0.34117648
0.45098040
0.39215687
0.36078432
0.54509807
0.69019610
0.45490196
0.09019608
0.13725491
0.15686275
0.11372549
0.12156863
0.32549021
0.36078432
0.34117648
0.13725491
0.14509805
0.19215687
0.23529412
0.27843139
0.32941177
0.38039216
0.40392157
0.41960785
0.43137255
0.44705883
0.45098040
0.44705883
0.45490196
0.45882353
0.46666667
0.47058824
0.50196081
0.45098040
0.42745098
0.38431373
0.31764707
0.28627452
0.26666668
0.27058825
0.26274511
0.21568628
0.11764706
0.10980392
0.20784314
0.31764707
0.23921569
0.12941177
0.20784314
0.24705882
0.29803923
0.33725491
0.31764707
0.36470589
0.41960785
0.44705883
0.45882353
0.47058824
0.47843137
0.47843137
0.47450981
0.45490196
0.44705883
0.45490196
0.47450981
0.45098040
0.42745098
0.37254903
0.30588236
0.23529412
0.21960784
0.22745098
0.16470589
0.11764706
0.12549020
0.10588235
0.13333334
0.18431373
0.11764706
0.20784314
0.30980393
0.32941177
0.34509805
0.34509805
0.34901962
0.34901962
0.39215687
0.44313726
0.47058824
0.47843137
0.48627451
0.48627451
0.48627451
0.47843137
0.46666667
0.45882353
0.46274510
0.43529412
0.42745098
0.38431373
0.32941177
0.27843139
0.24313726
0.20784314
0.18823530
0.16470589
0.14509805
0.11764706
0.09019608
0.09411765
0.19215687
0.34509805
0.40784314
0.41176471
0.40784314
0.38431373
0.39215687
0.38039216
0.41176471
0.44705883
0.45882353
0.47450981
0.48627451
0.47843137
0.47450981
0.48235294
0.48235294
0.47058824
0.46274510
1.00000000
0.98431373
0.98431373
0.97647059
0.98039216
0.98823529
0.98823529
0.97647059
0.56078434
0.20392157
0.19607843
0.30588236
0.41960785
0.39215687
0.41568628
0.70588237
0.79607844
0.88235295
0.80000001
0.79215688
0.81176472
0.82352942
0.81568629
0.78039217
0.83921570
0.84705883
0.74509805
0.72156864
0.76078433
0.82352942
0.83137256
0.81568629
0.97254902
0.96078432
0.95686275
0.95686275
0.96078432
0.97254902
0.98039216
0.96470588
0.48627451
0.16078432
0.33333334
0.50980395
0.41568628
0.34509805
0.29019609
0.54901963
0.76470590
0.88235295
0.79215688
0.78823531
0.80000001
0.79215688
0.78039217
0.76862746
0.73333335
0.67843139
0.77254903
0.84313726
0.85882354
0.83921570
0.80392158
0.76862746
0.96470588
0.95686275
0.95686275
0.96470588
0.97254902
0.97254902
0.97254902
0.97647059
0.72941178
0.34901962
0.29411766
0.41960785
0.45882353
0.49411765
0.56078434
0.71372551
0.84705883
0.91764706
0.76470590
0.77647060
0.77647060
0.76862746
0.77254903
0.76862746
0.76862746
0.73725492
0.75686276
0.83529413
0.85098040
0.84313726
0.73333335
0.61568630
0.91764706
0.95294118
0.95294118
0.96470588
0.97647059
0.98431373
0.98039216
0.98039216
0.94117647
0.72941178
0.37647060
0.43921569
0.60784316
0.69803923
0.74117649
0.84313726
0.90588236
0.91764706
0.74509805
0.75686276
0.76862746
0.76470590
0.72549021
0.73725492
0.76078433
0.76862746
0.72549021
0.72941178
0.81960785
0.82352942
0.76078433
0.69803923
0.88627452
0.96078432
0.96078432
0.97647059
0.94901961
0.89411765
0.91764706
0.79215688
0.72156864
0.75686276
0.62745100
0.69803923
0.80392158
0.81176472
0.81568629
0.87843138
0.89803922
0.91372550
0.74117649
0.75294119
0.76862746
0.75294119
0.62745100
0.60392159
0.66274512
0.72156864
0.75686276
0.71372551
0.71372551
0.79215688
0.78431374
0.76470590
0.85490197
0.98823529
0.99607843
0.92941177
0.78823531
0.64705884
0.66274512
0.58823532
0.40784314
0.52549022
0.64313728
0.67058825
0.83921570
0.86274511
0.84313726
0.88235295
0.87843138
0.79215688
0.71764708
0.75294119
0.76078433
0.76078433
0.67843139
0.62745100
0.60392159
0.63137257
0.71764708
0.74901962
0.70980394
0.74117649
0.76470590
0.74509805
0.86274511
0.98039216
0.92156863
0.83529413
0.82352942
0.67843139
0.60392159
0.40000001
0.31372550
0.36862746
0.43921569
0.68235296
0.82745099
0.70980394
0.81568629
0.88235295
0.85882354
0.65882355
0.68627453
0.75686276
0.76470590
0.70588237
0.69411767
0.73725492
0.71372551
0.65098041
0.61568630
0.69019610
0.70588237
0.65098041
0.70196080
0.73333335
0.94117647
0.96470588
0.86274511
0.88627452
0.83921570
0.62745100
0.59215689
0.36862746
0.34509805
0.39215687
0.48235294
0.77647060
0.82352942
0.54901963
0.72941178
0.84705883
0.83137256
0.72941178
0.69019610
0.75294119
0.76470590
0.70196080
0.62745100
0.62745100
0.69411767
0.69019610
0.67843139
0.61176473
0.67058825
0.58823532
0.66666669
0.72156864
0.92941177
0.98039216
0.92941177
0.90588236
0.84705883
0.68627453
0.57254905
0.39215687
0.34901962
0.36862746
0.45882353
0.76470590
0.83137256
0.58431375
0.67450982
0.76078433
0.77647060
0.76470590
0.67843139
0.75294119
0.76078433
0.76078433
0.73725492
0.68235296
0.64705884
0.63921571
0.68627453
0.66666669
0.66274512
0.56470591
0.64313728
0.69803923
0.90196079
0.95294118
0.93725491
0.92549020
0.94117647
0.79607844
0.54509807
0.61960787
0.45098040
0.36470589
0.47058824
0.71764708
0.82745099
0.61176473
0.63137257
0.69411767
0.70196080
0.61568630
0.64705884
0.74901962
0.76078433
0.75686276
0.75686276
0.74509805
0.68235296
0.66666669
0.64313728
0.62352943
0.64313728
0.56078434
0.65490198
0.70980394
0.86666667
0.92549020
0.93333334
0.91372550
0.91764706
0.75294119
0.50980395
0.69411767
0.48235294
0.38823530
0.44705883
0.46274510
0.70980394
0.60392159
0.56470591
0.65882355
0.65882355
0.54901963
0.63529414
0.75294119
0.75686276
0.75686276
0.72549021
0.63921571
0.64313728
0.65882355
0.70196080
0.67843139
0.62745100
0.48235294
0.51372552
0.52156866
0.87843138
0.90588236
0.94117647
0.92156863
0.87843138
0.69411767
0.47450981
0.68235296
0.47058824
0.37254903
0.34117648
0.32549021
0.54117650
0.59215689
0.52156866
0.64705884
0.62745100
0.57254905
0.61960787
0.74901962
0.75294119
0.74901962
0.72549021
0.63921571
0.59607846
0.60784316
0.59607846
0.64705884
0.59215689
0.23921569
0.19215687
0.19215687
0.83137256
0.82745099
0.86274511
0.87843138
0.82745099
0.67843139
0.41568628
0.50196081
0.39607844
0.36078432
0.40784314
0.38823530
0.58039218
0.71764708
0.69019610
0.63137257
0.59215689
0.56078434
0.56078434
0.73333335
0.74117649
0.73725492
0.73725492
0.72941178
0.70980394
0.68235296
0.63529414
0.64313728
0.59215689
0.20392157
0.37647060
0.25490198
0.68235296
0.59215689
0.64705884
0.80784315
0.73333335
0.69019610
0.44705883
0.40000001
0.50980395
0.51764709
0.59215689
0.65882355
0.73333335
0.76862746
0.79607844
0.61568630
0.52941179
0.48235294
0.53333336
0.72941178
0.73725492
0.73725492
0.70196080
0.62745100
0.63529414
0.66274512
0.64313728
0.66666669
0.61176473
0.23137255
0.60000002
0.33333334
0.52156866
0.58823532
0.49803922
0.62352943
0.65098041
0.73333335
0.72549021
0.69411767
0.69803923
0.60392159
0.70980394
0.72156864
0.72156864
0.75294119
0.78039217
0.58039218
0.45882353
0.45098040
0.53725493
0.73333335
0.73725492
0.73333335
0.70980394
0.65490198
0.63921571
0.64705884
0.60000002
0.63529414
0.58431375
0.20000000
0.41960785
0.25882354
0.65490198
0.78431374
0.62352943
0.74117649
0.81176472
0.76470590
0.75294119
0.73725492
0.73725492
0.73725492
0.74117649
0.67058825
0.65882355
0.74509805
0.77647060
0.57647061
0.45882353
0.45882353
0.52156866
0.73333335
0.73725492
0.73333335
0.72941178
0.72549021
0.71372551
0.69411767
0.67843139
0.65490198
0.54509807
0.17254902
0.13725491
0.15294118
0.76470590
0.86274511
0.86274511
0.88627452
0.85098040
0.73333335
0.72941178
0.74117649
0.74901962
0.75294119
0.74901962
0.74901962
0.71764708
0.71372551
0.73333335
0.54901963
0.46666667
0.43137255
0.50980395
0.72941178
0.73725492
0.73333335
0.72156864
0.71764708
0.70588237
0.68627453
0.67450982
0.64313728
0.51764709
0.17254902
0.14901961
0.15686275
0.73333335
0.80784315
0.84705883
0.84313726
0.82745099
0.72549021
0.73725492
0.74901962
0.74901962
0.74901962
0.76078433
0.74509805
0.70196080
0.67058825
0.67058825
0.49803922
0.44313726
0.38431373
0.49019608
0.70980394
0.72549021
0.71372551
0.69803923
0.68627453
0.64705884
0.59215689
0.52941179
0.45882353
0.32156864
0.12941177
0.12549020
0.13333334
0.69411767
0.72941178
0.81568629
0.80000001
0.72549021
0.68235296
0.73725492
0.74509805
0.74901962
0.74901962
0.76078433
0.69803923
0.69019610
0.63921571
0.60392159
0.44705883
0.32941177
0.39607844
0.52549022
0.65490198
0.63921571
0.59607846
0.53725493
0.46274510
0.38039216
0.28627452
0.19607843
0.13333334
0.11372549
0.20000000
0.22745098
0.20784314
0.52156866
0.58039218
0.78823531
0.74901962
0.43137255
0.57254905
0.74509805
0.74509805
0.74901962
0.76078433
0.62745100
0.45882353
0.44313726
0.41176471
0.35294119
0.26666668
0.19607843
0.32941177
0.43137255
0.41568628
0.31764707
0.25490198
0.17647059
0.10196079
0.06666667
0.06666667
0.09019608
0.09803922
0.18431373
0.44705883
0.53725493
0.54117650
0.43921569
0.34901962
0.64705884
0.74509805
0.40392157
0.54117650
0.74509805
0.75294119
0.74901962
0.66666669
0.39215687
0.25098041
0.18039216
0.12941177
0.09019608
0.07843138
0.06274510
0.10196079
0.10196079
0.06666667
0.04705882
0.07450981
0.05882353
0.03921569
0.05490196
0.09803922
0.15686275
0.13333334
0.21176471
0.47843137
0.58823532
0.61568630
0.49411765
0.31764707
0.54901963
0.68235296
0.53725493
0.58431375
0.61176473
0.54901963
0.71372551
0.45882353
0.21960784
0.10588235
0.07450981
0.05098039
0.04313726
0.05490196
0.05882353
0.09019608
0.11372549
0.11764706
0.10196079
0.14509805
0.09411765
0.05098039
0.06274510
0.09411765
0.29411766
0.18431373
0.22352941
0.47450981
0.56078434
0.59215689
0.63921571
0.40392157
0.47450981
0.70588237
0.68627453
0.64705884
0.63921571
0.59215689
0.59607846
0.27843139
0.10980392
0.09411765
0.09803922
0.09411765
0.06274510
0.06274510
0.05882353
0.11764706
0.16862746
0.15686275
0.10980392
0.13725491
0.08627451
0.07058824
0.05882353
0.09411765
0.41176471
0.23529412
0.26274511
0.38823530
0.45490196
0.45882353
0.60392159
0.63529414
0.56078434
0.50980395
0.49019608
0.42745098
0.36470589
0.29411766
0.21568628
0.15294118
0.10196079
0.10588235
0.12549020
0.10980392
0.09019608
0.07058824
0.05490196
0.09411765
0.13333334
0.12156863
0.09803922
0.10196079
0.07450981
0.06666667
0.05882353
0.07843138
0.21176471
0.21960784
0.31372550
0.37647060
0.39607844
0.38431373
0.66274512
0.56078434
0.72549021
0.74901962
0.66274512
0.31372550
0.05882353
0.09019608
0.14117648
0.13333334
0.10980392
0.13725491
0.39215687
0.23529412
0.09803922
0.07843138
0.06274510
0.09019608
0.12156863
0.13333334
0.13333334
0.14509805
0.12549020
0.08627451
0.06666667
0.06274510
0.08627451
0.16862746
0.22745098
0.28235295
0.32156864
0.36862746
0.60784316
0.65098041
0.68235296
0.80784315
0.80392158
0.40000001
0.21960784
0.28235295
0.21960784
0.12549020
0.11372549
0.42352942
0.57254905
0.37647060
0.13725491
0.09411765
0.09411765
0.12941177
0.13725491
0.16470589
0.18039216
0.20392157
0.23529412
0.22745098
0.21176471
0.20784314
0.21176471
0.17647059
0.16078432
0.17647059
0.20784314
0.23529412
0.49019608
0.61176473
0.64705884
0.72549021
0.72549021
0.36470589
0.14509805
0.14901961
0.10588235
0.11372549
0.14509805
0.66666669
0.41960785
0.29411766
0.17647059
0.10196079
0.12156863
0.13333334
0.14901961
0.18823530
0.23529412
0.27058825
0.30588236
0.34509805
0.38431373
0.40392157
0.38823530
0.29411766
0.24313726
0.21960784
0.20784314
0.17647059
0.49019608
0.41960785
0.55686277
0.76078433
0.77647060
0.43529412
0.02745098
0.05882353
0.07058824
0.11372549
0.13333334
0.41568628
0.27843139
0.27450982
0.17254902
0.10588235
0.13333334
0.16078432
0.21568628
0.26666668
0.31372550
0.34901962
0.38039216
0.39607844
0.40784314
0.42352942
0.43137255
0.43137255
0.41960785
0.40784314
0.41568628
0.34117648
0.45098040
0.39215687
0.36078432
0.54509807
0.69019610
0.45490196
0.09019608
0.13725491
0.15686275
0.11372549
0.12156863
0.32549021
0.36078432
0.34117648
0.13725491
0.14509805
0.19215687
0.23529412
0.27843139
0.32941177
0.38039216
0.40392157
0.41960785
0.43137255
0.44705883
0.45098040
0.44705883
0.45490196
0.45882353
0.46666667
0.47058824
0.50196081
0.45098040
0.42745098
0.38431373
0.31764707
0.28627452
0.26666668
0.27058825
0.26274511
0.21568628
0.11764706
0.10980392
0.20784314
0.31764707
0.23921569
0.12941177
0.20784314
0.24705882
0.29803923
0.33725491
0.31764707
0.36470589
0.41960785
0.44705883
0.45882353
0.47058824
0.47843137
0.47843137
0.47450981
0.45490196
0.44705883
0.45490196
0.47450981
0.45098040
0.42745098
0.37254903
0.30588236
0.23529412
0.21960784
0.22745098
0.16470589
0.11764706
0.12549020
0.10588235
0.13333334
0.18431373
0.11764706
0.20784314
0.30980393
0.32941177
0.34509805
0.34509805
0.34901962
0.34901962
0.39215687
0.44313726
0.47058824
0.47843137
0.48627451
0.48627451
0.48627451
0.47843137
0.46666667
0.45882353
0.46274510
0.43529412
0.42745098
0.38431373
0.32941177
0.27843139
0.24313726
0.20784314
0.18823530
0.16470589
0.14509805
0.11764706
0.09019608
0.09411765
0.19215687
0.34509805
0.40784314
0.41176471
0.40784314
0.38431373
0.39215687
0.38039216
0.41176471
0.44705883
0.45882353
0.47450981
0.48627451
0.47843137
0.47450981
0.48235294
0.48235294
0.47058824
0.46274510
1 0 0 0 0 0 0 0 0 -1 0
0 1 0 0 0 0 0 0 0 -1 0
0 0 1 0 0 0 0 0 0 -1 0
0 0 0 1 0 0 0 0 0 -1 0
0 0 0 0 1 0 0 0 0 -1 0
0 0 0 0 0 1 0 0 0 -1 0
0 0 0 0 0 0 1 0 0 -1 0
0 0 0 0 0 0 0 1 0 -1 0
0 0 0 0 0 0 0 0 1 -1 0
