1.00000000
1.00000000
1.00000000
1.00000000
1.00000000
1.00000000
1.00000000
1.00000000
1.00000000
1.00000000
1.00000000
1.00000000
1.00000000
1.00000000
1.00000000
1.00000000
1.00000000
1.00000000
1.00000000
1.00000000
1.00000000
1.00000000
1.00000000
1.00000000
1.00000000
1.00000000
1.00000000
1.00000000
1.00000000
1.00000000
1.00000000
1.00000000
1.00000000
0.98431373
0.94901961
0.94117647
0.94509804
0.94901961
0.94901961
0.94509804
0.94509804
0.94509804
0.94509804
0.94509804
0.94509804
0.94509804
0.94509804
0.94509804
0.94509804
0.94509804
0.94509804
0.94509804
0.94117647
0.94117647
0.93725491
0.93725491
0.92941177
0.93333334
0.92549020
0.92156863
0.91764706
0.92156863
0.97254902
1.00000000
1.00000000
0.96470588
0.82352942
0.80392158
0.81176472
0.82352942
0.82352942
0.82352942
0.82352942
0.82352942
0.82745099
0.82745099
0.83137256
0.82352942
0.82352942
0.82745099
0.82352942
0.81568629
0.81176472
0.80784315
0.79215688
0.76862746
0.77254903
0.77647060
0.74509805
0.73725492
0.70980394
0.69019610
0.66666669
0.65098041
0.84705883
1.00000000
1.00000000
0.95294118
0.77647060
0.75686276
0.76470590
0.76862746
0.77647060
0.78039217
0.78823531
0.80000001
0.80000001
0.80392158
0.80392158
0.80392158
0.81176472
0.80392158
0.79607844
0.78431374
0.77254903
0.76862746
0.74509805
0.71372551
0.72156864
0.73333335
0.69019610
0.67450982
0.65098041
0.62745100
0.60392159
0.55294120
0.74117649
1.00000000
1.00000000
0.95686275
0.79607844
0.77647060
0.79215688
0.79215688
0.79607844
0.79607844
0.80000001
0.83137256
0.82745099
0.80392158
0.78823531
0.74901962
0.70196080
0.70196080
0.75686276
0.76470590
0.76862746
0.76862746
0.75294119
0.74117649
0.74117649
0.75294119
0.70588237
0.68627453
0.66666669
0.63529414
0.61176473
0.56862748
0.73333335
1.00000000
1.00000000
0.95686275
0.81568629
0.79215688
0.80784315
0.81176472
0.80784315
0.80000001
0.79607844
0.78431374
0.72941178
0.70196080
0.69411767
0.65490198
0.60000002
0.58823532
0.73333335
0.72549021
0.61568630
0.60784316
0.64705884
0.69411767
0.73333335
0.76470590
0.71372551
0.69411767
0.67450982
0.65098041
0.62745100
0.58431375
0.73333335
1.00000000
1.00000000
0.95686275
0.81960785
0.79607844
0.80784315
0.80784315
0.79607844
0.75294119
0.68235296
0.59607846
0.66666669
0.79607844
0.81176472
0.81960785
0.81568629
0.76862746
0.83529413
0.80392158
0.62745100
0.58039218
0.57254905
0.55294120
0.60000002
0.71764708
0.70588237
0.68235296
0.67450982
0.66274512
0.64313728
0.59607846
0.73725492
1.00000000
1.00000000
0.95686275
0.82352942
0.80784315
0.81568629
0.80392158
0.76470590
0.69019610
0.59215689
0.65882355
0.87843138
0.96078432
0.96862745
0.94901961
0.93333334
0.94117647
0.93725491
0.87843138
0.71764708
0.58431375
0.50980395
0.47843137
0.48627451
0.61176473
0.69019610
0.69019610
0.67843139
0.67058825
0.65882355
0.60784316
0.74117649
1.00000000
1.00000000
0.95686275
0.82745099
0.80784315
0.81568629
0.79215688
0.75294119
0.69019610
0.56078434
0.71764708
0.94117647
0.99215686
0.99607843
0.98039216
0.97254902
0.97254902
0.94509804
0.89803922
0.67843139
0.46274510
0.38039216
0.40392157
0.43529412
0.47058824
0.61176473
0.69803923
0.69411767
0.67843139
0.65882355
0.60784316
0.74117649
1.00000000
1.00000000
0.96078432
0.83137256
0.80784315
0.81568629
0.77254903
0.72941178
0.62745100
0.55686277
0.76470590
0.95294118
0.99607843
0.99607843
0.99215686
0.99215686
0.95686275
0.87843138
0.78039217
0.52941179
0.33725491
0.29019609
0.32156864
0.32941177
0.34509805
0.47058824
0.65098041
0.70196080
0.68235296
0.66274512
0.61568630
0.74509805
1.00000000
1.00000000
0.96078432
0.83529413
0.80784315
0.80392158
0.76078433
0.69019610
0.52549022
0.60000002
0.87058824
0.96862745
0.98039216
0.98039216
0.97647059
0.94509804
0.81960785
0.71764708
0.60392159
0.46274510
0.33333334
0.28235295
0.27843139
0.21568628
0.23529412
0.36470589
0.55686277
0.69019610
0.67843139
0.67058825
0.62745100
0.74509805
1.00000000
1.00000000
0.96078432
0.83529413
0.80784315
0.80000001
0.74509805
0.63921571
0.47450981
0.58823532
0.87450981
0.96470588
0.95294118
0.95686275
0.96470588
0.82352942
0.65490198
0.63921571
0.55294120
0.45098040
0.36470589
0.30980393
0.30196080
0.23137255
0.17254902
0.24705882
0.43137255
0.64705884
0.68235296
0.66274512
0.62352943
0.74509805
1.00000000
1.00000000
0.96078432
0.83137256
0.81176472
0.80000001
0.72549021
0.60392159
0.45490196
0.53725493
0.76862746
0.95294118
0.95686275
0.96470588
0.88235295
0.66666669
0.65098041
0.65098041
0.53333336
0.44705883
0.38823530
0.36470589
0.37254903
0.29411766
0.22745098
0.19215687
0.32549021
0.60784316
0.69019610
0.66274512
0.62352943
0.74509805
1.00000000
1.00000000
0.96078432
0.83137256
0.80784315
0.78431374
0.69019610
0.59215689
0.41568628
0.36862746
0.50980395
0.84705883
0.95686275
0.94509804
0.68235296
0.48627451
0.56862748
0.65490198
0.58431375
0.46666667
0.41176471
0.45490196
0.45098040
0.38823530
0.32941177
0.23529412
0.23529412
0.52156866
0.69019610
0.67058825
0.62352943
0.74509805
1.00000000
1.00000000
0.96078432
0.82745099
0.80784315
0.74901962
0.63529414
0.57647061
0.40392157
0.12549020
0.43529412
0.67450982
0.57647061
0.75686276
0.54901963
0.32156864
0.41568628
0.63529414
0.69411767
0.54901963
0.43529412
0.50588238
0.48235294
0.47450981
0.43921569
0.32549021
0.21176471
0.36470589
0.66274512
0.67450982
0.61960787
0.74509805
1.00000000
1.00000000
0.96078432
0.82745099
0.78431374
0.70980394
0.61176473
0.52156866
0.41176471
0.24313726
0.65490198
0.32156864
0.11372549
0.39607844
0.48627451
0.20000000
0.18039216
0.34509805
0.58039218
0.58039218
0.49019608
0.53725493
0.49803922
0.53333336
0.53725493
0.42745098
0.29803923
0.30196080
0.56078434
0.67450982
0.62745100
0.74117649
1.00000000
1.00000000
0.96078432
0.82352942
0.76862746
0.67450982
0.57254905
0.46666667
0.40392157
0.62745100
0.69019610
0.13333334
0.14117648
0.52549022
0.60784316
0.20000000
0.07843138
0.25882354
0.58823532
0.56470591
0.52941179
0.58039218
0.50196081
0.54117650
0.58431375
0.50980395
0.39215687
0.33333334
0.45882353
0.65490198
0.62352943
0.74117649
1.00000000
1.00000000
0.96078432
0.81960785
0.77254903
0.63529414
0.52941179
0.45882353
0.48627451
0.80392158
0.55686277
0.25490198
0.35294119
0.76862746
0.78431374
0.33333334
0.16078432
0.41568628
0.65882355
0.66666669
0.59215689
0.57647061
0.52549022
0.55294120
0.59607846
0.54901963
0.46666667
0.41568628
0.44313726
0.62745100
0.61176473
0.74509805
1.00000000
1.00000000
0.95686275
0.81176472
0.76078433
0.60784316
0.54509807
0.56078434
0.56078434
0.78431374
0.51372552
0.29411766
0.54901963
0.86666667
0.86666667
0.61176473
0.43529412
0.38823530
0.60000002
0.70980394
0.66274512
0.55294120
0.55686277
0.59215689
0.60392159
0.55686277
0.49411765
0.47843137
0.47450981
0.61176473
0.59607846
0.73725492
1.00000000
1.00000000
0.95294118
0.80392158
0.72549021
0.56470591
0.56862748
0.63137257
0.53725493
0.62352943
0.66274512
0.53725493
0.65882355
0.83137256
0.89803922
0.80784315
0.77647060
0.68627453
0.67058825
0.67450982
0.68627453
0.55686277
0.54509807
0.59607846
0.60392159
0.53725493
0.45098040
0.44313726
0.44705883
0.58823532
0.59607846
0.73333335
1.00000000
1.00000000
0.94901961
0.79215688
0.68627453
0.52941179
0.59215689
0.68627453
0.54901963
0.55294120
0.76862746
0.82352942
0.80784315
0.80392158
0.85882354
0.83921570
0.79215688
0.79607844
0.73725492
0.70980394
0.72941178
0.63529414
0.55686277
0.58431375
0.58431375
0.52156866
0.43137255
0.41176471
0.42352942
0.54901963
0.60784316
0.74117649
1.00000000
1.00000000
0.94117647
0.78039217
0.65490198
0.53725493
0.66274512
0.66666669
0.55686277
0.76470590
0.86274511
0.82745099
0.81568629
0.81568629
0.81176472
0.80000001
0.82352942
0.84705883
0.84313726
0.82745099
0.76078433
0.70588237
0.61568630
0.58823532
0.56470591
0.50196081
0.43921569
0.40000001
0.39607844
0.50196081
0.59215689
0.74509805
1.00000000
1.00000000
0.94509804
0.77254903
0.63529414
0.59607846
0.70980394
0.59215689
0.68627453
0.90980393
0.95686275
0.94901961
0.89411765
0.84313726
0.85098040
0.86274511
0.89803922
0.94117647
0.93725491
0.92156863
0.82352942
0.74509805
0.64705884
0.58431375
0.54117650
0.49019608
0.45098040
0.40392157
0.35686275
0.43529412
0.55294120
0.74117649
1.00000000
1.00000000
0.93725491
0.75686276
0.64313728
0.65098041
0.67843139
0.67058825
0.86666667
0.94117647
0.96862745
0.96470588
0.95294118
0.93333334
0.92941177
0.94901961
0.97254902
0.96470588
0.95294118
0.95294118
0.90980393
0.78823531
0.67450982
0.64705884
0.63137257
0.52156866
0.45490196
0.38823530
0.36470589
0.40392157
0.50980395
0.74117649
1.00000000
1.00000000
0.93725491
0.74901962
0.65098041
0.64705884
0.69411767
0.82352942
0.93725491
0.94509804
0.96862745
0.97647059
0.97254902
0.97647059
0.96862745
0.95686275
0.97254902
0.96470588
0.92156863
0.90980393
0.91764706
0.84313726
0.71764708
0.67450982
0.72549021
0.58431375
0.46274510
0.40784314
0.39215687
0.41568628
0.49019608
0.73725492
1.00000000
1.00000000
0.93725491
0.72941178
0.63921571
0.63137257
0.73333335
0.85098040
0.90980393
0.90980393
0.93333334
0.96470588
0.97254902
0.96862745
0.95686275
0.92941177
0.92156863
0.94117647
0.91372550
0.90196079
0.90196079
0.86274511
0.74509805
0.65098041
0.71764708
0.65098041
0.49411765
0.44705883
0.38431373
0.39215687
0.46274510
0.73333335
1.00000000
1.00000000
0.92941177
0.71372551
0.60784316
0.61176473
0.73333335
0.80784315
0.84313726
0.85882354
0.89411765
0.91764706
0.92549020
0.92156863
0.92156863
0.91372550
0.91372550
0.92549020
0.92549020
0.91764706
0.90588236
0.86666667
0.76470590
0.70196080
0.69803923
0.63529414
0.49019608
0.43921569
0.35686275
0.34117648
0.45490196
0.72549021
1.00000000
1.00000000
0.93333334
0.69803923
0.54117650
0.58431375
0.70980394
0.76862746
0.80392158
0.82745099
0.84705883
0.86666667
0.87843138
0.87843138
0.87843138
0.89019608
0.90588236
0.91764706
0.93725491
0.93725491
0.90980393
0.87450981
0.80784315
0.79607844
0.74901962
0.60784316
0.45490196
0.39215687
0.32156864
0.31372550
0.44705883
0.72156864
1.00000000
1.00000000
0.93333334
0.66666669
0.46666667
0.51764709
0.66274512
0.74901962
0.80000001
0.81960785
0.81960785
0.83921570
0.85490197
0.86274511
0.85490197
0.87058824
0.88235295
0.90196079
0.93333334
0.92941177
0.89019608
0.85098040
0.81960785
0.83137256
0.76470590
0.57254905
0.37647060
0.34117648
0.25882354
0.27450982
0.40784314
0.71764708
1.00000000
1.00000000
0.93333334
0.61960787
0.38823530
0.43921569
0.63921571
0.71372551
0.77254903
0.78823531
0.80784315
0.82352942
0.82352942
0.82745099
0.83529413
0.84705883
0.85098040
0.86274511
0.89019608
0.86666667
0.81960785
0.78823531
0.78039217
0.78823531
0.70588237
0.54901963
0.38823530
0.27058825
0.14117648
0.21960784
0.37254903
0.71372551
1.00000000
1.00000000
0.96078432
0.73333335
0.56862748
0.58823532
0.65490198
0.68235296
0.70196080
0.71372551
0.71764708
0.72156864
0.72549021
0.72941178
0.72941178
0.73333335
0.73725492
0.73725492
0.74117649
0.73333335
0.71764708
0.70980394
0.70588237
0.70588237
0.67058825
0.63921571
0.59215689
0.51372552
0.46666667
0.49019608
0.54117650
0.78823531
1.00000000
1.00000000
0.99215686
0.95686275
0.92941177
0.92549020
0.91764706
0.91764706
0.91764706
0.91764706
0.91372550
0.91372550
0.91372550
0.90980393
0.90980393
0.91372550
0.91372550
0.90588236
0.90588236
0.90980393
0.91372550
0.91372550
0.91764706
0.91764706
0.91372550
0.92549020
0.92941177
0.93333334
0.93725491
0.92941177
0.92156863
0.95686275
1.00000000
1.00000000
1.00000000
1.00000000
1.00000000
1.00000000
1.00000000
1.00000000
1.00000000
1.00000000
1.00000000
1.00000000
1.00000000
1.00000000
1.00000000
1.00000000
1.00000000
1.00000000
1.00000000
1.00000000
1.00000000
1.00000000
1.00000000
1.00000000
1.00000000
1.00000000
1.00000000
1.00000000
1.00000000
1.00000000
1.00000000
1.00000000
1.00000000
1.00000000
0.98823529
0.96862745
0.96862745
0.96862745
0.97254902
0.97254902
0.97254902
0.97254902
0.97254902
0.97254902
0.97254902
0.97254902
0.97254902
0.96862745
0.96862745
0.96862745
0.96862745
0.96862745
0.96862745
0.96862745
0.96470588
0.96470588
0.96078432
0.95686275
0.95686275
0.94901961
0.94509804
0.94117647
0.94509804
0.98039216
1.00000000
1.00000000
0.96862745
0.86274511
0.86274511
0.86666667
0.87450981
0.87843138
0.87450981
0.86666667
0.87058824
0.87058824
0.87450981
0.87450981
0.87058824
0.87058824
0.87450981
0.87058824
0.86274511
0.85882354
0.85490197
0.84313726
0.82352942
0.82745099
0.83137256
0.79607844
0.78431374
0.75686276
0.73333335
0.71372551
0.69803923
0.87058824
1.00000000
1.00000000
0.96078432
0.83529413
0.83529413
0.83921570
0.83921570
0.84705883
0.85098040
0.85098040
0.86274511
0.86274511
0.86274511
0.86274511
0.86666667
0.87450981
0.86666667
0.85882354
0.84313726
0.83529413
0.82745099
0.81176472
0.78823531
0.79607844
0.80784315
0.76470590
0.73725492
0.71372551
0.68627453
0.66274512
0.61568630
0.76862746
1.00000000
1.00000000
0.96862745
0.85098040
0.84705883
0.85490197
0.85882354
0.86666667
0.87450981
0.87843138
0.88627452
0.87843138
0.85882354
0.83529413
0.77254903
0.71372551
0.72156864
0.80000001
0.82352942
0.80784315
0.81176472
0.81960785
0.81176472
0.81176472
0.82352942
0.78039217
0.75294119
0.73333335
0.70980394
0.69019610
0.63137257
0.75686276
1.00000000
1.00000000
0.97254902
0.86274511
0.84705883
0.85882354
0.86666667
0.87450981
0.87058824
0.85490197
0.81568629
0.75294119
0.73725492
0.72549021
0.63921571
0.55686277
0.55686277
0.74117649
0.74901962
0.58823532
0.56470591
0.64313728
0.70196080
0.76078433
0.81960785
0.78431374
0.75686276
0.74117649
0.72156864
0.70196080
0.63529414
0.75294119
1.00000000
1.00000000
0.97254902
0.86666667
0.85098040
0.85882354
0.86274511
0.84313726
0.77647060
0.67058825
0.58823532
0.67450982
0.81176472
0.82745099
0.80784315
0.78039217
0.74117649
0.83529413
0.79607844
0.53725493
0.44313726
0.45490196
0.45098040
0.54509807
0.73725492
0.78039217
0.76078433
0.74509805
0.72549021
0.69803923
0.63921571
0.75686276
1.00000000
1.00000000
0.97254902
0.87058824
0.86274511
0.86666667
0.84313726
0.76470590
0.63921571
0.50196081
0.61960787
0.87450981
0.96470588
0.97647059
0.94117647
0.90980393
0.91764706
0.94509804
0.87450981
0.60784316
0.40784314
0.34117648
0.30196080
0.35686275
0.57647061
0.74117649
0.76470590
0.74509805
0.72941178
0.70196080
0.64705884
0.76078433
1.00000000
1.00000000
0.97254902
0.87450981
0.86666667
0.86666667
0.80392158
0.69019610
0.55294120
0.40784314
0.65882355
0.94117647
0.99607843
0.99607843
0.98039216
0.96470588
0.96470588
0.94509804
0.88627452
0.56862748
0.28627452
0.21176471
0.21568628
0.27450982
0.38431373
0.60784316
0.74509805
0.74901962
0.73333335
0.71372551
0.65490198
0.76470590
1.00000000
1.00000000
0.97647059
0.87843138
0.87058824
0.86274511
0.76470590
0.62745100
0.44313726
0.39607844
0.70588237
0.95686275
0.99607843
0.99607843
0.99607843
0.98823529
0.92941177
0.82352942
0.69411767
0.37647060
0.14509805
0.12156863
0.14509805
0.16078432
0.21960784
0.40784314
0.66274512
0.74117649
0.73725492
0.72549021
0.66274512
0.76470590
1.00000000
1.00000000
0.97647059
0.87843138
0.87058824
0.84705883
0.73725492
0.56862748
0.34901962
0.47843137
0.83137256
0.97254902
0.98823529
0.98823529
0.98431373
0.91372550
0.70980394
0.54509807
0.40000001
0.24705882
0.12941177
0.10196079
0.10588235
0.05490196
0.09411765
0.25882354
0.52549022
0.71764708
0.73725492
0.72549021
0.66666669
0.76862746
1.00000000
1.00000000
0.97647059
0.87843138
0.87058824
0.83529413
0.70980394
0.51372552
0.29019609
0.44705883
0.80784315
0.96470588
0.97254902
0.95686275
0.92941177
0.71764708
0.45490196
0.39607844
0.30980393
0.21960784
0.16078432
0.12156863
0.10980392
0.05882353
0.02745098
0.12941177
0.38039216
0.65882355
0.73333335
0.71764708
0.66666669
0.76862746
1.00000000
1.00000000
0.97647059
0.87450981
0.87058824
0.82745099
0.67058825
0.46274510
0.25882354
0.35686275
0.64313728
0.90588236
0.95294118
0.93333334
0.78823531
0.49019608
0.39215687
0.37647060
0.28235295
0.21960784
0.18823530
0.17254902
0.16862746
0.10980392
0.07058824
0.05882353
0.25098041
0.60000002
0.72941178
0.71764708
0.66274512
0.76470590
1.00000000
1.00000000
0.97647059
0.87058824
0.86666667
0.80000001
0.61568630
0.43921569
0.22745098
0.21176471
0.37254903
0.76470590
0.91764706
0.88627452
0.55294120
0.28235295
0.31764707
0.39607844
0.34117648
0.25490198
0.21568628
0.25098041
0.24313726
0.19607843
0.15294118
0.07058824
0.13333334
0.49019608
0.71764708
0.71764708
0.65882355
0.76470590
1.00000000
1.00000000
0.97647059
0.87058824
0.87058824
0.75686276
0.54509807
0.40392157
0.23529412
0.04705882
0.34509805
0.60392159
0.54117650
0.68627453
0.40784314
0.12549020
0.21960784
0.42352942
0.48235294
0.35686275
0.23921569
0.30588236
0.28627452
0.28235295
0.24313726
0.13725491
0.08235294
0.30980393
0.67843139
0.71764708
0.65882355
0.76470590
1.00000000
1.00000000
0.97254902
0.86666667
0.85490197
0.69019610
0.47058824
0.33725491
0.25490198
0.18039216
0.62352943
0.30196080
0.07843138
0.30588236
0.35294119
0.07058824
0.09411765
0.23137255
0.41568628
0.39607844
0.30196080
0.35686275
0.31372550
0.34901962
0.34509805
0.23921569
0.13333334
0.14509805
0.54117650
0.72156864
0.65490198
0.76470590
1.00000000
1.00000000
0.97254902
0.86666667
0.83137256
0.62745100
0.41176471
0.29019609
0.26274511
0.58431375
0.67843139
0.10980392
0.09019608
0.45882353
0.51764709
0.11372549
0.02745098
0.16470589
0.41960785
0.37254903
0.34117648
0.40392157
0.32549021
0.35686275
0.39215687
0.32549021
0.20392157
0.13725491
0.41568628
0.70588237
0.65882355
0.76470590
1.00000000
1.00000000
0.97254902
0.86274511
0.80784315
0.56470591
0.37647060
0.30196080
0.37254903
0.78039217
0.54117650
0.21176471
0.28235295
0.71372551
0.71764708
0.23921569
0.06274510
0.27843139
0.47058824
0.46274510
0.39607844
0.40000001
0.34901962
0.36862746
0.40784314
0.36078432
0.26666668
0.22745098
0.38431373
0.67058825
0.65882355
0.76470590
1.00000000
1.00000000
0.96862745
0.85882354
0.78823531
0.52549022
0.39607844
0.41568628
0.44313726
0.74901962
0.47843137
0.25098041
0.49019608
0.80784315
0.78823531
0.50196081
0.29803923
0.23529412
0.41960785
0.50588238
0.47058824
0.37647060
0.37647060
0.40784314
0.41568628
0.36470589
0.29411766
0.29411766
0.38431373
0.63137257
0.64705884
0.75686276
1.00000000
1.00000000
0.96862745
0.84705883
0.74901962
0.48627451
0.42745098
0.48627451
0.40392157
0.54901963
0.60392159
0.50196081
0.64313728
0.80784315
0.85490197
0.73333335
0.67058825
0.56078434
0.51372552
0.48627451
0.49803922
0.38039216
0.36862746
0.41176471
0.41568628
0.34509805
0.25882354
0.27058825
0.32941177
0.58039218
0.64313728
0.75686276
1.00000000
1.00000000
0.96862745
0.84313726
0.71372551
0.45882353
0.48235294
0.56078434
0.40784314
0.46274510
0.72941178
0.81568629
0.81568629
0.80392158
0.85490197
0.81960785
0.76078433
0.74117649
0.62352943
0.52941179
0.54117650
0.45882353
0.37254903
0.40000001
0.40000001
0.33725491
0.25490198
0.25098041
0.29803923
0.51764709
0.64705884
0.76078433
1.00000000
1.00000000
0.96862745
0.84313726
0.68627453
0.47450981
0.55686277
0.55686277
0.43921569
0.70588237
0.85882354
0.84313726
0.82352942
0.81568629
0.81176472
0.80000001
0.82745099
0.83529413
0.77647060
0.68627453
0.58823532
0.52941179
0.43921569
0.41176471
0.38823530
0.32941177
0.27843139
0.25490198
0.27450982
0.46666667
0.62745100
0.75686276
0.99607843
1.00000000
0.96862745
0.83529413
0.67843139
0.52549022
0.57647061
0.48627451
0.61568630
0.89803922
0.97254902
0.96470588
0.89411765
0.83921570
0.84705883
0.85882354
0.89803922
0.92941177
0.91372550
0.86274511
0.69411767
0.57647061
0.49803922
0.43529412
0.38823530
0.33333334
0.30196080
0.26666668
0.23529412
0.40000001
0.58823532
0.75686276
0.99607843
1.00000000
0.96470588
0.81960785
0.68235296
0.57647061
0.56078434
0.59607846
0.83529413
0.95686275
0.98823529
0.97254902
0.94901961
0.92549020
0.92156863
0.94509804
0.96862745
0.94901961
0.95686275
0.95294118
0.83137256
0.64313728
0.52549022
0.50588238
0.49019608
0.38823530
0.32156864
0.26274511
0.25098041
0.37254903
0.54509807
0.75294119
1.00000000
1.00000000
0.96078432
0.81176472
0.67058825
0.58823532
0.63921571
0.80000001
0.91764706
0.95686275
0.97647059
0.97647059
0.96862745
0.97254902
0.96470588
0.95294118
0.96862745
0.95294118
0.92549020
0.91764706
0.87843138
0.72941178
0.54509807
0.52156866
0.59607846
0.47450981
0.34509805
0.29019609
0.28235295
0.38823530
0.52549022
0.74901962
1.00000000
1.00000000
0.96078432
0.79215688
0.64313728
0.58823532
0.72941178
0.86274511
0.89803922
0.90588236
0.92941177
0.95686275
0.96470588
0.96470588
0.95294118
0.92549020
0.92156863
0.93333334
0.90980393
0.89803922
0.88627452
0.77254903
0.55686277
0.49411765
0.60784316
0.55294120
0.39215687
0.34509805
0.29803923
0.37254903
0.49803922
0.74901962
1.00000000
1.00000000
0.96078432
0.76862746
0.59607846
0.57254905
0.72941178
0.81568629
0.83921570
0.85098040
0.88235295
0.90588236
0.91372550
0.92156863
0.92156863
0.91372550
0.91372550
0.92156863
0.91764706
0.90588236
0.89411765
0.80392158
0.60784316
0.57254905
0.63137257
0.55294120
0.39607844
0.35686275
0.30588236
0.32941177
0.48627451
0.74901962
1.00000000
1.00000000
0.96078432
0.74509805
0.52549022
0.55294120
0.70588237
0.77254903
0.80000001
0.81960785
0.84313726
0.85882354
0.87058824
0.87843138
0.87843138
0.89019608
0.90588236
0.91764706
0.93725491
0.92941177
0.89803922
0.83921570
0.72156864
0.72156864
0.71764708
0.54117650
0.37254903
0.31764707
0.27058825
0.29803923
0.47450981
0.74901962
1.00000000
1.00000000
0.95686275
0.69803923
0.45098040
0.49411765
0.66666669
0.75294119
0.80000001
0.81960785
0.81960785
0.83921570
0.85490197
0.86274511
0.85490197
0.87450981
0.88235295
0.90588236
0.93725491
0.92941177
0.88235295
0.83921570
0.79607844
0.80784315
0.76862746
0.53333336
0.30980393
0.27843139
0.21176471
0.26274511
0.43921569
0.74117649
1.00000000
1.00000000
0.94901961
0.63921571
0.37254903
0.42745098
0.64705884
0.71764708
0.77254903
0.79215688
0.81176472
0.82745099
0.82745099
0.82745099
0.83529413
0.84313726
0.85098040
0.87058824
0.90196079
0.87058824
0.81568629
0.79215688
0.78039217
0.78823531
0.72549021
0.52941179
0.35294119
0.23529412
0.12156863
0.23137255
0.40784314
0.73725492
1.00000000
1.00000000
0.97254902
0.74509805
0.55294120
0.58039218
0.66274512
0.68235296
0.70196080
0.71372551
0.72156864
0.72549021
0.72941178
0.72941178
0.72549021
0.72941178
0.73333335
0.74117649
0.75294119
0.73725492
0.71764708
0.71372551
0.70588237
0.70588237
0.69019610
0.62352943
0.58431375
0.50980395
0.46666667
0.52156866
0.58431375
0.81176472
1.00000000
1.00000000
0.99607843
0.96078432
0.92549020
0.92549020
0.92156863
0.91764706
0.91372550
0.91764706
0.91372550
0.91372550
0.91372550
0.91372550
0.90980393
0.90980393
0.91372550
0.90980393
0.90980393
0.91372550
0.91372550
0.91372550
0.91372550
0.91764706
0.92156863
0.92156863
0.92941177
0.93725491
0.94117647
0.94117647
0.93333334
0.96470588
1.00000000
1.00000000
1.00000000
1.00000000
1.00000000
1.00000000
1.00000000
1.00000000
1.00000000
1.00000000
1.00000000
1.00000000
1.00000000
1.00000000
1.00000000
1.00000000
1.00000000
1.00000000
1.00000000
1.00000000
1.00000000
1.00000000
1.00000000
1.00000000
1.00000000
1.00000000
1.00000000
1.00000000
1.00000000
1.00000000
1.00000000
1.00000000
1.00000000
1.00000000
0.99215686
0.97254902
0.96862745
0.96862745
0.97254902
0.97254902
0.97254902
0.97254902
0.97254902
0.97254902
0.97254902
0.97254902
0.97254902
0.97254902
0.97254902
0.97254902
0.96862745
0.97254902
0.96862745
0.96862745
0.96470588
0.96470588
0.96078432
0.95686275
0.95686275
0.94901961
0.94509804
0.94117647
0.94117647
0.97647059
1.00000000
1.00000000
0.97647059
0.87058824
0.87058824
0.87450981
0.88235295
0.88627452
0.87843138
0.87450981
0.87843138
0.87843138
0.88235295
0.88627452
0.87450981
0.87450981
0.87450981
0.87450981
0.86666667
0.86274511
0.85882354
0.84705883
0.82352942
0.82745099
0.83529413
0.80000001
0.78823531
0.76078433
0.73725492
0.71764708
0.69019610
0.86274511
1.00000000
1.00000000
0.97254902
0.84705883
0.84705883
0.85098040
0.85490197
0.86274511
0.86274511
0.86666667
0.87843138
0.87843138
0.87843138
0.88235295
0.87843138
0.87843138
0.86666667
0.86274511
0.85490197
0.84313726
0.83529413
0.81960785
0.79215688
0.80000001
0.81176472
0.76862746
0.74901962
0.72156864
0.69803923
0.67450982
0.60784316
0.75686276
1.00000000
1.00000000
0.97647059
0.86666667
0.87058824
0.87843138
0.87843138
0.88627452
0.89411765
0.89803922
0.89803922
0.88627452
0.86666667
0.83137256
0.76078433
0.69019610
0.67843139
0.77647060
0.81176472
0.80392158
0.81568629
0.81960785
0.80000001
0.81176472
0.82352942
0.77254903
0.75294119
0.73725492
0.71372551
0.69019610
0.62745100
0.75686276
1.00000000
1.00000000
0.97647059
0.87450981
0.87450981
0.89019608
0.89019608
0.89019608
0.88627452
0.86274511
0.80784315
0.73725492
0.72941178
0.70196080
0.61176473
0.51764709
0.49411765
0.69019610
0.70588237
0.54509807
0.52941179
0.60392159
0.65882355
0.74509805
0.81568629
0.77647060
0.75686276
0.74117649
0.72156864
0.69803923
0.63921571
0.76470590
1.00000000
1.00000000
0.97254902
0.87843138
0.87450981
0.88235295
0.87843138
0.85490197
0.76862746
0.63921571
0.55686277
0.64705884
0.80000001
0.82352942
0.80000001
0.76470590
0.70980394
0.80392158
0.75294119
0.47058824
0.36078432
0.36862746
0.38431373
0.51372552
0.73333335
0.78039217
0.76078433
0.74509805
0.72549021
0.70196080
0.64705884
0.76862746
1.00000000
1.00000000
0.97254902
0.88235295
0.87843138
0.87843138
0.84705883
0.74509805
0.58823532
0.43529412
0.56470591
0.84313726
0.95294118
0.97647059
0.94509804
0.90980393
0.90980393
0.93333334
0.83921570
0.54509807
0.32156864
0.23921569
0.21176471
0.29803923
0.55294120
0.73333335
0.76078433
0.74509805
0.72941178
0.70980394
0.65098041
0.77254903
1.00000000
1.00000000
0.97254902
0.88627452
0.88235295
0.86666667
0.78823531
0.62352943
0.44705883
0.31764707
0.59607846
0.91372550
0.99215686
1.00000000
0.98039216
0.96470588
0.96078432
0.93333334
0.83921570
0.49411765
0.20000000
0.10980392
0.12156863
0.19215687
0.32549021
0.57647061
0.74509805
0.75686276
0.73725492
0.71764708
0.65882355
0.77254903
1.00000000
1.00000000
0.97254902
0.88627452
0.88235295
0.86666667
0.73333335
0.52941179
0.31764707
0.29803923
0.65098041
0.93333334
0.99607843
1.00000000
0.99607843
0.97647059
0.90980393
0.76078433
0.59607846
0.28235295
0.05882353
0.03137255
0.05882353
0.08235294
0.14901961
0.35686275
0.65490198
0.75294119
0.74509805
0.72549021
0.66666669
0.77254903
1.00000000
1.00000000
0.96470588
0.88235295
0.87843138
0.86274511
0.69411767
0.45882353
0.23529412
0.38823530
0.79215688
0.96862745
0.98431373
0.98431373
0.96862745
0.86666667
0.63137257
0.41960785
0.26274511
0.14117648
0.05490196
0.03529412
0.03921569
0.01176471
0.05098039
0.20392157
0.50196081
0.72156864
0.75294119
0.72549021
0.67450982
0.77254903
1.00000000
1.00000000
0.96470588
0.87843138
0.88627452
0.85490197
0.66274512
0.39607844
0.18431373
0.36470589
0.76862746
0.95686275
0.96862745
0.94117647
0.89019608
0.63529414
0.32941177
0.24705882
0.16862746
0.10588235
0.07450981
0.04313726
0.03921569
0.01176471
0.00000000
0.09019608
0.34901962
0.65490198
0.74901962
0.72156864
0.67450982
0.77254903
0.99607843
1.00000000
0.96470588
0.87843138
0.88627452
0.83921570
0.61960787
0.34509805
0.16078432
0.27058825
0.57647061
0.86666667
0.92941177
0.89803922
0.72549021
0.37647060
0.24313726
0.22352941
0.14509805
0.09803922
0.08627451
0.07843138
0.08235294
0.04313726
0.02745098
0.02745098
0.20784314
0.58431375
0.74117649
0.72156864
0.67058825
0.77254903
0.99607843
1.00000000
0.96470588
0.87450981
0.87058824
0.79215688
0.55294120
0.33333334
0.15294118
0.14509805
0.30196080
0.70980394
0.89019608
0.83921570
0.47450981
0.17647059
0.19607843
0.26666668
0.21176471
0.13333334
0.10980392
0.15686275
0.14117648
0.09803922
0.07450981
0.01568628
0.07843138
0.46274510
0.72549021
0.72941178
0.67450982
0.77254903
0.99607843
1.00000000
0.96470588
0.87450981
0.85882354
0.72549021
0.47450981
0.31372550
0.20000000
0.03137255
0.30980393
0.58431375
0.54117650
0.64313728
0.34117648
0.05882353
0.15294118
0.32941177
0.36470589
0.24313726
0.14117648
0.21176471
0.17254902
0.15686275
0.13333334
0.05098039
0.01568628
0.27843139
0.68235296
0.72941178
0.67058825
0.77254903
0.99607843
1.00000000
0.96470588
0.87450981
0.84313726
0.65098041
0.39607844
0.24705882
0.20000000
0.16862746
0.61960787
0.31764707
0.10588235
0.29411766
0.32941177
0.05490196
0.09019608
0.19607843
0.31764707
0.27450982
0.18823530
0.25882354
0.20392157
0.22745098
0.22352941
0.12156863
0.03921569
0.10588235
0.52156866
0.72941178
0.67058825
0.76470590
1.00000000
1.00000000
0.96078432
0.87058824
0.81568629
0.58039218
0.33333334
0.20392157
0.20392157
0.55294120
0.67058825
0.13333334
0.11764706
0.44313726
0.49019608
0.10196079
0.02745098
0.13725491
0.32941177
0.24705882
0.22745098
0.30980393
0.21176471
0.24313726
0.27450982
0.19607843
0.08627451
0.07058824
0.37647060
0.70588237
0.66666669
0.76470590
1.00000000
1.00000000
0.96078432
0.86666667
0.79215688
0.50980395
0.29411766
0.21960784
0.31764707
0.74117649
0.52549022
0.22745098
0.30588236
0.69019610
0.67450982
0.20392157
0.05098039
0.23921569
0.37254903
0.34117648
0.29803923
0.31764707
0.23921569
0.25490198
0.29019609
0.23137255
0.13333334
0.12941177
0.32549021
0.65882355
0.66274512
0.76470590
1.00000000
1.00000000
0.95686275
0.86274511
0.76862746
0.47058824
0.31372550
0.33333334
0.39215687
0.70588237
0.46666667
0.25098041
0.49411765
0.79215688
0.75294119
0.46274510
0.27843139
0.19607843
0.32549021
0.38431373
0.36862746
0.29019609
0.26666668
0.29019609
0.29411766
0.23921569
0.16862746
0.18823530
0.31764707
0.61176473
0.64705884
0.75686276
1.00000000
1.00000000
0.95686275
0.85490197
0.73725492
0.43921569
0.34117648
0.39607844
0.34901962
0.51764709
0.59215689
0.49411765
0.61960787
0.79215688
0.82745099
0.69411767
0.63529414
0.51764709
0.42352942
0.35686275
0.38431373
0.28235295
0.25490198
0.29803923
0.29411766
0.22352941
0.15686275
0.18039216
0.26666668
0.56078434
0.63921571
0.75686276
1.00000000
1.00000000
0.95686275
0.84705883
0.70196080
0.40784314
0.37647060
0.45098040
0.33333334
0.41568628
0.70588237
0.79607844
0.78431374
0.78039217
0.82352942
0.77254903
0.71372551
0.69411767
0.53725493
0.39607844
0.41568628
0.35686275
0.26666668
0.29019609
0.27843139
0.21176471
0.14901961
0.15686275
0.21568628
0.48235294
0.63921571
0.75686276
1.00000000
1.00000000
0.95294118
0.84313726
0.67450982
0.41568628
0.45098040
0.44313726
0.36078432
0.64705884
0.83137256
0.82352942
0.79215688
0.78823531
0.78431374
0.76470590
0.78823531
0.79607844
0.70588237
0.57647061
0.46666667
0.42352942
0.34117648
0.30588236
0.27450982
0.20392157
0.15686275
0.15686275
0.18039216
0.41568628
0.61568630
0.75294119
1.00000000
1.00000000
0.95686275
0.83529413
0.65490198
0.46666667
0.49411765
0.39607844
0.55294120
0.86666667
0.95686275
0.94901961
0.86666667
0.82745099
0.83921570
0.84313726
0.87450981
0.89411765
0.87843138
0.81176472
0.60000002
0.45882353
0.39607844
0.33333334
0.28627452
0.23137255
0.20392157
0.18039216
0.15294118
0.35686275
0.57647061
0.75294119
1.00000000
1.00000000
0.94901961
0.81960785
0.64705884
0.51764709
0.49803922
0.52941179
0.79215688
0.93725491
0.97647059
0.95686275
0.92549020
0.92549020
0.92156863
0.93725491
0.95686275
0.92549020
0.94509804
0.94117647
0.76470590
0.52941179
0.41960785
0.40392157
0.40000001
0.29803923
0.23921569
0.19607843
0.18039216
0.33725491
0.53725493
0.74901962
1.00000000
1.00000000
0.94901961
0.81176472
0.63529414
0.52549022
0.57647061
0.74901962
0.89019608
0.92941177
0.94901961
0.95686275
0.95294118
0.96470588
0.95294118
0.93725491
0.94901961
0.92941177
0.91764706
0.90588236
0.83137256
0.63137257
0.42745098
0.41176471
0.50196081
0.38823530
0.27843139
0.23921569
0.22352941
0.36078432
0.52156866
0.74509805
1.00000000
1.00000000
0.94901961
0.78823531
0.60784316
0.52156866
0.66666669
0.81960785
0.87450981
0.87450981
0.89411765
0.93333334
0.94509804
0.94901961
0.93333334
0.90196079
0.89411765
0.91372550
0.89411765
0.87450981
0.84313726
0.69019610
0.43529412
0.37647060
0.50588238
0.46666667
0.32941177
0.29019609
0.23529412
0.34509805
0.49411765
0.74509805
1.00000000
1.00000000
0.95294118
0.75294119
0.55686277
0.52156866
0.69411767
0.78823531
0.80784315
0.81568629
0.85098040
0.87450981
0.88235295
0.88627452
0.89019608
0.87843138
0.87450981
0.90196079
0.90588236
0.88235295
0.85882354
0.73725492
0.50196081
0.47450981
0.53725493
0.48235294
0.33333334
0.27843139
0.23137255
0.29803923
0.47450981
0.74117649
1.00000000
1.00000000
0.95294118
0.73333335
0.49411765
0.50980395
0.67843139
0.74901962
0.76470590
0.77647060
0.79607844
0.81568629
0.82745099
0.83137256
0.83137256
0.84313726
0.85882354
0.89411765
0.92156863
0.90588236
0.86666667
0.79215688
0.65882355
0.65882355
0.65098041
0.49019608
0.31764707
0.25098041
0.21568628
0.27450982
0.46666667
0.74117649
1.00000000
1.00000000
0.94901961
0.69019610
0.42352942
0.45882353
0.64313728
0.72941178
0.76078433
0.77254903
0.77254903
0.79607844
0.80784315
0.81568629
0.80784315
0.82745099
0.83529413
0.87450981
0.91372550
0.90196079
0.85098040
0.80784315
0.77254903
0.78039217
0.72941178
0.50196081
0.27450982
0.23921569
0.18431373
0.25098041
0.42745098
0.73333335
1.00000000
1.00000000
0.94509804
0.63529414
0.35294119
0.40392157
0.62352943
0.69411767
0.73333335
0.75686276
0.77647060
0.79215688
0.79215688
0.79607844
0.80000001
0.81176472
0.81568629
0.83921570
0.87058824
0.84313726
0.78823531
0.76862746
0.76078433
0.76862746
0.69803923
0.50980395
0.32941177
0.21568628
0.10980392
0.22352941
0.39607844
0.72941178
1.00000000
1.00000000
0.96862745
0.74117649
0.54117650
0.56078434
0.64705884
0.65882355
0.67450982
0.69411767
0.70196080
0.70588237
0.70980394
0.70980394
0.70588237
0.71372551
0.71764708
0.71764708
0.72156864
0.70980394
0.69803923
0.69019610
0.67843139
0.68235296
0.66274512
0.60784316
0.56862748
0.50196081
0.46666667
0.51764709
0.57254905
0.80392158
1.00000000
1.00000000
0.99607843
0.96078432
0.92156863
0.92156863
0.91764706
0.90980393
0.90588236
0.90980393
0.90980393
0.90980393
0.90588236
0.89803922
0.89411765
0.90196079
0.90588236
0.90196079
0.89803922
0.90588236
0.90980393
0.90588236
0.90588236
0.90588236
0.90980393
0.91372550
0.92156863
0.93333334
0.94117647
0.93725491
0.92941177
0.96078432
1.00000000
1 0 0 0 0 -1 0 0 0 0 0
0 1 0 0 0 -1 0 0 0 0 0
0 0 1 0 0 -1 0 0 0 0 0
0 0 0 1 0 -1 0 0 0 0 0
0 0 0 0 1 -1 0 0 0 0 0
0 0 0 0 0 -1 1 0 0 0 0
0 0 0 0 0 -1 0 1 0 0 0
0 0 0 0 0 -1 0 0 1 0 0
0 0 0 0 0 -1 0 0 0 1 0
