0.41960785
0.48627451
0.49803922
0.52549022
0.40000001
0.29411766
0.28627452
0.34901962
0.38823530
0.27450982
0.26274511
0.34117648
0.52156866
0.80784315
0.59215689
0.45882353
0.37254903
0.32941177
0.33725491
0.31372550
0.43137255
0.55294120
0.56470591
0.40392157
0.50980395
0.50980395
0.44705883
0.38823530
0.46274510
0.37647060
0.31764707
0.27058825
0.34509805
0.43137255
0.49019608
0.52156866
0.38039216
0.25882354
0.20784314
0.24705882
0.36078432
0.27058825
0.24705882
0.30588236
0.45882353
0.68627453
0.54901963
0.44705883
0.37647060
0.34509805
0.33725491
0.32549021
0.36470589
0.41568628
0.43529412
0.32941177
0.43137255
0.47058824
0.46666667
0.46666667
0.56078434
0.36078432
0.26666668
0.23921569
0.36078432
0.41176471
0.45490196
0.47450981
0.31764707
0.23921569
0.20392157
0.23529412
0.34117648
0.31372550
0.26274511
0.27450982
0.38431373
0.60392159
0.58039218
0.49803922
0.41176471
0.34901962
0.33333334
0.35294119
0.43529412
0.46274510
0.40392157
0.33333334
0.41568628
0.49803922
0.52549022
0.51764709
0.65882355
0.41568628
0.28627452
0.23921569
0.37254903
0.43137255
0.41960785
0.38039216
0.29803923
0.23921569
0.22352941
0.27450982
0.39607844
0.36862746
0.31372550
0.29803923
0.37254903
0.57647061
0.58431375
0.52941179
0.45098040
0.39215687
0.37647060
0.38431373
0.45098040
0.46274510
0.40000001
0.36078432
0.45098040
0.55686277
0.58039218
0.51372552
0.61960787
0.45490196
0.34117648
0.27450982
0.36862746
0.47058824
0.47058824
0.35686275
0.34117648
0.29019609
0.27843139
0.32941177
0.42745098
0.36078432
0.30588236
0.29803923
0.37647060
0.56862748
0.55294120
0.49019608
0.42745098
0.39215687
0.40392157
0.37647060
0.44313726
0.45098040
0.37254903
0.34901962
0.39607844
0.45882353
0.49411765
0.48627451
0.55686277
0.40784314
0.30980393
0.25098041
0.32549021
0.45882353
0.50980395
0.36470589
0.37647060
0.33333334
0.30588236
0.30196080
0.31764707
0.29411766
0.28627452
0.30196080
0.35294119
0.45098040
0.47843137
0.45882353
0.41568628
0.37254903
0.36078432
0.34901962
0.41568628
0.44313726
0.38823530
0.34509805
0.35686275
0.37647060
0.40784314
0.45098040
0.52941179
0.35294119
0.25490198
0.21176471
0.30196080
0.41568628
0.48235294
0.39215687
0.38823530
0.31372550
0.26274511
0.24313726
0.24705882
0.27450982
0.28235295
0.29411766
0.32156864
0.34509805
0.38823530
0.41176471
0.38823530
0.33333334
0.30980393
0.33333334
0.39215687
0.41568628
0.37254903
0.32549021
0.31764707
0.32156864
0.34117648
0.38823530
0.49019608
0.32156864
0.22745098
0.20000000
0.29803923
0.37647060
0.46274510
0.45882353
0.38431373
0.27058825
0.20392157
0.18431373
0.18431373
0.22352941
0.23529412
0.25882354
0.28627452
0.31372550
0.36862746
0.39215687
0.37647060
0.34117648
0.32156864
0.30196080
0.27450982
0.26666668
0.27843139
0.29019609
0.28235295
0.29803923
0.31372550
0.33725491
0.46274510
0.34509805
0.24705882
0.20392157
0.25490198
0.34509805
0.45490196
0.50980395
0.38823530
0.25490198
0.18431373
0.16862746
0.15686275
0.17647059
0.18823530
0.20784314
0.23529412
0.28235295
0.35294119
0.37647060
0.37254903
0.34901962
0.30588236
0.26274511
0.21960784
0.20784314
0.23529412
0.27058825
0.26274511
0.28235295
0.30588236
0.34509805
0.52156866
0.39215687
0.26666668
0.20784314
0.26666668
0.38039216
0.49411765
0.53333336
0.39607844
0.25490198
0.18823530
0.18039216
0.17254902
0.17647059
0.18431373
0.20000000
0.22745098
0.27843139
0.34117648
0.37254903
0.36862746
0.33725491
0.28627452
0.23921569
0.20392157
0.19607843
0.22352941
0.27058825
0.27058825
0.29019609
0.31764707
0.37254903
0.52549022
0.39215687
0.27843139
0.21960784
0.28627452
0.41960785
0.53333336
0.48235294
0.30196080
0.21568628
0.19607843
0.20784314
0.21176471
0.20392157
0.20000000
0.20784314
0.23137255
0.26666668
0.32549021
0.37647060
0.37647060
0.32941177
0.27058825
0.25098041
0.20784314
0.19215687
0.22352941
0.28627452
0.29411766
0.31764707
0.34117648
0.37254903
0.45490196
0.36862746
0.28627452
0.23137255
0.23529412
0.35686275
0.47450981
0.45882353
0.33725491
0.25098041
0.21568628
0.21960784
0.23137255
0.23529412
0.27450982
0.26666668
0.22352941
0.23529412
0.28627452
0.34509805
0.36862746
0.34509805
0.30196080
0.28627452
0.23137255
0.20392157
0.23137255
0.30196080
0.29019609
0.31372550
0.34901962
0.36862746
0.37254903
0.34901962
0.30588236
0.25882354
0.20000000
0.26274511
0.36470589
0.43921569
0.45490196
0.39215687
0.34901962
0.30980393
0.21960784
0.23137255
0.36470589
0.39607844
0.32156864
0.25098041
0.28627452
0.33333334
0.36862746
0.39607844
0.43137255
0.33725491
0.25490198
0.25098041
0.32549021
0.41568628
0.36078432
0.34509805
0.33725491
0.31372550
0.32156864
0.34901962
0.33333334
0.27843139
0.20392157
0.21568628
0.28235295
0.37254903
0.35686275
0.38823530
0.44313726
0.45490196
0.34117648
0.30588236
0.35294119
0.42352942
0.43529412
0.26666668
0.28235295
0.33725491
0.39607844
0.43137255
0.41960785
0.31372550
0.27843139
0.31764707
0.40392157
0.45098040
0.36862746
0.31372550
0.27450982
0.24313726
0.26666668
0.32549021
0.30588236
0.25098041
0.19607843
0.20392157
0.26274511
0.32941177
0.26274511
0.24313726
0.27058825
0.33333334
0.40000001
0.44313726
0.45490196
0.45490196
0.41960785
0.30980393
0.26666668
0.32549021
0.39607844
0.42352942
0.38823530
0.36862746
0.34901962
0.33725491
0.33725491
0.34901962
0.27843139
0.24705882
0.25490198
0.27843139
0.28235295
0.32156864
0.32549021
0.28235295
0.21176471
0.21960784
0.28235295
0.34901962
0.25098041
0.20392157
0.18431373
0.20000000
0.26274511
0.33725491
0.36470589
0.36470589
0.34117648
0.30980393
0.30196080
0.32941177
0.35686275
0.36470589
0.34901962
0.34509805
0.35686275
0.37647060
0.37647060
0.31764707
0.24313726
0.23137255
0.25490198
0.29019609
0.29803923
0.35686275
0.38431373
0.33725491
0.22352941
0.21960784
0.25882354
0.31764707
0.31764707
0.32549021
0.27450982
0.21568628
0.25490198
0.39607844
0.40784314
0.38039216
0.33725491
0.28627452
0.30588236
0.31372550
0.32549021
0.34901962
0.37254903
0.42352942
0.45098040
0.42745098
0.35294119
0.27058825
0.20000000
0.18039216
0.21176471
0.28235295
0.36470589
0.40000001
0.36862746
0.28627452
0.21960784
0.21568628
0.25098041
0.29019609
0.31372550
0.34509805
0.25882354
0.14117648
0.15686275
0.33725491
0.37254903
0.37647060
0.38039216
0.38039216
0.33333334
0.31764707
0.34117648
0.40000001
0.47450981
0.44313726
0.34901962
0.27843139
0.26666668
0.27843139
0.21176471
0.19607843
0.22352941
0.26666668
0.32549021
0.38823530
0.38039216
0.30196080
0.23529412
0.25882354
0.31372550
0.33333334
0.25882354
0.25490198
0.18823530
0.10588235
0.12941177
0.27058825
0.25098041
0.22352941
0.25490198
0.34901962
0.26274511
0.24705882
0.29411766
0.37647060
0.45882353
0.41568628
0.30588236
0.23921569
0.26274511
0.31764707
0.28235295
0.26666668
0.25490198
0.24705882
0.30980393
0.37254903
0.36078432
0.29411766
0.26666668
0.28627452
0.34509805
0.38431373
0.24705882
0.23921569
0.18431373
0.10980392
0.13725491
0.28627452
0.25098041
0.20000000
0.21176471
0.33333334
0.30196080
0.30588236
0.35686275
0.43529412
0.46274510
0.43921569
0.53333336
0.54117650
0.41960785
0.36078432
0.32941177
0.29019609
0.25882354
0.25490198
0.29019609
0.34509805
0.35294119
0.30196080
0.32941177
0.33725491
0.37647060
0.41176471
0.28627452
0.25490198
0.18823530
0.12156863
0.14117648
0.27450982
0.26666668
0.21176471
0.18039216
0.25098041
0.31372550
0.33725491
0.38431373
0.44313726
0.38823530
0.29411766
0.52941179
0.75686276
0.75686276
0.48627451
0.35294119
0.29019609
0.27843139
0.29411766
0.31764707
0.35686275
0.36470589
0.31764707
0.54509807
0.53333336
0.50980395
0.46666667
0.42352942
0.38039216
0.29803923
0.21176471
0.19215687
0.27058825
0.32549021
0.29411766
0.21176471
0.16078432
0.27058825
0.34117648
0.38039216
0.37647060
0.26666668
0.18039216
0.37647060
0.67450982
0.86274511
0.62352943
0.43921569
0.38039216
0.40784314
0.45098040
0.43137255
0.43137255
0.44313726
0.40000001
0.74509805
0.72941178
0.67058825
0.60392159
0.59607846
0.56862748
0.49803922
0.40000001
0.31372550
0.33333334
0.54509807
0.59607846
0.41960785
0.12156863
0.23529412
0.38039216
0.38823530
0.25882354
0.14509805
0.11372549
0.26666668
0.56078434
0.85098040
0.80392158
0.72156864
0.70196080
0.72941178
0.75686276
0.69019610
0.67450982
0.70196080
0.64313728
0.65882355
0.67058825
0.66666669
0.65490198
0.67058825
0.65098041
0.61568630
0.55294120
0.45490196
0.40784314
0.71372551
0.83137256
0.60784316
0.14901961
0.15294118
0.24313726
0.26666668
0.18431373
0.09019608
0.08235294
0.20392157
0.47843137
0.81568629
0.88627452
0.93333334
0.94509804
0.93333334
0.92156863
0.90588236
0.89803922
0.91372550
0.81960785
0.64313728
0.67450982
0.68235296
0.67450982
0.67058825
0.65098041
0.61568630
0.56862748
0.50588238
0.44705883
0.72941178
0.87058824
0.69803923
0.22352941
0.14117648
0.17254902
0.20000000
0.17254902
0.09803922
0.08235294
0.17254902
0.42745098
0.76470590
0.86666667
0.93333334
0.95686275
0.95686275
0.95294118
0.95294118
0.95294118
0.94117647
0.80000001
0.64705884
0.68627453
0.69803923
0.70196080
0.65490198
0.61176473
0.56862748
0.52156866
0.47450981
0.52941179
0.79607844
0.93333334
0.79607844
0.34901962
0.16862746
0.13725491
0.13725491
0.12549020
0.10196079
0.08627451
0.17647059
0.41568628
0.72941178
0.86666667
0.93725491
0.95686275
0.95686275
0.95686275
0.95686275
0.94901961
0.83137256
0.60784316
0.65098041
0.68627453
0.68627453
0.68627453
0.63137257
0.57647061
0.52156866
0.46666667
0.41960785
0.60000002
0.84313726
0.96470588
0.87058824
0.54117650
0.23137255
0.12549020
0.09803922
0.08627451
0.09019608
0.08235294
0.21176471
0.45882353
0.74509805
0.89411765
0.94509804
0.95686275
0.95686275
0.95686275
0.96078432
0.87843138
0.65490198
0.41176471
0.64705884
0.66666669
0.67058825
0.67058825
0.61176473
0.55294120
0.49411765
0.43137255
0.38823530
0.56078434
0.82352942
0.96078432
0.92156863
0.74901962
0.38039216
0.18039216
0.09411765
0.07843138
0.08235294
0.10980392
0.29411766
0.53725493
0.75686276
0.89411765
0.94509804
0.95686275
0.96078432
0.96078432
0.96078432
0.82745099
0.57254905
0.35294119
0.61176473
0.61960787
0.63529414
0.65882355
0.59607846
0.53725493
0.47843137
0.41960785
0.37254903
0.54117650
0.81176472
0.96078432
0.95294118
0.88627452
0.59607846
0.33333334
0.16470589
0.10196079
0.12156863
0.20000000
0.40000001
0.58039218
0.69019610
0.84705883
0.93333334
0.96078432
0.96078432
0.96078432
0.96078432
0.83921570
0.58039218
0.35686275
0.56078434
0.57254905
0.59607846
0.62352943
0.56470591
0.51372552
0.45882353
0.41176471
0.40000001
0.70588237
0.89019608
0.96470588
0.96862745
0.95686275
0.73725492
0.47843137
0.29019609
0.21176471
0.23921569
0.31764707
0.40784314
0.43921569
0.45882353
0.68235296
0.89411765
0.96078432
0.96470588
0.96862745
0.96470588
0.90196079
0.65882355
0.40392157
0.53333336
0.52156866
0.52549022
0.53333336
0.50196081
0.46666667
0.40000001
0.40784314
0.61176473
0.88627452
0.96078432
0.97254902
0.97254902
0.96862745
0.73333335
0.44313726
0.29411766
0.32156864
0.39215687
0.34117648
0.29803923
0.23921569
0.22352941
0.47450981
0.83921570
0.96078432
0.96862745
0.97254902
0.96862745
0.96078432
0.77254903
0.50588238
0.49019608
0.44313726
0.42352942
0.45490196
0.45882353
0.40392157
0.34509805
0.41960785
0.78431374
0.93725491
0.96862745
0.96862745
0.96862745
0.95686275
0.78039217
0.42352942
0.27450982
0.41960785
0.61960787
0.35686275
0.41176471
0.39607844
0.24313726
0.43137255
0.82352942
0.95686275
0.96470588
0.96862745
0.96862745
0.96862745
0.83529413
0.57647061
0.43529412
0.50196081
0.51372552
0.54509807
0.43137255
0.33725491
0.33333334
0.38823530
0.41176471
0.29019609
0.27450982
0.35294119
0.53333336
0.81960785
0.59607846
0.46274510
0.38039216
0.34117648
0.35294119
0.32941177
0.44313726
0.56470591
0.58039218
0.41960785
0.51764709
0.51764709
0.44313726
0.37647060
0.45490196
0.37254903
0.31764707
0.27058825
0.36078432
0.44705883
0.50588238
0.54117650
0.41568628
0.30588236
0.25490198
0.29019609
0.38823530
0.28627452
0.25882354
0.31764707
0.46666667
0.69411767
0.55294120
0.45098040
0.38431373
0.35686275
0.35294119
0.33725491
0.37647060
0.43137255
0.45098040
0.34509805
0.44313726
0.47843137
0.46666667
0.45882353
0.55294120
0.35686275
0.26666668
0.23921569
0.37647060
0.42745098
0.46666667
0.49411765
0.34509805
0.27450982
0.24705882
0.27450982
0.37254903
0.33333334
0.28235295
0.29411766
0.40392157
0.61960787
0.58431375
0.50196081
0.41960785
0.36078432
0.34901962
0.36470589
0.44705883
0.47450981
0.41568628
0.34901962
0.42352942
0.49411765
0.51764709
0.50196081
0.63921571
0.40000001
0.27843139
0.23529412
0.39215687
0.44313726
0.41960785
0.39607844
0.31372550
0.25882354
0.25098041
0.30588236
0.43137255
0.40000001
0.34117648
0.32156864
0.39607844
0.59607846
0.58823532
0.53333336
0.45882353
0.40392157
0.39215687
0.39215687
0.45882353
0.47450981
0.41176471
0.36862746
0.44705883
0.54509807
0.55294120
0.47843137
0.57647061
0.41960785
0.31764707
0.26274511
0.38431373
0.46666667
0.45490196
0.36470589
0.34901962
0.30196080
0.29411766
0.35294119
0.45490196
0.38039216
0.32156864
0.31764707
0.39215687
0.58039218
0.55686277
0.49411765
0.43529412
0.40392157
0.41960785
0.38823530
0.45098040
0.46274510
0.38431373
0.35686275
0.39607844
0.45098040
0.46666667
0.43529412
0.48235294
0.36470589
0.29019609
0.25098041
0.32941177
0.43529412
0.47450981
0.36078432
0.37647060
0.34117648
0.31372550
0.31764707
0.33725491
0.30196080
0.29411766
0.30980393
0.35686275
0.45882353
0.47843137
0.46274510
0.42352942
0.38039216
0.37647060
0.36078432
0.42745098
0.45490196
0.40000001
0.35294119
0.36078432
0.37647060
0.38431373
0.38431373
0.42745098
0.30196080
0.23921569
0.21568628
0.29411766
0.38039216
0.42745098
0.36078432
0.37647060
0.32156864
0.27058825
0.25098041
0.26666668
0.28627452
0.29019609
0.30196080
0.32549021
0.35294119
0.39215687
0.41960785
0.39607844
0.34117648
0.31764707
0.34509805
0.41176471
0.43137255
0.38431373
0.32549021
0.31764707
0.31764707
0.31764707
0.33333334
0.38431373
0.26274511
0.20784314
0.19607843
0.29411766
0.33725491
0.38431373
0.39215687
0.36078432
0.28235295
0.21960784
0.18823530
0.20784314
0.23529412
0.24705882
0.26666668
0.29411766
0.32156864
0.37647060
0.40000001
0.38431373
0.34901962
0.32549021
0.31764707
0.30196080
0.29019609
0.29411766
0.28627452
0.27450982
0.28627452
0.29411766
0.29803923
0.36862746
0.28235295
0.21568628
0.19215687
0.26666668
0.30196080
0.36470589
0.42352942
0.35686275
0.26666668
0.20000000
0.17647059
0.18039216
0.18823530
0.19607843
0.21176471
0.24313726
0.29019609
0.36078432
0.38431373
0.38039216
0.35294119
0.30980393
0.27450982
0.24313726
0.23137255
0.24705882
0.26666668
0.25490198
0.27058825
0.28627452
0.30980393
0.42745098
0.33333334
0.23529412
0.19607843
0.27058825
0.33725491
0.41176471
0.45490196
0.36862746
0.26274511
0.20392157
0.18823530
0.19215687
0.18823530
0.19215687
0.20392157
0.23529412
0.28235295
0.34509805
0.38039216
0.37647060
0.34509805
0.29411766
0.25490198
0.22745098
0.21960784
0.23137255
0.26274511
0.25882354
0.27450982
0.29803923
0.32941177
0.43137255
0.33333334
0.24705882
0.20784314
0.27450982
0.37647060
0.45882353
0.40392157
0.27843139
0.22352941
0.20784314
0.21176471
0.20784314
0.20784314
0.20784314
0.21568628
0.23921569
0.27058825
0.32941177
0.38039216
0.38431373
0.33725491
0.27843139
0.26666668
0.22745098
0.20392157
0.21568628
0.25882354
0.27450982
0.29803923
0.31372550
0.31764707
0.36470589
0.31764707
0.26274511
0.22352941
0.23137255
0.31764707
0.40000001
0.36470589
0.28627452
0.22745098
0.21176471
0.22745098
0.23921569
0.24313726
0.28235295
0.27058825
0.22745098
0.24313726
0.29019609
0.34901962
0.37254903
0.34901962
0.30196080
0.29411766
0.24705882
0.21960784
0.23529412
0.28627452
0.27450982
0.27450982
0.28627452
0.30196080
0.31764707
0.32156864
0.29411766
0.25098041
0.21176471
0.24313726
0.30980393
0.36078432
0.38823530
0.34117648
0.32156864
0.30980393
0.23921569
0.23921569
0.35686275
0.38431373
0.31764707
0.25882354
0.29411766
0.33333334
0.36078432
0.38039216
0.41176471
0.33725491
0.26274511
0.24705882
0.30588236
0.37254903
0.32156864
0.29019609
0.27058825
0.25490198
0.29019609
0.32941177
0.32156864
0.27450982
0.20784314
0.21176471
0.26666668
0.33725491
0.30980393
0.33333334
0.40000001
0.42745098
0.32549021
0.29411766
0.32156864
0.39215687
0.41176471
0.27450982
0.29411766
0.33725491
0.38039216
0.40392157
0.38823530
0.29803923
0.26274511
0.27843139
0.32941177
0.35294119
0.29411766
0.26274511
0.23921569
0.21176471
0.22745098
0.29803923
0.29019609
0.23921569
0.19607843
0.20392157
0.26274511
0.32941177
0.25882354
0.23137255
0.25490198
0.30196080
0.33333334
0.38039216
0.38431373
0.38431373
0.36470589
0.28235295
0.25882354
0.31372550
0.36470589
0.37254903
0.32941177
0.31764707
0.29411766
0.27450982
0.27058825
0.29803923
0.24705882
0.23137255
0.23529412
0.25098041
0.25098041
0.29411766
0.30196080
0.26274511
0.20784314
0.21960784
0.28235295
0.34901962
0.24313726
0.18823530
0.17647059
0.19607843
0.22352941
0.25098041
0.26274511
0.26274511
0.25098041
0.24313726
0.25098041
0.27058825
0.28235295
0.27058825
0.25490198
0.26666668
0.26274511
0.27450982
0.30588236
0.30588236
0.23921569
0.21960784
0.23529412
0.26274511
0.27058825
0.32941177
0.36078432
0.32156864
0.21960784
0.21960784
0.25882354
0.30588236
0.26666668
0.25098041
0.20784314
0.16470589
0.18039216
0.28627452
0.27843139
0.24705882
0.21960784
0.18823530
0.20784314
0.21176471
0.21568628
0.22745098
0.24313726
0.28627452
0.31372550
0.30980393
0.27450982
0.23529412
0.18039216
0.16470589
0.19215687
0.25490198
0.33725491
0.37647060
0.34509805
0.27058825
0.21960784
0.21176471
0.24705882
0.28235295
0.27843139
0.27450982
0.18431373
0.07450981
0.07450981
0.22745098
0.25882354
0.26666668
0.28235295
0.28627452
0.23921569
0.22352941
0.24313726
0.29803923
0.35686275
0.32549021
0.27450982
0.24313726
0.25098041
0.25882354
0.19215687
0.18039216
0.20392157
0.24313726
0.30196080
0.36470589
0.35686275
0.28235295
0.22745098
0.25490198
0.30588236
0.31764707
0.22745098
0.19607843
0.12941177
0.06274510
0.07450981
0.20784314
0.20784314
0.19607843
0.21960784
0.29411766
0.20000000
0.18431373
0.22745098
0.29803923
0.36078432
0.34509805
0.26666668
0.22352941
0.25490198
0.29803923
0.25882354
0.24705882
0.23529412
0.22352941
0.28627452
0.34117648
0.32941177
0.26666668
0.25098041
0.27450982
0.32941177
0.36078432
0.22352941
0.19215687
0.14117648
0.08235294
0.09019608
0.23137255
0.21960784
0.18039216
0.18039216
0.27450982
0.22745098
0.22352941
0.27450982
0.33725491
0.34509805
0.34901962
0.46666667
0.49803922
0.39215687
0.33725491
0.30196080
0.26274511
0.23137255
0.22745098
0.26274511
0.31372550
0.32156864
0.27843139
0.30588236
0.31764707
0.35294119
0.38039216
0.24705882
0.19607843
0.13725491
0.08235294
0.09019608
0.21568628
0.23529412
0.18823530
0.14509805
0.19215687
0.23921569
0.25490198
0.29803923
0.34117648
0.27450982
0.20392157
0.45098040
0.68235296
0.69019610
0.43529412
0.31372550
0.25490198
0.24313726
0.25882354
0.28235295
0.32156864
0.33333334
0.29019609
0.51764709
0.50196081
0.46274510
0.39215687
0.33333334
0.28235295
0.21176471
0.14117648
0.12549020
0.21176471
0.28627452
0.27058825
0.18039216
0.11372549
0.21176471
0.27058825
0.29803923
0.28627452
0.18039216
0.11764706
0.30196080
0.59215689
0.78431374
0.56078434
0.39607844
0.34509805
0.37254903
0.41568628
0.39215687
0.39607844
0.40784314
0.36862746
0.67058825
0.64313728
0.56862748
0.48235294
0.46666667
0.44313726
0.38431373
0.30196080
0.22745098
0.27450982
0.50588238
0.57254905
0.39607844
0.08235294
0.18431373
0.30588236
0.30196080
0.18431373
0.09803922
0.07450981
0.20784314
0.48627451
0.78431374
0.75686276
0.69411767
0.68235296
0.70980394
0.73725492
0.66666669
0.63921571
0.66274512
0.61176473
0.54509807
0.55686277
0.55686277
0.54901963
0.56470591
0.54901963
0.50980395
0.44705883
0.35686275
0.34117648
0.68235296
0.81568629
0.59215689
0.10196079
0.09411765
0.16862746
0.18431373
0.12156863
0.06274510
0.05490196
0.14117648
0.39607844
0.73333335
0.82745099
0.91372550
0.93725491
0.92941177
0.91372550
0.89803922
0.88627452
0.89803922
0.80784315
0.54117650
0.57254905
0.58431375
0.58823532
0.58039218
0.55686277
0.52156866
0.47058824
0.41176471
0.37647060
0.69803923
0.86666667
0.68627453
0.17647059
0.09411765
0.10980392
0.12549020
0.10980392
0.06666667
0.05098039
0.10588235
0.33333334
0.66274512
0.79215688
0.90588236
0.94509804
0.94901961
0.94901961
0.94901961
0.95294118
0.92549020
0.77254903
0.54509807
0.58431375
0.60000002
0.61176473
0.56470591
0.52156866
0.47843137
0.43529412
0.38823530
0.46274510
0.76862746
0.92941177
0.78431374
0.30588236
0.12156863
0.07843138
0.07450981
0.06666667
0.06274510
0.03921569
0.10196079
0.30980393
0.62352943
0.80784315
0.91372550
0.94509804
0.94509804
0.94901961
0.94509804
0.91372550
0.75686276
0.50980395
0.54509807
0.58039218
0.59215689
0.59215689
0.54901963
0.49019608
0.43529412
0.38431373
0.34117648
0.54901963
0.82745099
0.96470588
0.85490197
0.48627451
0.17254902
0.07058824
0.05098039
0.04705882
0.05098039
0.03529412
0.13333334
0.34901962
0.63921571
0.85882354
0.93333334
0.95294118
0.94901961
0.95294118
0.94901961
0.81960785
0.53725493
0.27450982
0.53725493
0.56078434
0.57254905
0.58039218
0.52941179
0.47058824
0.41176471
0.35294119
0.30980393
0.51764709
0.81960785
0.96862745
0.90980393
0.69019610
0.30588236
0.12156863
0.05490196
0.04705882
0.04313726
0.05490196
0.20000000
0.41568628
0.64705884
0.87843138
0.94117647
0.95686275
0.95686275
0.95686275
0.95294118
0.77254903
0.45882353
0.21960784
0.50196081
0.51764709
0.53725493
0.56862748
0.50980395
0.45098040
0.39215687
0.33725491
0.29803923
0.49411765
0.80784315
0.97254902
0.94901961
0.84705883
0.50980395
0.25882354
0.10980392
0.05882353
0.05882353
0.11372549
0.27450982
0.42745098
0.56470591
0.82352942
0.92941177
0.95686275
0.95686275
0.95686275
0.95294118
0.80000001
0.48627451
0.23529412
0.45098040
0.46666667
0.49803922
0.52941179
0.47450981
0.41960785
0.36862746
0.33333334
0.34509805
0.68235296
0.88627452
0.96862745
0.96862745
0.94509804
0.67450982
0.38823530
0.19607843
0.12549020
0.12941177
0.17647059
0.24313726
0.28627452
0.34901962
0.64705884
0.88235295
0.95686275
0.96078432
0.96470588
0.95686275
0.87058824
0.58431375
0.29803923
0.41960785
0.41568628
0.42352942
0.43137255
0.40392157
0.36862746
0.31372550
0.34117648
0.58039218
0.87843138
0.96078432
0.97254902
0.97254902
0.96470588
0.69411767
0.35294119
0.18039216
0.20784314
0.26274511
0.21568628
0.17254902
0.13333334
0.15294118
0.44313726
0.82745099
0.95686275
0.96470588
0.96862745
0.96470588
0.94117647
0.71372551
0.41568628
0.37647060
0.33333334
0.31764707
0.35294119
0.35686275
0.30980393
0.26666668
0.37254903
0.76470590
0.93333334
0.96862745
0.96862745
0.96862745
0.96862745
0.78823531
0.39607844
0.23137255
0.37647060
0.56078434
0.28627452
0.34509805
0.34117648
0.19607843
0.40000001
0.81176472
0.95294118
0.96078432
0.96470588
0.96470588
0.96078432
0.79215688
0.50196081
0.38431373
0.44705883
0.45882353
0.48235294
0.36470589
0.28235295
0.29019609
0.34901962
0.36862746
0.25098041
0.23921569
0.31764707
0.49803922
0.77647060
0.54117650
0.40784314
0.32941177
0.29411766
0.30980393
0.29411766
0.40784314
0.52156866
0.52941179
0.36078432
0.46274510
0.45882353
0.38823530
0.32549021
0.40000001
0.31764707
0.27450982
0.23921569
0.30980393
0.39215687
0.45098040
0.48235294
0.34901962
0.25098041
0.21176471
0.24705882
0.34509805
0.24705882
0.22352941
0.28235295
0.43137255
0.65098041
0.49803922
0.39607844
0.33333334
0.30980393
0.31372550
0.30588236
0.33725491
0.38823530
0.40000001
0.28627452
0.38039216
0.41176471
0.40392157
0.40000001
0.49019608
0.30196080
0.22352941
0.20784314
0.32156864
0.36862746
0.40784314
0.43921569
0.28627452
0.22745098
0.20784314
0.23921569
0.32941177
0.29411766
0.24313726
0.25490198
0.36470589
0.57647061
0.53333336
0.45098040
0.36862746
0.31764707
0.30980393
0.33333334
0.41176471
0.43529412
0.36862746
0.29411766
0.36078432
0.42745098
0.44705883
0.43137255
0.56862748
0.33725491
0.22745098
0.20000000
0.32941177
0.36862746
0.34901962
0.34901962
0.26274511
0.21960784
0.21960784
0.27450982
0.39215687
0.35686275
0.29803923
0.28235295
0.35686275
0.55294120
0.54117650
0.48627451
0.41568628
0.36470589
0.36078432
0.36862746
0.43529412
0.44313726
0.36862746
0.32549021
0.39607844
0.48235294
0.48627451
0.40000001
0.49019608
0.34509805
0.25882354
0.21568628
0.31764707
0.37647060
0.36862746
0.30588236
0.29411766
0.25882354
0.26274511
0.31764707
0.41176471
0.34117648
0.28627452
0.27843139
0.35686275
0.53725493
0.50980395
0.44705883
0.39215687
0.36470589
0.39215687
0.36470589
0.42745098
0.43137255
0.34117648
0.31372550
0.34901962
0.40000001
0.40000001
0.34509805
0.37254903
0.28235295
0.23529412
0.20784314
0.25882354
0.33725491
0.37254903
0.29411766
0.31372550
0.29019609
0.27450982
0.27843139
0.29019609
0.26666668
0.25882354
0.27450982
0.32156864
0.41960785
0.43137255
0.41568628
0.38039216
0.34509805
0.34509805
0.33725491
0.40392157
0.42352942
0.36078432
0.30980393
0.31764707
0.32941177
0.31764707
0.28627452
0.29803923
0.21568628
0.19215687
0.18039216
0.23137255
0.28627452
0.32549021
0.27843139
0.29411766
0.25490198
0.22745098
0.22352941
0.23137255
0.24313726
0.24313726
0.25882354
0.28235295
0.30588236
0.34509805
0.37254903
0.35294119
0.30588236
0.29019609
0.32156864
0.38431373
0.40392157
0.34509805
0.28235295
0.27058825
0.26666668
0.25490198
0.24705882
0.26666668
0.18431373
0.16078432
0.16470589
0.23529412
0.25490198
0.28627452
0.30196080
0.26666668
0.21176471
0.17647059
0.16862746
0.17647059
0.18823530
0.19607843
0.21568628
0.24705882
0.27450982
0.32549021
0.35294119
0.34509805
0.31372550
0.29803923
0.28627452
0.27450982
0.26274511
0.25882354
0.24313726
0.22745098
0.22745098
0.23137255
0.23137255
0.27450982
0.21176471
0.17254902
0.16470589
0.21176471
0.22352941
0.26274511
0.32941177
0.27450982
0.20000000
0.15686275
0.14901961
0.14509805
0.14901961
0.15294118
0.17254902
0.20392157
0.24705882
0.30980393
0.33725491
0.33725491
0.31764707
0.28235295
0.24705882
0.21568628
0.20392157
0.21176471
0.22352941
0.20784314
0.21176471
0.22352941
0.24705882
0.33725491
0.26274511
0.19607843
0.16862746
0.22352941
0.25882354
0.30588236
0.35294119
0.29411766
0.20784314
0.16470589
0.15294118
0.14901961
0.14901961
0.15686275
0.17254902
0.20392157
0.24705882
0.30196080
0.33333334
0.33333334
0.30980393
0.26666668
0.22745098
0.20392157
0.19215687
0.20000000
0.21960784
0.21176471
0.21960784
0.23529412
0.26274511
0.34117648
0.26274511
0.20392157
0.17647059
0.22745098
0.30196080
0.35686275
0.29803923
0.21568628
0.18823530
0.17647059
0.17254902
0.16862746
0.16862746
0.16470589
0.17647059
0.20784314
0.25098041
0.29803923
0.34117648
0.34117648
0.30588236
0.25882354
0.23921569
0.20392157
0.18039216
0.19215687
0.22352941
0.23529412
0.24313726
0.24313726
0.23529412
0.27058825
0.23921569
0.20000000
0.17254902
0.18431373
0.25882354
0.32156864
0.27058825
0.21568628
0.18431373
0.16862746
0.17647059
0.20392157
0.19607843
0.22352941
0.20784314
0.18039216
0.21568628
0.26666668
0.31372550
0.32941177
0.30588236
0.27058825
0.26274511
0.21960784
0.18823530
0.19215687
0.23137255
0.21960784
0.22352941
0.22352941
0.22352941
0.22352941
0.22745098
0.20392157
0.18039216
0.16862746
0.19607843
0.25098041
0.28235295
0.30980393
0.27058825
0.24705882
0.23137255
0.19607843
0.19607843
0.28235295
0.29803923
0.23921569
0.21176471
0.25882354
0.30196080
0.32549021
0.33333334
0.35686275
0.29411766
0.22352941
0.20000000
0.24313726
0.29803923
0.25490198
0.23529412
0.21568628
0.20000000
0.21960784
0.24705882
0.23137255
0.19607843
0.17647059
0.17647059
0.21568628
0.27058825
0.23137255
0.25490198
0.30588236
0.32549021
0.25882354
0.23921569
0.23921569
0.28627452
0.31372550
0.21176471
0.25490198
0.30980393
0.34901962
0.34901962
0.31764707
0.24705882
0.21960784
0.23529412
0.27058825
0.27450982
0.22745098
0.20392157
0.18431373
0.16470589
0.18431373
0.23529412
0.21960784
0.18039216
0.16470589
0.17254902
0.22352941
0.27450982
0.19215687
0.16470589
0.20000000
0.25490198
0.26666668
0.30588236
0.29411766
0.28627452
0.27450982
0.21568628
0.23529412
0.29411766
0.33333334
0.32549021
0.26666668
0.26274511
0.24313726
0.21960784
0.21176471
0.22745098
0.18431373
0.17254902
0.18431373
0.20392157
0.20000000
0.22745098
0.23137255
0.20784314
0.18039216
0.19215687
0.24705882
0.30196080
0.19607843
0.14117648
0.14509805
0.17254902
0.17254902
0.16862746
0.17254902
0.18039216
0.18823530
0.19607843
0.20392157
0.22745098
0.23921569
0.23529412
0.21568628
0.20000000
0.16862746
0.16862746
0.21568628
0.24313726
0.18431373
0.16862746
0.18431373
0.20784314
0.20784314
0.25098041
0.28235295
0.26274511
0.19215687
0.19215687
0.21960784
0.25490198
0.19607843
0.16862746
0.13725491
0.11764706
0.12549020
0.19607843
0.17647059
0.15294118
0.13725491
0.11764706
0.13725491
0.14509805
0.15686275
0.17254902
0.18431373
0.19607843
0.20000000
0.19607843
0.18823530
0.18823530
0.14509805
0.12156863
0.14117648
0.19215687
0.25882354
0.27843139
0.25882354
0.20784314
0.18431373
0.18431373
0.21176471
0.23137255
0.20784314
0.19215687
0.12156863
0.04313726
0.04313726
0.15294118
0.16078432
0.16078432
0.17647059
0.18823530
0.16862746
0.16078432
0.17647059
0.21568628
0.26666668
0.21960784
0.17647059
0.16470589
0.18431373
0.20000000
0.15294118
0.14117648
0.15294118
0.18039216
0.22352941
0.27058825
0.27058825
0.22352941
0.18823530
0.21960784
0.26666668
0.27058825
0.18039216
0.14117648
0.09019608
0.03921569
0.04705882
0.15294118
0.13725491
0.12941177
0.16078432
0.20784314
0.14509805
0.14901961
0.17254902
0.20784314
0.27058825
0.26274511
0.20000000
0.16862746
0.20000000
0.23529412
0.20784314
0.19607843
0.18431373
0.17254902
0.22745098
0.26666668
0.25490198
0.21176471
0.20784314
0.23137255
0.28235295
0.31372550
0.18431373
0.14509805
0.10588235
0.06666667
0.07058824
0.17647059
0.15294118
0.12941177
0.14509805
0.20784314
0.16862746
0.17647059
0.20392157
0.23137255
0.24705882
0.25882354
0.37254903
0.39607844
0.29019609
0.25098041
0.23921569
0.20392157
0.17647059
0.16862746
0.20000000
0.23529412
0.24313726
0.21568628
0.25490198
0.26666668
0.29803923
0.32156864
0.20000000
0.14509805
0.09803922
0.06274510
0.06666667
0.16078432
0.17254902
0.14509805
0.12549020
0.14509805
0.18431373
0.20392157
0.22745098
0.23921569
0.18823530
0.13725491
0.34901962
0.54901963
0.54901963
0.32941177
0.23921569
0.18823530
0.17647059
0.19215687
0.21176471
0.23529412
0.24705882
0.21960784
0.45882353
0.43137255
0.37647060
0.29411766
0.24313726
0.19607843
0.14509805
0.09803922
0.08627451
0.16470589
0.23921569
0.23529412
0.15686275
0.09019608
0.16470589
0.21176471
0.22745098
0.20784314
0.12549020
0.09411765
0.23529412
0.46274510
0.62352943
0.44313726
0.31372550
0.27450982
0.30196080
0.34509805
0.32156864
0.30980393
0.32156864
0.29411766
0.56862748
0.52549022
0.43529412
0.32941177
0.32941177
0.32156864
0.27843139
0.21176471
0.15294118
0.23137255
0.47843137
0.54117650
0.36078432
0.07058824
0.14509805
0.24705882
0.23921569
0.13333334
0.07843138
0.07450981
0.16078432
0.37254903
0.62352943
0.63529414
0.61568630
0.61960787
0.65098041
0.67843139
0.60784316
0.57254905
0.59215689
0.54901963
0.40784314
0.40784314
0.40392157
0.39607844
0.42352942
0.41176471
0.38039216
0.32549021
0.24705882
0.28627452
0.65882355
0.79607844
0.55686277
0.09019608
0.07450981
0.13333334
0.14509805
0.09411765
0.05882353
0.05882353
0.11372549
0.29803923
0.57647061
0.69803923
0.84705883
0.89803922
0.89803922
0.88235295
0.86666667
0.86274511
0.87450981
0.78823531
0.40000001
0.41960785
0.43137255
0.43921569
0.43529412
0.41960785
0.39215687
0.34901962
0.30196080
0.31372550
0.67843139
0.84705883
0.65490198
0.15294118
0.07058824
0.07843138
0.09411765
0.09019608
0.06666667
0.05882353
0.09019608
0.24705882
0.50588238
0.65882355
0.84705883
0.91764706
0.92549020
0.92156863
0.92549020
0.93333334
0.90196079
0.74117649
0.40000001
0.42745098
0.44313726
0.45882353
0.43137255
0.39607844
0.36470589
0.32941177
0.29411766
0.40392157
0.74117649
0.90588236
0.74117649
0.25098041
0.09411765
0.05882353
0.05882353
0.05490196
0.05490196
0.05098039
0.07843138
0.21568628
0.46274510
0.70196080
0.86666667
0.92156863
0.92549020
0.92549020
0.92941177
0.88235295
0.69019610
0.42352942
0.40000001
0.43137255
0.44313726
0.45098040
0.42352942
0.37647060
0.32941177
0.28235295
0.25882354
0.50196081
0.80784315
0.93725491
0.80000001
0.40392157
0.12941177
0.05882353
0.05490196
0.05490196
0.05098039
0.04313726
0.09411765
0.24313726
0.49411765
0.79607844
0.90588236
0.93333334
0.93333334
0.93725491
0.93333334
0.77254903
0.45098040
0.17254902
0.40392157
0.42352942
0.43137255
0.44313726
0.40392157
0.35686275
0.30196080
0.25098041
0.23137255
0.48235294
0.80784315
0.94901961
0.85882354
0.59607846
0.23529412
0.09019608
0.05882353
0.05882353
0.04705882
0.05098039
0.12941177
0.29019609
0.52941179
0.82745099
0.91764706
0.94117647
0.94117647
0.94117647
0.92941177
0.71372551
0.36862746
0.12156863
0.37647060
0.38431373
0.40392157
0.43529412
0.38823530
0.33333334
0.28627452
0.24313726
0.21960784
0.45490196
0.79607844
0.96078432
0.91372550
0.76862746
0.40392157
0.18823530
0.08627451
0.05490196
0.04705882
0.07843138
0.16862746
0.29019609
0.46274510
0.78039217
0.90588236
0.94117647
0.94509804
0.94117647
0.93333334
0.74901962
0.40392157
0.14509805
0.32941177
0.34509805
0.37254903
0.40784314
0.35686275
0.30588236
0.26666668
0.25098041
0.29411766
0.66274512
0.88235295
0.96862745
0.95686275
0.90980393
0.58431375
0.30196080
0.14117648
0.09803922
0.09411765
0.12549020
0.15686275
0.18823530
0.28235295
0.62745100
0.87058824
0.94901961
0.95294118
0.95294118
0.94509804
0.83137256
0.50980395
0.20784314
0.30196080
0.30196080
0.32156864
0.33725491
0.30196080
0.26666668
0.22745098
0.28235295
0.54901963
0.87058824
0.95686275
0.97254902
0.96862745
0.95294118
0.64705884
0.29803923
0.13725491
0.17647059
0.21176471
0.15686275
0.11372549
0.08235294
0.14117648
0.46666667
0.83137256
0.94901961
0.95686275
0.96078432
0.95294118
0.90980393
0.64705884
0.32941177
0.26666668
0.23137255
0.22745098
0.26666668
0.26274511
0.21960784
0.20000000
0.33333334
0.75686276
0.92941177
0.96862745
0.96862745
0.96862745
0.96078432
0.76078433
0.35686275
0.19215687
0.34117648
0.50980395
0.24313726
0.30588236
0.31372550
0.19215687
0.42352942
0.81568629
0.94509804
0.95294118
0.95686275
0.96078432
0.94117647
0.74117649
0.42745098
1 0 0 0 -1 0 0 0 0 0 0
0 1 0 0 -1 0 0 0 0 0 0
0 0 1 0 -1 0 0 0 0 0 0
0 0 0 1 -1 0 0 0 0 0 0
0 0 0 0 -1 1 0 0 0 0 0
0 0 0 0 -1 0 1 0 0 0 0
0 0 0 0 -1 0 0 1 0 0 0
0 0 0 0 -1 0 0 0 1 0 0
0 0 0 0 -1 0 0 0 0 1 0
