0.83137256
0.82745099
0.83529413
0.84313726
0.84705883
0.85098040
0.85490197
0.86274511
0.87058824
0.87843138
0.88235295
0.88235295
0.88627452
0.89019608
0.89803922
0.89803922
0.89803922
0.90588236
0.90980393
0.91372550
0.91764706
0.91764706
0.91764706
0.91764706
0.92549020
0.92549020
0.92549020
0.92549020
0.92549020
0.92156863
0.91764706
0.91764706
0.83921570
0.83529413
0.83921570
0.84705883
0.85490197
0.85490197
0.85882354
0.87058824
0.87843138
0.89019608
0.89803922
0.89803922
0.90196079
0.90588236
0.91372550
0.91764706
0.92156863
0.92549020
0.93333334
0.93333334
0.93725491
0.93725491
0.93725491
0.93725491
0.94117647
0.94117647
0.94117647
0.94509804
0.94509804
0.93725491
0.93725491
0.93725491
0.85882354
0.85098040
0.85490197
0.85882354
0.86666667
0.86666667
0.87058824
0.88235295
0.89019608
0.89411765
0.89803922
0.90588236
0.90980393
0.91372550
0.91764706
0.92156863
0.92941177
0.93725491
0.94509804
0.94901961
0.94901961
0.94901961
0.94901961
0.94901961
0.95294118
0.95294118
0.95686275
0.95686275
0.96078432
0.95686275
0.95686275
0.95686275
0.87843138
0.87058824
0.87058824
0.87058824
0.87843138
0.88235295
0.88627452
0.90196079
0.90980393
0.90588236
0.90588236
0.90980393
0.91372550
0.91372550
0.91764706
0.92156863
0.92941177
0.93333334
0.94117647
0.94509804
0.94901961
0.94901961
0.95294118
0.95294118
0.96078432
0.96078432
0.96862745
0.96862745
0.96862745
0.96078432
0.96078432
0.96470588
0.89019608
0.87843138
0.87450981
0.87450981
0.87843138
0.88627452
0.89411765
0.90196079
0.90588236
0.91372550
0.91764706
0.91764706
0.91764706
0.91764706
0.92156863
0.92941177
0.93333334
0.93725491
0.94117647
0.94509804
0.94509804
0.94901961
0.95686275
0.95686275
0.96078432
0.96078432
0.96862745
0.96862745
0.96862745
0.94901961
0.95686275
0.95686275
0.89411765
0.88235295
0.88627452
0.89803922
0.90196079
0.90196079
0.90980393
0.90588236
0.90588236
0.90980393
0.91372550
0.91372550
0.90980393
0.90980393
0.91372550
0.92156863
0.93725491
0.93725491
0.94117647
0.94117647
0.94509804
0.95294118
0.95686275
0.95686275
0.95686275
0.95686275
0.96078432
0.96470588
0.96078432
0.95686275
0.95686275
0.95294118
0.87843138
0.87450981
0.88235295
0.89019608
0.90980393
0.90980393
0.91372550
0.91372550
0.91372550
0.91372550
0.91372550
0.91764706
0.91372550
0.91372550
0.91372550
0.92156863
0.93333334
0.93725491
0.93725491
0.94117647
0.94117647
0.94901961
0.95294118
0.95294118
0.94901961
0.94901961
0.94901961
0.95686275
0.95686275
0.95686275
0.95294118
0.96078432
0.87058824
0.87058824
0.87843138
0.88235295
0.89411765
0.89019608
0.89411765
0.90980393
0.92156863
0.92156863
0.92549020
0.92941177
0.92941177
0.92941177
0.92941177
0.92941177
0.92941177
0.93333334
0.93725491
0.93725491
0.93725491
0.94509804
0.94117647
0.94117647
0.94509804
0.94509804
0.94117647
0.94901961
0.95686275
0.95686275
0.95294118
0.96862745
0.85098040
0.84705883
0.85490197
0.86666667
0.87843138
0.87843138
0.88235295
0.89019608
0.89803922
0.90588236
0.91764706
0.92156863
0.92549020
0.92549020
0.92941177
0.92549020
0.91764706
0.91764706
0.92156863
0.92549020
0.92941177
0.93333334
0.92941177
0.93333334
0.93725491
0.93725491
0.93333334
0.93725491
0.94509804
0.94901961
0.94509804
0.94901961
0.84705883
0.83921570
0.85098040
0.86666667
0.87450981
0.87450981
0.88235295
0.89019608
0.89803922
0.90196079
0.90196079
0.90980393
0.91764706
0.92156863
0.92549020
0.92549020
0.92549020
0.92549020
0.92549020
0.93333334
0.93725491
0.93725491
0.93725491
0.93725491
0.94117647
0.94117647
0.93333334
0.93333334
0.94117647
0.94117647
0.94509804
0.94509804
0.65098041
0.65098041
0.66274512
0.67058825
0.67843139
0.68235296
0.67843139
0.68627453
0.69803923
0.70588237
0.70980394
0.72156864
0.73725492
0.74117649
0.74901962
0.75686276
0.76470590
0.76470590
0.76470590
0.76470590
0.76862746
0.76862746
0.76862746
0.76862746
0.77254903
0.77647060
0.77254903
0.77647060
0.76862746
0.76862746
0.76862746
0.76470590
0.43529412
0.43529412
0.43529412
0.43921569
0.45882353
0.44705883
0.45490196
0.48627451
0.49019608
0.51372552
0.49803922
0.48235294
0.49803922
0.50196081
0.48235294
0.51372552
0.58039218
0.52156866
0.49411765
0.57647061
0.58039218
0.58039218
0.58039218
0.58039218
0.58431375
0.59215689
0.58823532
0.53725493
0.55686277
0.51372552
0.53725493
0.45098040
0.48235294
0.49411765
0.45490196
0.44705883
0.48235294
0.43137255
0.44313726
0.53725493
0.50196081
0.42352942
0.32941177
0.29803923
0.30196080
0.29411766
0.28627452
0.30196080
0.39215687
0.33333334
0.33333334
0.61176473
0.58039218
0.59607846
0.60392159
0.61960787
0.60000002
0.58823532
0.60784316
0.38431373
0.51372552
0.45490196
0.45490196
0.36862746
0.24313726
0.30980393
0.34117648
0.36078432
0.37647060
0.31764707
0.30196080
0.40392157
0.44313726
0.28627452
0.21176471
0.20392157
0.23137255
0.20784314
0.16078432
0.20784314
0.21568628
0.26666668
0.29803923
0.37647060
0.41960785
0.43137255
0.43137255
0.43921569
0.41568628
0.40000001
0.40392157
0.25098041
0.32549021
0.29411766
0.30980393
0.32941177
0.28235295
0.27058825
0.34117648
0.39607844
0.41176471
0.40784314
0.34901962
0.36470589
0.35294119
0.23137255
0.19215687
0.23137255
0.32941177
0.23921569
0.12156863
0.22352941
0.24705882
0.21568628
0.33333334
0.36862746
0.43137255
0.44313726
0.42745098
0.41960785
0.41568628
0.41568628
0.39215687
0.34117648
0.33725491
0.31372550
0.30980393
0.22352941
0.50196081
0.48235294
0.50980395
0.52549022
0.52549022
0.54117650
0.67843139
0.67450982
0.54117650
0.43921569
0.39607844
0.39215687
0.39607844
0.36470589
0.34117648
0.36470589
0.36862746
0.34901962
0.46274510
0.70588237
0.77647060
0.78431374
0.76862746
0.70196080
0.57254905
0.55294120
0.54901963
0.52156866
0.50980395
0.41176471
0.34509805
0.24705882
0.49019608
0.49803922
0.53333336
0.53333336
0.51372552
0.60784316
0.88627452
0.90196079
0.85490197
0.78431374
0.76078433
0.71372551
0.67843139
0.70196080
0.66666669
0.63137257
0.65098041
0.68627453
0.66666669
0.71372551
0.74509805
0.75686276
0.72156864
0.70196080
0.55686277
0.53725493
0.54509807
0.53725493
0.54117650
0.50980395
0.42745098
0.29019609
0.56470591
0.57254905
0.61176473
0.60000002
0.60000002
0.76862746
0.82352942
0.82352942
0.82352942
0.77647060
0.76078433
0.72156864
0.71372551
0.72156864
0.67058825
0.66274512
0.69803923
0.72941178
0.71764708
0.73333335
0.70196080
0.66274512
0.67058825
0.70196080
0.61176473
0.57647061
0.57254905
0.57254905
0.56470591
0.56470591
0.50588238
0.39215687
0.44705883
0.44313726
0.45490196
0.43921569
0.52549022
0.74509805
0.63921571
0.72549021
0.65882355
0.42352942
0.56470591
0.65882355
0.66666669
0.65882355
0.62745100
0.64313728
0.69411767
0.78039217
0.76078433
0.74117649
0.72941178
0.62352943
0.57254905
0.62352943
0.50196081
0.46274510
0.46274510
0.46274510
0.46274510
0.46274510
0.44313726
0.40784314
0.38431373
0.37647060
0.36470589
0.36078432
0.44705883
0.64313728
0.60392159
0.69411767
0.36470589
0.05882353
0.21960784
0.55294120
0.58431375
0.61176473
0.60392159
0.61176473
0.70588237
0.76078433
0.68235296
0.64705884
0.65098041
0.36470589
0.12941177
0.28627452
0.41176471
0.42352942
0.43529412
0.41960785
0.41568628
0.41568628
0.39607844
0.36470589
0.36470589
0.36862746
0.36862746
0.37254903
0.36078432
0.47843137
0.54901963
0.53725493
0.19607843
0.15686275
0.13333334
0.43921569
0.58823532
0.63529414
0.63529414
0.65098041
0.69019610
0.66274512
0.60784316
0.61176473
0.52549022
0.16078432
0.14509805
0.12156863
0.31372550
0.38431373
0.42352942
0.41568628
0.40784314
0.40784314
0.39215687
0.37254903
0.34901962
0.34509805
0.34901962
0.36470589
0.35294119
0.38039216
0.43137255
0.33725491
0.12549020
0.16470589
0.12941177
0.30196080
0.45098040
0.48235294
0.48235294
0.48627451
0.48235294
0.48235294
0.48627451
0.47058824
0.27450982
0.08235294
0.14117648
0.11372549
0.31372550
0.39607844
0.40000001
0.39607844
0.40000001
0.39215687
0.38431373
0.37647060
0.34901962
0.34117648
0.34117648
0.34509805
0.34901962
0.33725491
0.32549021
0.25882354
0.11764706
0.15686275
0.12549020
0.23137255
0.29019609
0.28627452
0.28235295
0.27843139
0.27450982
0.26666668
0.27058825
0.24313726
0.05882353
0.03137255
0.07450981
0.14901961
0.32941177
0.37647060
0.38431373
0.38823530
0.39607844
0.39607844
0.38823530
0.38431373
0.32156864
0.31764707
0.31764707
0.30588236
0.25882354
0.21176471
0.18823530
0.14509805
0.09803922
0.12156863
0.09803922
0.13725491
0.15686275
0.15686275
0.15686275
0.15686275
0.14901961
0.12941177
0.12549020
0.11764706
0.07450981
0.07843138
0.10980392
0.17647059
0.24313726
0.32549021
0.36470589
0.37254903
0.38431373
0.37647060
0.37647060
0.37254903
0.28627452
0.28627452
0.29019609
0.28235295
0.24313726
0.21176471
0.20392157
0.20000000
0.18431373
0.18431373
0.19607843
0.23529412
0.23921569
0.24313726
0.24313726
0.24705882
0.28627452
0.32156864
0.33333334
0.31372550
0.27450982
0.24705882
0.24313726
0.26274511
0.27843139
0.32156864
0.34117648
0.34509805
0.34117648
0.33725491
0.33333334
0.33333334
0.26666668
0.27058825
0.27450982
0.27450982
0.27450982
0.27058825
0.27058825
0.27450982
0.26274511
0.26274511
0.27843139
0.32941177
0.32156864
0.31764707
0.30980393
0.31764707
0.36078432
0.41960785
0.47450981
0.47058824
0.42352942
0.36862746
0.33333334
0.31764707
0.31764707
0.32549021
0.32156864
0.31764707
0.30588236
0.30588236
0.30588236
0.30588236
0.26666668
0.26666668
0.26666668
0.27450982
0.27450982
0.27450982
0.27058825
0.27843139
0.27058825
0.27450982
0.27450982
0.28235295
0.29411766
0.29803923
0.29803923
0.30196080
0.30196080
0.31372550
0.33725491
0.37254903
0.41176471
0.41568628
0.40392157
0.37647060
0.33725491
0.32941177
0.32156864
0.31764707
0.30980393
0.29803923
0.29411766
0.29019609
0.27450982
0.27058825
0.26666668
0.27843139
0.28235295
0.28235295
0.27843139
0.28235295
0.27843139
0.28235295
0.28235295
0.28627452
0.29019609
0.29019609
0.29019609
0.29411766
0.29411766
0.29411766
0.29411766
0.29803923
0.30196080
0.30196080
0.30980393
0.31764707
0.31764707
0.31372550
0.31764707
0.31764707
0.31764707
0.30980393
0.29803923
0.29411766
0.28235295
0.27843139
0.27843139
0.29411766
0.29803923
0.29411766
0.29019609
0.29411766
0.29411766
0.29411766
0.29411766
0.29411766
0.29803923
0.29803923
0.29803923
0.29803923
0.30588236
0.30980393
0.30588236
0.30196080
0.30196080
0.30196080
0.30196080
0.30588236
0.30980393
0.30980393
0.30588236
0.29803923
0.29411766
0.29019609
0.29019609
0.28627452
0.29019609
0.28627452
0.29803923
0.30196080
0.30588236
0.29803923
0.29411766
0.29803923
0.29803923
0.29411766
0.28627452
0.29019609
0.29019609
0.29019609
0.29019609
0.29019609
0.29411766
0.29411766
0.29411766
0.29411766
0.29411766
0.29803923
0.29803923
0.30196080
0.30588236
0.30588236
0.30196080
0.29411766
0.28627452
0.28235295
0.27843139
0.27058825
0.25882354
0.25882354
0.26666668
0.27843139
0.28235295
0.28627452
0.28627452
0.28235295
0.27843139
0.27843139
0.27843139
0.27058825
0.27450982
0.28627452
0.29019609
0.29411766
0.29411766
0.29803923
0.29411766
0.29803923
0.30588236
0.30980393
0.31372550
0.31764707
0.30980393
0.30588236
0.30980393
0.30196080
0.29803923
0.29019609
0.27843139
0.28235295
0.24705882
0.24705882
0.24705882
0.25490198
0.26274511
0.26666668
0.27058825
0.27058825
0.26274511
0.26666668
0.27843139
0.27450982
0.27450982
0.28235295
0.28627452
0.29019609
0.29411766
0.30196080
0.30980393
0.31372550
0.31372550
0.30980393
0.30588236
0.31764707
0.31372550
0.30588236
0.30196080
0.30196080
0.29803923
0.29411766
0.29019609
0.29019609
0.87058824
0.86666667
0.87450981
0.88235295
0.88627452
0.89019608
0.89411765
0.89803922
0.89803922
0.90588236
0.90980393
0.91372550
0.91764706
0.92156863
0.92941177
0.92941177
0.93333334
0.93725491
0.94117647
0.94509804
0.94509804
0.94509804
0.94509804
0.94509804
0.94509804
0.94509804
0.94509804
0.94509804
0.94509804
0.94117647
0.93725491
0.93725491
0.87450981
0.87058824
0.87843138
0.88627452
0.89019608
0.89411765
0.89803922
0.89803922
0.90196079
0.91372550
0.92156863
0.92156863
0.92549020
0.92941177
0.93725491
0.94117647
0.94509804
0.95294118
0.95686275
0.95686275
0.96078432
0.96078432
0.96078432
0.96078432
0.96078432
0.96078432
0.96078432
0.96078432
0.96078432
0.95686275
0.95294118
0.95294118
0.89019608
0.88235295
0.88627452
0.89411765
0.89803922
0.89803922
0.90196079
0.90588236
0.90588236
0.91372550
0.91764706
0.92156863
0.92549020
0.92941177
0.93333334
0.94117647
0.94509804
0.95294118
0.96078432
0.96470588
0.96470588
0.96470588
0.96470588
0.96470588
0.96078432
0.96078432
0.96862745
0.96862745
0.96862745
0.96862745
0.96862745
0.96862745
0.90196079
0.89411765
0.89411765
0.89019608
0.89803922
0.90196079
0.90588236
0.91764706
0.92156863
0.92156863
0.91764706
0.92156863
0.92549020
0.92549020
0.93333334
0.93725491
0.94117647
0.94901961
0.95294118
0.96078432
0.96078432
0.96470588
0.96470588
0.96470588
0.96470588
0.96862745
0.97254902
0.97647059
0.97254902
0.96470588
0.96470588
0.96862745
0.90980393
0.89411765
0.89411765
0.89019608
0.89411765
0.90196079
0.90980393
0.91372550
0.91372550
0.91764706
0.92156863
0.92549020
0.92549020
0.92549020
0.93333334
0.93725491
0.94117647
0.94509804
0.94901961
0.95686275
0.95686275
0.96078432
0.96470588
0.96470588
0.96470588
0.96470588
0.96862745
0.97254902
0.96862745
0.95294118
0.95686275
0.96078432
0.89803922
0.88627452
0.89019608
0.89411765
0.89803922
0.89803922
0.90588236
0.90588236
0.90980393
0.91372550
0.91764706
0.92549020
0.92941177
0.92941177
0.92941177
0.93333334
0.93725491
0.93725491
0.94117647
0.94117647
0.94901961
0.95294118
0.96078432
0.95686275
0.95294118
0.95294118
0.95686275
0.96078432
0.96470588
0.96078432
0.96470588
0.95686275
0.87843138
0.87450981
0.88235295
0.88235295
0.89803922
0.89803922
0.89803922
0.90588236
0.91372550
0.91372550
0.91372550
0.92156863
0.92941177
0.92941177
0.92549020
0.92941177
0.92941177
0.93333334
0.93725491
0.93725491
0.94117647
0.94509804
0.94901961
0.94901961
0.94901961
0.94901961
0.94509804
0.95294118
0.95686275
0.95686275
0.95686275
0.96078432
0.87843138
0.87450981
0.88235295
0.88235295
0.89019608
0.89019608
0.89019608
0.89803922
0.90588236
0.90588236
0.90980393
0.92156863
0.92156863
0.92156863
0.92156863
0.92549020
0.92941177
0.92941177
0.93333334
0.93333334
0.93725491
0.94117647
0.94117647
0.94117647
0.94509804
0.94509804
0.94117647
0.94509804
0.94509804
0.94509804
0.94117647
0.95294118
0.87058824
0.86274511
0.87058824
0.87450981
0.87843138
0.88235295
0.88235295
0.88235295
0.88627452
0.89411765
0.90196079
0.90588236
0.90588236
0.90980393
0.90980393
0.91764706
0.91764706
0.91764706
0.92156863
0.92549020
0.92941177
0.92941177
0.92941177
0.92941177
0.93725491
0.93725491
0.93333334
0.93333334
0.92549020
0.92156863
0.92156863
0.92549020
0.87058824
0.86274511
0.87058824
0.87843138
0.88235295
0.88235295
0.88627452
0.89411765
0.89803922
0.90196079
0.90196079
0.90588236
0.90980393
0.90980393
0.91372550
0.91764706
0.92156863
0.91764706
0.91764706
0.92941177
0.93333334
0.92941177
0.92941177
0.93333334
0.93725491
0.93725491
0.93333334
0.92941177
0.92941177
0.92549020
0.92941177
0.92941177
0.67058825
0.67058825
0.68235296
0.68627453
0.69019610
0.69411767
0.69019610
0.70196080
0.71764708
0.72549021
0.73333335
0.73725492
0.74117649
0.74901962
0.75686276
0.75686276
0.75294119
0.75294119
0.75686276
0.75686276
0.76078433
0.76078433
0.76078433
0.76078433
0.76862746
0.76862746
0.76862746
0.76862746
0.76862746
0.76862746
0.76862746
0.76078433
0.43137255
0.42745098
0.44705883
0.46274510
0.46274510
0.42745098
0.43921569
0.49411765
0.46274510
0.47450981
0.49019608
0.47058824
0.47843137
0.48627451
0.46666667
0.49019608
0.54901963
0.49019608
0.46274510
0.55686277
0.57254905
0.57647061
0.57647061
0.57254905
0.57647061
0.58431375
0.57647061
0.52549022
0.55294120
0.50588238
0.51764709
0.42745098
0.45882353
0.45882353
0.45490196
0.47058824
0.47450981
0.38431373
0.40784314
0.52549022
0.40000001
0.31372550
0.28627452
0.25098041
0.24705882
0.23921569
0.23529412
0.25098041
0.34117648
0.28627452
0.29019609
0.58039218
0.57254905
0.58823532
0.59607846
0.61176473
0.58823532
0.57647061
0.59215689
0.36862746
0.49803922
0.42745098
0.41176471
0.31372550
0.21568628
0.27450982
0.32549021
0.34901962
0.34509805
0.27058825
0.27450982
0.38039216
0.33725491
0.20000000
0.19215687
0.16862746
0.18431373
0.16470589
0.11764706
0.16470589
0.17254902
0.22745098
0.26274511
0.34509805
0.39607844
0.40784314
0.40784314
0.41568628
0.39607844
0.37647060
0.38039216
0.22352941
0.29411766
0.25882354
0.26666668
0.27843139
0.24313726
0.23137255
0.30196080
0.34509805
0.36078432
0.36078432
0.31372550
0.32156864
0.24313726
0.16078432
0.18431373
0.19215687
0.27843139
0.18823530
0.07058824
0.17647059
0.20784314
0.18039216
0.30196080
0.32941177
0.38431373
0.39607844
0.38039216
0.37647060
0.38039216
0.37647060
0.34901962
0.29411766
0.29019609
0.27058825
0.26274511
0.17254902
0.44705883
0.43137255
0.44313726
0.45098040
0.45882353
0.47843137
0.61176473
0.60392159
0.42352942
0.36470589
0.36470589
0.32549021
0.32941177
0.29803923
0.27450982
0.30196080
0.30980393
0.29411766
0.40784314
0.64705884
0.70588237
0.70980394
0.69411767
0.63137257
0.51372552
0.49411765
0.48627451
0.45882353
0.45098040
0.35686275
0.29803923
0.19607843
0.41960785
0.43921569
0.44705883
0.44313726
0.44313726
0.53333336
0.78039217
0.80784315
0.73333335
0.69411767
0.68235296
0.61176473
0.59215689
0.61568630
0.58431375
0.54901963
0.56470591
0.60392159
0.58823532
0.62745100
0.65098041
0.65882355
0.62352943
0.61176473
0.47843137
0.46274510
0.46666667
0.45882353
0.47058824
0.44705883
0.38039216
0.24313726
0.49019608
0.50588238
0.52549022
0.52156866
0.53725493
0.68627453
0.70196080
0.70588237
0.70980394
0.69411767
0.66274512
0.60392159
0.62352943
0.63137257
0.57647061
0.56862748
0.60392159
0.63529414
0.62745100
0.63137257
0.58431375
0.55294120
0.56078434
0.59607846
0.53333336
0.49411765
0.48627451
0.49019608
0.49411765
0.50196081
0.45098040
0.34117648
0.38039216
0.38039216
0.38431373
0.38431373
0.46666667
0.66274512
0.52941179
0.60000002
0.56862748
0.38039216
0.48235294
0.55686277
0.57647061
0.56862748
0.54117650
0.55294120
0.59607846
0.68235296
0.66274512
0.63529414
0.60392159
0.52549022
0.47843137
0.52941179
0.44313726
0.40000001
0.39215687
0.39607844
0.40784314
0.41176471
0.39215687
0.35686275
0.34509805
0.33333334
0.32549021
0.31764707
0.39215687
0.57254905
0.51372552
0.59607846
0.30588236
0.03921569
0.16862746
0.46666667
0.49411765
0.52156866
0.51764709
0.52156866
0.60784316
0.66666669
0.58823532
0.54509807
0.54509807
0.29803923
0.07843138
0.23529412
0.38039216
0.38431373
0.39215687
0.38039216
0.38039216
0.38039216
0.36078432
0.32941177
0.34901962
0.35294119
0.35294119
0.34117648
0.31372550
0.42352942
0.49019608
0.47843137
0.16470589
0.15294118
0.11764706
0.38431373
0.50980395
0.56078434
0.55686277
0.56862748
0.60392159
0.57647061
0.52156866
0.52549022
0.45098040
0.12941177
0.13725491
0.10980392
0.30196080
0.36862746
0.40784314
0.40000001
0.39215687
0.39215687
0.37647060
0.35294119
0.34117648
0.33725491
0.34117648
0.34117648
0.32156864
0.34509805
0.39607844
0.30588236
0.10980392
0.16470589
0.13333334
0.27450982
0.40000001
0.43137255
0.43137255
0.43529412
0.42352942
0.42352942
0.42352942
0.41568628
0.23529412
0.08235294
0.14509805
0.10980392
0.30980393
0.38823530
0.39215687
0.39215687
0.38823530
0.38431373
0.37254903
0.36470589
0.33333334
0.32941177
0.32941177
0.32941177
0.32941177
0.32156864
0.31372550
0.23921569
0.10196079
0.14901961
0.13333334
0.23137255
0.28235295
0.27843139
0.27450982
0.26666668
0.25490198
0.24705882
0.25098041
0.22745098
0.05882353
0.04313726
0.07058824
0.12549020
0.31764707
0.36470589
0.37254903
0.37647060
0.37647060
0.37647060
0.36862746
0.36470589
0.30196080
0.29411766
0.29411766
0.28627452
0.24313726
0.20000000
0.17647059
0.12549020
0.07058824
0.10196079
0.09411765
0.13725491
0.15686275
0.15686275
0.15686275
0.14901961
0.13725491
0.11764706
0.11372549
0.10588235
0.07058824
0.07450981
0.08627451
0.12941177
0.21568628
0.29803923
0.33725491
0.34901962
0.35294119
0.34509805
0.34509805
0.34509805
0.26274511
0.26274511
0.26666668
0.25882354
0.21960784
0.18823530
0.18039216
0.17647059
0.16078432
0.16470589
0.18039216
0.20784314
0.19607843
0.20000000
0.20392157
0.20784314
0.24705882
0.28235295
0.29411766
0.27450982
0.23137255
0.20784314
0.19607843
0.21176471
0.23921569
0.28235295
0.30196080
0.30588236
0.30980393
0.30588236
0.30588236
0.30588236
0.24705882
0.25098041
0.25490198
0.25098041
0.24705882
0.24313726
0.24313726
0.24705882
0.23921569
0.23921569
0.25490198
0.29019609
0.27058825
0.26274511
0.25882354
0.26666668
0.31372550
0.37254903
0.42745098
0.42352942
0.37647060
0.32156864
0.28627452
0.27058825
0.27450982
0.28235295
0.27843139
0.27450982
0.27843139
0.27843139
0.27843139
0.27843139
0.24705882
0.24705882
0.24705882
0.24705882
0.24705882
0.24705882
0.24313726
0.25098041
0.24313726
0.24705882
0.24705882
0.24705882
0.25098041
0.25882354
0.25490198
0.25882354
0.26274511
0.27450982
0.29411766
0.33333334
0.37254903
0.37647060
0.36862746
0.33725491
0.29411766
0.28627452
0.27843139
0.27843139
0.27843139
0.27058825
0.26666668
0.26274511
0.25882354
0.25490198
0.25098041
0.25490198
0.25490198
0.25490198
0.25098041
0.25490198
0.25098041
0.25490198
0.25490198
0.25490198
0.25490198
0.25882354
0.25882354
0.25882354
0.26274511
0.26274511
0.26274511
0.26274511
0.27058825
0.27450982
0.28235295
0.28627452
0.27450982
0.27058825
0.27450982
0.27843139
0.28627452
0.28235295
0.27058825
0.26666668
0.26274511
0.25882354
0.25882354
0.26666668
0.27058825
0.26666668
0.26274511
0.26274511
0.26274511
0.26274511
0.26274511
0.26666668
0.27058825
0.27058825
0.27058825
0.27058825
0.27843139
0.28235295
0.27843139
0.27450982
0.27450982
0.27450982
0.27843139
0.27450982
0.26666668
0.26666668
0.26274511
0.25882354
0.26666668
0.26274511
0.26274511
0.25882354
0.27058825
0.26666668
0.27450982
0.27843139
0.27843139
0.27058825
0.27058825
0.26666668
0.26666668
0.26274511
0.25882354
0.26274511
0.26666668
0.26666668
0.27058825
0.27058825
0.27058825
0.27450982
0.27450982
0.27450982
0.27058825
0.27450982
0.27450982
0.27450982
0.26666668
0.26666668
0.26274511
0.25490198
0.25882354
0.25490198
0.25098041
0.24313726
0.24705882
0.25098041
0.25490198
0.26274511
0.26274511
0.26274511
0.26274511
0.26274511
0.25490198
0.25490198
0.25490198
0.25098041
0.25882354
0.26666668
0.27058825
0.27450982
0.27843139
0.27843139
0.27450982
0.28235295
0.28627452
0.29019609
0.29411766
0.29803923
0.28627452
0.28235295
0.28627452
0.27843139
0.27450982
0.26666668
0.25882354
0.26274511
0.24313726
0.24313726
0.24313726
0.24313726
0.23921569
0.24705882
0.25098041
0.25098041
0.24705882
0.24705882
0.25882354
0.25490198
0.25490198
0.26274511
0.26666668
0.27058825
0.27450982
0.28235295
0.29019609
0.29411766
0.29411766
0.29019609
0.28627452
0.29803923
0.29411766
0.28627452
0.28235295
0.28235295
0.27843139
0.27450982
0.27058825
0.27058825
0.90588236
0.89803922
0.90588236
0.90588236
0.90980393
0.91372550
0.91764706
0.92156863
0.92549020
0.93333334
0.94117647
0.93333334
0.92941177
0.93333334
0.94117647
0.94117647
0.94117647
0.94901961
0.95294118
0.96078432
0.97254902
0.97647059
0.97647059
0.97254902
0.96470588
0.96470588
0.96470588
0.96470588
0.96470588
0.96078432
0.95686275
0.95686275
0.89803922
0.89019608
0.89803922
0.90196079
0.90588236
0.90588236
0.90980393
0.91764706
0.92156863
0.93333334
0.94117647
0.93725491
0.93725491
0.94117647
0.94901961
0.95294118
0.95686275
0.96470588
0.96862745
0.97254902
0.97647059
0.97647059
0.97647059
0.97647059
0.96862745
0.96862745
0.96862745
0.96862745
0.96862745
0.96470588
0.96078432
0.96078432
0.90196079
0.89411765
0.89411765
0.90196079
0.90588236
0.90588236
0.90980393
0.91764706
0.92156863
0.92549020
0.92941177
0.93333334
0.93333334
0.93333334
0.94117647
0.94509804
0.94901961
0.95686275
0.96470588
0.96862745
0.96862745
0.96862745
0.97254902
0.96862745
0.95686275
0.95686275
0.96078432
0.96078432
0.96078432
0.96078432
0.96078432
0.96078432
0.89411765
0.88627452
0.88627452
0.89803922
0.90980393
0.90980393
0.91372550
0.92549020
0.93333334
0.92941177
0.92941177
0.92549020
0.92156863
0.92549020
0.92941177
0.93333334
0.94117647
0.94509804
0.94901961
0.95294118
0.94901961
0.95294118
0.95294118
0.95294118
0.94509804
0.94509804
0.95294118
0.95294118
0.95294118
0.94117647
0.94509804
0.94509804
0.89411765
0.88235295
0.88235295
0.89019608
0.89803922
0.90588236
0.91372550
0.91764706
0.91764706
0.92549020
0.92941177
0.92156863
0.91764706
0.91764706
0.92549020
0.92941177
0.93333334
0.93725491
0.94509804
0.94509804
0.93725491
0.93725491
0.94509804
0.94117647
0.93333334
0.93725491
0.94117647
0.94509804
0.94117647
0.92156863
0.92941177
0.93333334
0.89803922
0.88627452
0.89019608
0.90196079
0.90588236
0.90588236
0.91372550
0.90980393
0.90588236
0.90980393
0.91372550
0.91372550
0.91372550
0.91372550
0.91372550
0.92156863
0.92549020
0.92941177
0.92941177
0.93333334
0.93333334
0.93725491
0.94509804
0.94117647
0.92941177
0.93333334
0.93725491
0.94117647
0.94117647
0.93725491
0.94117647
0.93333334
0.87058824
0.87058824
0.87843138
0.87843138
0.89411765
0.89411765
0.89803922
0.89411765
0.89803922
0.89411765
0.89411765
0.90196079
0.90588236
0.90588236
0.90588236
0.90980393
0.91372550
0.91372550
0.91764706
0.91764706
0.92156863
0.92941177
0.93333334
0.92941177
0.92549020
0.92549020
0.92549020
0.92941177
0.93333334
0.93333334
0.93333334
0.93725491
0.85490197
0.85490197
0.86274511
0.86274511
0.87450981
0.87058824
0.87450981
0.87843138
0.88235295
0.88235295
0.88627452
0.89411765
0.89803922
0.89803922
0.89803922
0.89803922
0.90196079
0.90196079
0.90588236
0.90588236
0.90980393
0.91372550
0.91372550
0.91372550
0.90588236
0.90588236
0.90196079
0.90588236
0.90980393
0.90980393
0.90588236
0.91764706
0.84313726
0.83921570
0.84705883
0.85098040
0.85882354
0.86274511
0.86274511
0.85882354
0.85882354
0.87058824
0.87843138
0.88235295
0.88235295
0.88627452
0.88627452
0.89019608
0.88627452
0.89019608
0.89411765
0.89411765
0.89803922
0.90196079
0.90196079
0.89803922
0.89411765
0.89411765
0.89019608
0.89411765
0.89019608
0.89019608
0.88627452
0.89019608
0.85882354
0.85098040
0.86274511
0.87058824
0.87843138
0.87843138
0.88235295
0.88235295
0.88627452
0.88627452
0.89019608
0.89411765
0.89803922
0.90196079
0.90588236
0.90588236
0.90980393
0.90588236
0.90588236
0.91764706
0.92156863
0.92156863
0.92156863
0.91764706
0.91372550
0.91372550
0.90980393
0.90588236
0.90588236
0.90588236
0.90980393
0.90980393
0.69019610
0.69019610
0.69803923
0.70588237
0.70980394
0.71372551
0.70980394
0.71372551
0.72156864
0.72941178
0.73333335
0.74117649
0.74901962
0.75294119
0.76078433
0.76470590
0.76862746
0.76862746
0.76862746
0.76862746
0.77254903
0.77254903
0.77254903
0.77254903
0.76862746
0.77254903
0.76862746
0.77254903
0.76862746
0.76862746
0.76862746
0.76078433
0.46274510
0.45882353
0.47450981
0.49803922
0.49019608
0.43921569
0.45098040
0.50588238
0.47843137
0.47843137
0.47058824
0.45490196
0.46666667
0.47450981
0.45490196
0.49019608
0.56078434
0.50196081
0.46666667
0.56078434
0.59607846
0.59607846
0.59607846
0.59215689
0.59215689
0.60000002
0.60000002
0.55294120
0.56470591
0.49803922
0.50980395
0.43529412
0.47450981
0.47450981
0.46274510
0.49019608
0.47450981
0.35686275
0.38039216
0.51372552
0.41568628
0.31372550
0.24705882
0.21176471
0.21568628
0.20784314
0.20000000
0.23137255
0.34117648
0.27843139
0.26666668
0.56078434
0.57254905
0.58823532
0.59607846
0.61176473
0.58431375
0.58039218
0.60784316
0.38823530
0.49803922
0.40000001
0.38431373
0.30980393
0.18823530
0.25098041
0.29019609
0.31372550
0.29803923
0.21568628
0.22745098
0.33725491
0.32156864
0.18431373
0.16078432
0.14509805
0.16470589
0.14509805
0.09803922
0.14901961
0.16862746
0.21176471
0.23137255
0.30588236
0.35294119
0.36862746
0.36470589
0.37254903
0.35294119
0.34117648
0.35686275
0.21176471
0.27843139
0.22352941
0.23137255
0.26666668
0.17647059
0.16862746
0.23137255
0.26274511
0.27058825
0.27450982
0.23921569
0.23921569
0.18039216
0.11372549
0.14509805
0.16862746
0.25098041
0.16862746
0.05098039
0.15294118
0.18431373
0.14509805
0.25098041
0.26274511
0.30196080
0.30980393
0.29411766
0.29019609
0.29803923
0.30588236
0.29411766
0.25098041
0.25098041
0.21568628
0.21960784
0.15686275
0.35686275
0.34509805
0.36078432
0.34901962
0.35294119
0.38431373
0.50980395
0.47843137
0.31764707
0.27450982
0.29019609
0.26666668
0.26274511
0.23529412
0.20784314
0.24313726
0.25490198
0.22745098
0.32941177
0.55294120
0.59215689
0.60000002
0.58431375
0.52549022
0.41176471
0.40392157
0.41176471
0.39215687
0.38823530
0.28627452
0.24313726
0.17254902
0.32941177
0.34901962
0.36078432
0.35294119
0.35294119
0.44313726
0.65882355
0.64705884
0.58823532
0.55686277
0.56078434
0.49803922
0.47058824
0.49411765
0.45882353
0.43921569
0.47450981
0.50196081
0.47450981
0.50588238
0.53333336
0.54509807
0.50588238
0.49803922
0.38039216
0.37254903
0.38823530
0.38823530
0.39215687
0.36078432
0.31764707
0.21176471
0.40784314
0.42352942
0.44705883
0.43137255
0.44705883
0.58823532
0.57254905
0.53725493
0.55686277
0.56078434
0.53725493
0.46666667
0.47058824
0.47843137
0.42745098
0.42745098
0.47450981
0.50196081
0.48627451
0.48627451
0.45490196
0.43529412
0.44705883
0.47843137
0.42352942
0.40784314
0.41960785
0.42745098
0.41568628
0.41568628
0.38431373
0.29803923
0.31372550
0.31372550
0.32156864
0.30196080
0.36862746
0.54901963
0.40000001
0.44313726
0.43921569
0.30588236
0.40000001
0.43137255
0.43137255
0.42352942
0.39607844
0.40392157
0.44705883
0.53333336
0.51372552
0.47843137
0.45098040
0.40392157
0.38039216
0.41568628
0.32156864
0.32156864
0.34117648
0.34117648
0.34509805
0.34901962
0.33333334
0.30196080
0.29803923
0.29019609
0.28235295
0.27058825
0.32549021
0.47058824
0.38431373
0.45882353
0.22352941
0.00392157
0.12941177
0.36470589
0.36078432
0.38823530
0.38431373
0.38431373
0.46666667
0.52549022
0.44705883
0.40000001
0.40784314
0.21176471
0.03529412
0.17254902
0.28627452
0.33333334
0.36078432
0.34117648
0.34509805
0.34901962
0.32549021
0.29803923
0.32941177
0.33333334
0.33333334
0.32941177
0.28627452
0.35686275
0.38039216
0.38039216
0.11764706
0.12156863
0.08627451
0.30980393
0.40392157
0.45882353
0.45490196
0.46274510
0.49019608
0.46274510
0.40784314
0.40784314
0.34901962
0.08627451
0.11372549
0.08235294
0.25098041
0.34901962
0.39607844
0.38039216
0.37647060
0.37647060
0.36078432
0.34117648
0.34117648
0.34117648
0.34509805
0.35294119
0.31764707
0.30980393
0.33333334
0.25490198
0.08627451
0.14509805
0.10980392
0.23137255
0.34117648
0.37254903
0.37254903
0.36862746
0.35294119
0.35294119
0.35294119
0.34117648
0.18039216
0.05882353
0.14117648
0.09803922
0.28235295
0.39215687
0.39607844
0.37647060
0.38039216
0.37647060
0.36470589
0.36078432
0.34117648
0.33333334
0.33333334
0.33725491
0.33725491
0.32549021
0.30980393
0.23529412
0.09019608
0.13333334
0.11372549
0.21176471
0.26274511
0.26274511
0.25882354
0.24705882
0.23137255
0.22352941
0.22745098
0.20000000
0.03529412
0.04313726
0.07058824
0.10588235
0.30588236
0.37647060
0.37647060
0.35686275
0.36862746
0.36862746
0.36078432
0.35686275
0.30588236
0.30196080
0.30196080
0.28627452
0.24313726
0.21176471
0.19607843
0.12941177
0.05490196
0.07450981
0.05882353
0.12156863
0.15294118
0.15294118
0.15294118
0.14509805
0.12549020
0.10588235
0.10196079
0.09411765
0.05882353
0.07058824
0.07058824
0.10196079
0.20392157
0.29803923
0.33333334
0.32549021
0.33333334
0.33333334
0.33333334
0.32941177
0.26666668
0.26666668
0.26666668
0.24705882
0.20000000
0.17254902
0.16862746
0.14509805
0.11764706
0.11764706
0.13333334
0.16862746
0.16862746
0.17254902
0.17254902
0.17254902
0.20392157
0.23921569
0.25098041
0.23137255
0.20000000
0.17647059
0.16470589
0.17647059
0.21960784
0.26274511
0.27843139
0.28235295
0.28235295
0.27843139
0.27843139
0.27843139
0.23137255
0.23529412
0.23921569
0.22745098
0.22352941
0.21960784
0.21960784
0.20784314
0.19215687
0.19215687
0.20784314
0.25098041
0.23529412
0.22745098
0.22352941
0.22745098
0.26274511
0.32156864
0.37647060
0.37254903
0.32549021
0.27058825
0.23529412
0.22352941
0.25098041
0.25882354
0.25490198
0.25098041
0.24705882
0.24705882
0.24705882
0.24705882
0.21568628
0.21568628
0.21568628
0.22352941
0.22352941
0.22352941
0.22352941
0.21568628
0.20392157
0.20784314
0.20784314
0.20784314
0.21960784
0.22352941
0.22352941
0.22352941
0.22352941
0.23137255
0.25490198
0.28627452
0.30980393
0.31372550
0.30196080
0.28235295
0.27058825
0.26274511
0.25490198
0.25098041
0.25098041
0.23921569
0.23529412
0.23137255
0.22745098
0.22352941
0.21960784
0.22745098
0.23137255
0.22745098
0.22745098
0.22745098
0.21960784
0.22352941
0.22352941
0.22352941
0.22745098
0.23137255
0.23137255
0.22745098
0.22352941
0.22352941
0.22352941
0.21960784
0.21568628
0.21568628
0.22352941
0.23529412
0.25098041
0.24705882
0.25098041
0.25490198
0.25490198
0.25098041
0.23921569
0.23529412
0.24705882
0.24313726
0.24313726
0.24705882
0.24705882
0.24313726
0.23921569
0.23921569
0.23921569
0.23921569
0.23921569
0.24313726
0.24705882
0.24705882
0.24705882
0.24313726
0.24313726
0.24313726
0.24313726
0.23921569
0.23921569
0.23921569
0.23921569
0.24313726
0.24313726
0.24313726
0.23921569
0.23137255
0.23529412
0.23137255
0.23137255
0.22745098
0.27058825
0.26666668
0.27450982
0.26274511
0.25490198
0.24705882
0.24705882
0.25098041
0.25098041
0.24705882
0.24313726
0.24705882
0.25098041
0.24705882
0.25098041
0.24705882
0.23921569
0.24313726
0.24313726
0.24705882
0.25490198
0.25882354
0.25882354
0.25882354
0.24313726
0.24313726
0.23921569
0.23137255
0.22745098
0.22352941
0.21960784
0.21568628
0.24313726
0.24705882
0.25098041
0.24705882
0.24313726
0.24705882
0.24705882
0.24705882
0.23921569
0.23921569
0.23921569
0.23529412
0.24313726
0.25098041
0.25490198
0.25490198
0.25882354
0.25882354
0.25490198
0.26274511
0.27450982
0.27843139
0.27843139
0.28235295
0.26274511
0.25882354
0.25882354
0.25490198
0.25098041
0.24313726
0.23137255
0.23921569
0.23529412
0.23529412
0.23529412
0.22745098
0.22352941
0.23137255
0.23529412
0.23529412
0.23137255
0.23137255
0.24313726
0.23921569
0.23921569
0.24705882
0.25098041
0.25490198
0.25882354
0.26666668
0.27450982
0.27843139
0.27843139
0.27450982
0.27058825
0.28235295
0.27058825
0.26274511
0.25882354
0.25882354
0.25490198
0.25098041
0.24705882
0.24705882
1 -1 0 0 0 0 0 0 0 0 0
0 -1 1 0 0 0 0 0 0 0 0
0 -1 0 1 0 0 0 0 0 0 0
0 -1 0 0 1 0 0 0 0 0 0
0 -1 0 0 0 1 0 0 0 0 0
0 -1 0 0 0 0 1 0 0 0 0
0 -1 0 0 0 0 0 1 0 0 0
0 -1 0 0 0 0 0 0 1 0 0
0 -1 0 0 0 0 0 0 0 1 0
