0.40392157
0.39607844
0.40392157
0.41568628
0.46274510
0.61960787
0.83921570
0.92941177
0.92156863
0.89411765
0.87058824
0.85490197
0.84313726
0.83921570
0.88627452
0.94117647
0.91764706
0.90588236
0.89019608
0.86274511
0.80000001
0.73725492
0.77647060
0.80392158
0.78823531
0.76470590
0.76078433
0.75686276
0.76862746
0.80000001
0.84705883
0.86274511
0.41176471
0.40784314
0.42352942
0.44705883
0.57254905
0.81176472
0.91764706
0.93725491
0.89803922
0.86666667
0.87058824
0.87450981
0.87058824
0.88235295
0.89411765
0.92549020
0.92156863
0.89803922
0.86666667
0.80784315
0.77647060
0.76862746
0.80392158
0.81176472
0.78039217
0.75686276
0.73725492
0.74509805
0.78431374
0.82352942
0.84705883
0.81960785
0.41176471
0.41960785
0.44313726
0.50588238
0.68235296
0.87843138
0.92941177
0.93725491
0.87843138
0.83921570
0.83921570
0.86274511
0.89019608
0.93333334
0.92156863
0.93725491
0.93333334
0.86666667
0.79215688
0.72941178
0.72549021
0.73333335
0.76470590
0.75686276
0.73333335
0.69019610
0.65882355
0.66666669
0.70980394
0.75294119
0.74509805
0.69019610
0.42352942
0.43921569
0.50588238
0.65882355
0.77254903
0.88627452
0.92156863
0.92156863
0.86666667
0.82352942
0.81960785
0.84313726
0.91372550
0.94509804
0.93333334
0.94901961
0.95294118
0.87843138
0.74117649
0.71372551
0.74117649
0.70588237
0.72941178
0.70980394
0.67058825
0.62352943
0.60000002
0.59607846
0.60000002
0.61176473
0.58823532
0.55294120
0.44313726
0.47450981
0.62352943
0.80392158
0.82352942
0.87058824
0.89803922
0.86274511
0.81960785
0.78823531
0.78431374
0.84313726
0.91764706
0.90980393
0.88627452
0.90980393
0.94117647
0.91372550
0.80784315
0.78039217
0.80392158
0.70980394
0.68627453
0.67843139
0.63137257
0.58823532
0.57647061
0.57254905
0.55686277
0.53725493
0.51764709
0.49803922
0.46666667
0.53333336
0.69411767
0.81176472
0.81960785
0.85490197
0.87450981
0.80784315
0.77647060
0.75294119
0.73333335
0.80392158
0.85882354
0.81568629
0.80000001
0.85490197
0.91764706
0.90588236
0.86666667
0.86274511
0.82352942
0.69411767
0.65882355
0.65882355
0.60784316
0.57254905
0.57647061
0.57254905
0.54901963
0.52941179
0.51372552
0.49019608
0.48627451
0.52156866
0.60000002
0.67450982
0.72941178
0.81960785
0.85098040
0.78823531
0.75686276
0.72941178
0.70980394
0.70980394
0.72941178
0.70588237
0.70588237
0.75686276
0.81176472
0.80392158
0.80000001
0.81176472
0.74117649
0.60392159
0.59215689
0.59607846
0.56470591
0.53725493
0.54509807
0.53725493
0.51372552
0.50980395
0.50588238
0.49019608
0.49411765
0.49803922
0.52549022
0.56078434
0.63137257
0.74509805
0.81176472
0.80392158
0.76470590
0.68235296
0.67058825
0.65490198
0.69019610
0.73333335
0.69019610
0.68627453
0.69019610
0.69019610
0.71764708
0.74509805
0.71764708
0.60784316
0.56078434
0.56078434
0.53333336
0.51764709
0.52549022
0.52156866
0.50980395
0.50196081
0.50196081
0.49803922
0.50196081
0.50588238
0.52549022
0.55294120
0.59607846
0.65490198
0.78823531
0.88627452
0.85098040
0.74117649
0.67058825
0.63529414
0.63529414
0.69019610
0.67843139
0.65882355
0.67450982
0.69803923
0.69411767
0.72549021
0.78823531
0.74901962
0.62745100
0.56078434
0.53333336
0.54901963
0.56470591
0.55294120
0.53725493
0.52941179
0.55294120
0.54901963
0.50980395
0.50980395
0.52549022
0.54901963
0.59215689
0.65882355
0.81568629
0.91764706
0.89411765
0.84705883
0.80000001
0.72941178
0.66666669
0.66274512
0.69411767
0.68627453
0.67450982
0.65490198
0.65098041
0.65490198
0.69411767
0.70980394
0.64705884
0.57647061
0.61568630
0.69019610
0.71372551
0.66274512
0.62352943
0.59607846
0.67450982
0.72941178
0.52941179
0.52549022
0.53333336
0.55686277
0.60784316
0.70588237
0.83921570
0.90196079
0.86666667
0.81568629
0.84705883
0.77254903
0.68235296
0.69803923
0.78431374
0.71764708
0.70196080
0.68627453
0.66666669
0.63137257
0.64313728
0.63921571
0.61176473
0.61960787
0.74509805
0.85490197
0.85882354
0.80784315
0.78431374
0.72549021
0.75294119
0.82352942
0.55686277
0.54509807
0.54901963
0.56470591
0.63137257
0.69411767
0.74901962
0.84313726
0.78039217
0.63137257
0.75686276
0.63921571
0.50588238
0.56078434
0.67843139
0.59607846
0.64705884
0.70196080
0.64705884
0.57254905
0.67058825
0.66274512
0.65098041
0.67843139
0.76470590
0.84705883
0.87058824
0.83137256
0.81568629
0.81568629
0.80784315
0.80784315
0.58823532
0.56470591
0.57254905
0.57647061
0.67058825
0.70588237
0.65490198
0.75294119
0.74117649
0.63921571
0.74117649
0.55294120
0.37254903
0.39215687
0.43137255
0.43529412
0.47450981
0.51764709
0.50980395
0.50980395
0.61568630
0.69411767
0.71764708
0.71764708
0.77254903
0.78039217
0.79607844
0.77647060
0.75294119
0.76470590
0.76862746
0.74117649
0.48627451
0.50980395
0.58823532
0.61176473
0.64705884
0.61960787
0.57254905
0.56470591
0.61960787
0.65098041
0.64313728
0.49411765
0.36078432
0.35294119
0.35294119
0.36862746
0.37647060
0.37647060
0.38823530
0.41960785
0.44705883
0.52549022
0.60392159
0.65882355
0.73725492
0.74509805
0.72156864
0.73333335
0.72941178
0.70980394
0.69411767
0.67058825
0.25882354
0.29019609
0.46666667
0.55294120
0.50980395
0.43137255
0.40784314
0.38039216
0.37254903
0.38823530
0.36078432
0.34117648
0.35294119
0.35294119
0.34509805
0.35686275
0.36078432
0.35294119
0.35294119
0.35686275
0.36862746
0.38431373
0.38039216
0.42352942
0.47450981
0.53725493
0.55294120
0.63921571
0.70980394
0.69803923
0.65098041
0.61960787
0.23529412
0.26666668
0.34509805
0.53725493
0.50588238
0.40000001
0.33333334
0.31764707
0.29411766
0.27058825
0.24705882
0.24313726
0.27450982
0.31372550
0.34509805
0.35686275
0.34901962
0.34117648
0.34901962
0.35294119
0.35294119
0.35686275
0.31764707
0.34117648
0.36862746
0.37647060
0.38039216
0.41568628
0.46274510
0.47450981
0.44313726
0.40392157
0.23921569
0.27843139
0.30588236
0.49803922
0.53725493
0.36862746
0.22745098
0.22745098
0.25490198
0.23921569
0.21960784
0.20784314
0.20784314
0.21568628
0.25490198
0.30196080
0.32941177
0.33725491
0.34509805
0.34509805
0.34509805
0.34117648
0.31764707
0.33725491
0.36470589
0.35294119
0.36078432
0.35686275
0.36470589
0.39215687
0.38431373
0.38431373
0.23921569
0.30588236
0.33333334
0.37647060
0.46274510
0.32549021
0.20784314
0.20000000
0.22352941
0.21176471
0.19607843
0.19215687
0.18431373
0.18039216
0.18823530
0.21176471
0.23529412
0.27843139
0.31372550
0.32941177
0.33725491
0.33333334
0.31372550
0.32156864
0.32941177
0.27843139
0.31764707
0.35294119
0.37254903
0.42352942
0.43921569
0.43137255
0.33333334
0.34901962
0.28235295
0.27058825
0.38039216
0.30588236
0.22352941
0.21176471
0.20784314
0.18431373
0.16862746
0.16470589
0.16862746
0.17254902
0.18039216
0.18823530
0.19607843
0.21568628
0.24313726
0.28235295
0.31372550
0.32156864
0.29411766
0.30980393
0.32549021
0.27843139
0.29803923
0.31372550
0.36862746
0.48235294
0.53333336
0.52549022
0.32549021
0.33333334
0.31372550
0.31372550
0.37647060
0.29411766
0.21176471
0.20000000
0.17254902
0.14509805
0.14117648
0.14117648
0.15294118
0.16078432
0.17647059
0.18039216
0.18039216
0.19215687
0.20000000
0.21176471
0.23137255
0.25882354
0.24705882
0.26274511
0.28627452
0.27450982
0.27450982
0.29019609
0.41960785
0.56862748
0.60000002
0.60784316
0.41568628
0.43921569
0.46274510
0.49019608
0.48627451
0.29411766
0.18823530
0.18039216
0.15294118
0.12941177
0.12941177
0.12941177
0.13725491
0.14901961
0.16078432
0.16470589
0.16078432
0.17647059
0.20000000
0.21176471
0.23529412
0.27450982
0.30196080
0.33333334
0.37254903
0.39607844
0.41960785
0.46666667
0.54117650
0.60784316
0.61960787
0.61176473
0.52941179
0.54901963
0.57254905
0.59607846
0.58431375
0.37647060
0.25882354
0.25490198
0.23529412
0.21568628
0.20784314
0.20784314
0.22745098
0.25098041
0.27058825
0.28627452
0.30588236
0.34901962
0.38823530
0.40392157
0.43137255
0.47058824
0.49803922
0.52941179
0.55686277
0.57647061
0.59215689
0.60392159
0.61568630
0.62745100
0.63137257
0.61960787
0.52549022
0.54901963
0.57254905
0.58431375
0.56862748
0.48627451
0.43921569
0.43921569
0.43137255
0.42352942
0.41568628
0.41568628
0.43137255
0.44705883
0.45490196
0.47058824
0.49019608
0.50980395
0.52941179
0.54901963
0.56078434
0.58039218
0.59215689
0.60000002
0.60392159
0.60392159
0.60000002
0.60000002
0.61176473
0.62745100
0.63137257
0.61960787
0.52941179
0.54901963
0.56862748
0.56078434
0.54117650
0.51372552
0.49411765
0.50196081
0.50588238
0.50588238
0.50588238
0.50196081
0.50196081
0.50980395
0.52156866
0.52549022
0.53333336
0.54509807
0.56078434
0.58039218
0.59215689
0.58823532
0.58431375
0.58431375
0.59215689
0.59607846
0.59607846
0.60392159
0.61960787
0.62745100
0.62745100
0.61568630
0.52549022
0.54117650
0.55294120
0.54509807
0.53725493
0.52156866
0.50196081
0.50980395
0.51764709
0.51764709
0.51764709
0.52156866
0.51764709
0.51764709
0.53725493
0.55686277
0.56470591
0.58039218
0.58431375
0.58431375
0.58431375
0.58431375
0.58039218
0.57647061
0.58823532
0.60000002
0.59607846
0.60392159
0.61568630
0.62352943
0.61960787
0.60784316
0.52156866
0.53725493
0.54901963
0.54901963
0.54509807
0.54901963
0.54509807
0.54509807
0.54117650
0.54509807
0.55294120
0.55294120
0.53333336
0.53725493
0.55686277
0.56470591
0.57647061
0.59215689
0.59607846
0.59607846
0.60392159
0.60392159
0.60392159
0.60392159
0.60392159
0.60784316
0.61176473
0.61176473
0.61176473
0.60784316
0.60392159
0.59607846
0.51764709
0.52941179
0.54509807
0.55294120
0.56078434
0.56862748
0.56078434
0.55686277
0.55686277
0.56470591
0.56862748
0.55686277
0.54509807
0.55294120
0.55686277
0.55686277
0.56470591
0.56862748
0.58039218
0.58823532
0.59607846
0.59215689
0.59607846
0.60392159
0.60784316
0.60784316
0.61176473
0.61176473
0.60392159
0.60000002
0.59215689
0.58431375
0.51372552
0.52549022
0.53725493
0.55294120
0.56078434
0.56470591
0.56470591
0.56862748
0.56862748
0.56862748
0.56470591
0.55294120
0.55294120
0.56470591
0.56862748
0.56862748
0.56862748
0.56470591
0.56862748
0.58039218
0.57647061
0.57647061
0.58431375
0.59215689
0.60000002
0.60000002
0.60000002
0.60000002
0.59607846
0.59215689
0.58431375
0.57647061
0.50588238
0.52156866
0.53725493
0.55294120
0.56078434
0.56862748
0.57254905
0.57647061
0.58039218
0.57647061
0.57254905
0.56862748
0.56470591
0.57254905
0.58039218
0.58039218
0.58823532
0.58823532
0.59215689
0.58823532
0.58431375
0.57647061
0.58039218
0.58431375
0.59215689
0.59215689
0.59215689
0.58823532
0.58431375
0.58039218
0.57254905
0.56470591
0.50196081
0.51764709
0.53725493
0.54901963
0.55686277
0.56470591
0.56862748
0.57254905
0.58431375
0.58823532
0.58823532
0.58431375
0.58431375
0.58431375
0.58823532
0.59607846
0.60000002
0.60392159
0.60392159
0.60392159
0.60000002
0.59215689
0.58039218
0.58039218
0.58431375
0.58431375
0.58039218
0.57647061
0.57254905
0.56862748
0.56078434
0.54901963
0.50588238
0.51372552
0.53333336
0.54509807
0.55686277
0.56862748
0.57254905
0.58039218
0.59215689
0.59607846
0.59607846
0.60000002
0.60000002
0.59607846
0.60000002
0.60392159
0.60392159
0.61176473
0.61568630
0.61568630
0.61176473
0.60392159
0.59607846
0.58823532
0.58431375
0.58431375
0.58039218
0.57647061
0.56862748
0.56470591
0.55686277
0.54509807
0.48627451
0.49803922
0.51764709
0.52941179
0.54509807
0.55294120
0.56078434
0.56862748
0.58039218
0.58431375
0.58431375
0.58823532
0.58823532
0.58823532
0.59215689
0.60000002
0.60000002
0.60392159
0.60392159
0.60392159
0.59607846
0.59215689
0.58823532
0.58431375
0.58039218
0.57647061
0.56862748
0.56078434
0.55686277
0.54901963
0.54117650
0.52941179
0.55686277
0.56862748
0.58431375
0.58823532
0.60784316
0.71372551
0.87450981
0.92549020
0.92549020
0.91764706
0.89803922
0.89411765
0.89019608
0.87843138
0.90196079
0.94509804
0.92549020
0.92549020
0.92156863
0.90196079
0.85490197
0.80392158
0.83529413
0.84313726
0.81960785
0.80784315
0.80392158
0.79607844
0.80000001
0.82352942
0.86274511
0.87843138
0.57647061
0.59215689
0.60392159
0.61176473
0.69411767
0.87450981
0.93725491
0.92941177
0.90980393
0.89803922
0.89411765
0.89803922
0.90196079
0.90196079
0.89803922
0.92549020
0.92941177
0.92156863
0.90980393
0.87058824
0.84705883
0.83529413
0.85490197
0.84705883
0.81568629
0.80000001
0.78431374
0.78823531
0.82352942
0.85490197
0.87450981
0.84705883
0.59215689
0.60000002
0.61176473
0.64705884
0.77647060
0.91372550
0.93725491
0.93333334
0.89803922
0.88235295
0.86666667
0.87843138
0.90980393
0.94117647
0.92156863
0.93333334
0.93725491
0.88627452
0.83921570
0.80392158
0.80784315
0.80392158
0.81960785
0.79607844
0.77647060
0.74509805
0.71372551
0.71764708
0.76470590
0.80392158
0.79607844
0.73725492
0.60784316
0.61176473
0.65098041
0.76862746
0.84313726
0.90980393
0.92941177
0.92549020
0.89411765
0.87450981
0.85490197
0.86666667
0.92941177
0.95686275
0.94509804
0.95686275
0.95686275
0.89803922
0.78431374
0.78431374
0.82745099
0.78431374
0.79215688
0.76470590
0.73333335
0.70196080
0.67843139
0.66666669
0.67843139
0.69019610
0.66666669
0.63529414
0.62352943
0.63529414
0.74117649
0.87843138
0.87058824
0.90196079
0.91372550
0.88235295
0.85882354
0.84705883
0.83137256
0.87450981
0.93725491
0.92549020
0.90980393
0.92549020
0.94901961
0.93333334
0.84705883
0.83529413
0.87058824
0.79607844
0.76470590
0.75294119
0.71764708
0.69411767
0.67450982
0.66274512
0.65490198
0.64313728
0.62745100
0.61568630
0.63921571
0.67450982
0.79215688
0.86274511
0.85490197
0.89803922
0.90980393
0.83921570
0.82352942
0.81568629
0.78823531
0.83921570
0.87843138
0.83529413
0.83137256
0.87843138
0.93333334
0.92549020
0.89803922
0.90196079
0.87843138
0.79215688
0.76078433
0.75294119
0.71764708
0.70196080
0.69803923
0.68627453
0.67058825
0.65882355
0.64705884
0.63529414
0.65098041
0.67450982
0.72941178
0.76862746
0.80784315
0.89019608
0.89803922
0.82352942
0.81176472
0.80392158
0.76862746
0.75686276
0.76470590
0.74509805
0.74509805
0.80000001
0.85098040
0.84313726
0.84313726
0.85490197
0.80784315
0.73725492
0.72941178
0.71764708
0.69803923
0.69411767
0.69019610
0.67843139
0.67058825
0.67058825
0.65882355
0.63921571
0.65882355
0.67058825
0.68627453
0.70196080
0.75294119
0.83529413
0.86666667
0.83921570
0.81960785
0.76078433
0.73725492
0.71764708
0.74901962
0.79215688
0.74901962
0.74901962
0.74901962
0.74901962
0.77647060
0.80000001
0.78823531
0.73725492
0.70588237
0.70196080
0.69411767
0.69411767
0.69019610
0.68235296
0.69019610
0.68235296
0.66274512
0.65098041
0.66666669
0.68235296
0.69411767
0.70196080
0.72156864
0.74509805
0.84705883
0.92156863
0.89411765
0.79607844
0.73725492
0.70588237
0.70588237
0.76078433
0.74509805
0.72549021
0.73333335
0.75686276
0.74901962
0.78039217
0.84705883
0.82352942
0.74117649
0.71372551
0.70588237
0.70980394
0.71372551
0.70588237
0.70196080
0.69803923
0.70588237
0.69803923
0.67843139
0.69019610
0.69803923
0.70980394
0.72549021
0.74901962
0.87058824
0.94901961
0.92156863
0.87843138
0.84313726
0.77647060
0.71372551
0.70980394
0.74117649
0.74117649
0.73333335
0.71372551
0.70588237
0.70980394
0.74901962
0.78039217
0.76470590
0.73333335
0.76078433
0.79215688
0.80392158
0.77254903
0.74117649
0.71372551
0.78823531
0.83529413
0.68627453
0.69803923
0.70588237
0.71764708
0.74117649
0.78823531
0.89019608
0.91764706
0.88627452
0.84313726
0.86666667
0.78823531
0.69803923
0.70980394
0.80000001
0.75294119
0.75686276
0.73725492
0.71764708
0.67843139
0.69803923
0.72941178
0.73725492
0.75294119
0.83529413
0.88235295
0.88627452
0.86274511
0.84705883
0.78823531
0.81176472
0.87843138
0.69803923
0.70196080
0.71372551
0.72549021
0.75686276
0.76470590
0.78431374
0.85098040
0.80000001
0.66666669
0.77254903
0.64705884
0.51764709
0.57254905
0.68627453
0.61960787
0.68627453
0.74117649
0.68627453
0.60784316
0.71764708
0.74901962
0.74901962
0.76078433
0.81568629
0.86274511
0.88627452
0.86274511
0.85882354
0.85882354
0.83921570
0.83921570
0.71372551
0.70980394
0.72156864
0.72549021
0.78431374
0.76470590
0.67843139
0.75686276
0.76470590
0.69019610
0.78431374
0.58823532
0.40784314
0.42745098
0.47058824
0.46666667
0.50196081
0.54509807
0.53725493
0.53333336
0.64313728
0.74117649
0.76078433
0.75686276
0.81568629
0.83137256
0.83921570
0.82352942
0.81176472
0.82745099
0.81568629
0.78431374
0.59215689
0.61568630
0.69019610
0.70588237
0.72549021
0.66666669
0.59607846
0.57254905
0.64313728
0.69411767
0.68627453
0.53333336
0.40784314
0.41176471
0.41568628
0.41960785
0.41568628
0.41568628
0.42745098
0.45490196
0.48235294
0.56078434
0.63137257
0.68627453
0.78039217
0.80784315
0.77254903
0.77647060
0.78823531
0.77647060
0.75686276
0.73725492
0.33725491
0.36078432
0.52156866
0.59607846
0.54901963
0.46666667
0.42352942
0.38823530
0.38823530
0.41568628
0.38823530
0.37254903
0.39607844
0.40392157
0.41176471
0.41960785
0.41176471
0.40392157
0.40784314
0.41176471
0.41960785
0.42745098
0.42745098
0.47058824
0.52156866
0.58431375
0.59607846
0.67843139
0.75686276
0.75294119
0.71372551
0.69019610
0.29019609
0.31372550
0.38431373
0.56470591
0.52549022
0.41568628
0.33725491
0.31372550
0.30196080
0.29019609
0.26666668
0.27450982
0.31764707
0.36470589
0.40392157
0.41568628
0.40392157
0.39607844
0.40000001
0.40784314
0.40784314
0.40784314
0.37254903
0.39215687
0.42352942
0.43137255
0.43529412
0.47058824
0.52156866
0.53333336
0.50196081
0.46666667
0.26274511
0.29803923
0.32549021
0.50588238
0.54117650
0.36470589
0.21568628
0.21176471
0.25098041
0.25098041
0.23921569
0.23921569
0.24313726
0.25882354
0.30588236
0.35686275
0.38431373
0.38823530
0.39607844
0.39607844
0.39607844
0.39607844
0.38039216
0.39607844
0.42352942
0.41176471
0.42352942
0.42352942
0.42352942
0.44313726
0.43137255
0.42745098
0.24313726
0.30980393
0.33725491
0.38039216
0.45882353
0.31372550
0.18431373
0.18039216
0.21960784
0.22352941
0.21960784
0.21960784
0.21960784
0.21960784
0.23137255
0.25490198
0.28235295
0.32549021
0.35686275
0.37254903
0.38431373
0.38431373
0.36862746
0.38039216
0.38431373
0.33333334
0.38039216
0.41176471
0.42352942
0.45882353
0.46666667
0.45490196
0.32156864
0.34509805
0.28235295
0.27450982
0.37647060
0.29411766
0.20392157
0.19215687
0.21176471
0.20784314
0.20000000
0.19607843
0.20000000
0.20392157
0.21568628
0.22745098
0.23921569
0.25882354
0.28627452
0.32156864
0.35294119
0.36862746
0.34117648
0.35686275
0.37254903
0.32549021
0.34901962
0.36078432
0.40392157
0.50588238
0.54509807
0.53333336
0.30980393
0.32941177
0.31372550
0.32156864
0.37647060
0.28235295
0.19607843
0.19215687
0.18431373
0.17647059
0.17254902
0.16862746
0.17254902
0.18039216
0.19215687
0.20784314
0.21960784
0.23137255
0.23529412
0.24705882
0.26666668
0.29411766
0.27843139
0.29411766
0.32156864
0.30980393
0.31372550
0.32549021
0.44705883
0.58431375
0.61176473
0.61176473
0.41176471
0.43921569
0.46666667
0.49803922
0.48235294
0.27450982
0.16470589
0.16078432
0.14901961
0.14117648
0.14117648
0.14117648
0.14509805
0.15294118
0.16470589
0.17647059
0.18039216
0.19215687
0.21960784
0.22745098
0.25098041
0.29019609
0.31764707
0.34901962
0.38823530
0.41176471
0.43921569
0.48627451
0.55686277
0.61960787
0.62745100
0.61568630
0.54117650
0.55294120
0.57254905
0.60000002
0.57254905
0.34117648
0.22745098
0.22352941
0.20392157
0.19215687
0.19607843
0.20392157
0.21960784
0.24313726
0.26274511
0.28235295
0.30588236
0.34509805
0.38431373
0.40000001
0.42745098
0.47450981
0.50588238
0.53333336
0.56470591
0.58431375
0.59607846
0.60784316
0.61960787
0.63137257
0.63137257
0.61960787
0.54117650
0.55686277
0.57647061
0.58823532
0.56078434
0.46274510
0.41960785
0.41960785
0.40784314
0.40392157
0.41176471
0.41568628
0.43137255
0.44313726
0.45098040
0.46666667
0.48627451
0.50980395
0.52549022
0.54509807
0.55686277
0.58431375
0.59215689
0.60000002
0.60392159
0.60392159
0.60392159
0.60000002
0.61176473
0.62745100
0.63137257
0.61960787
0.54509807
0.55686277
0.56862748
0.56470591
0.54117650
0.50196081
0.48235294
0.49411765
0.49411765
0.49803922
0.50980395
0.50588238
0.50588238
0.51372552
0.52549022
0.52941179
0.53725493
0.54509807
0.56078434
0.57647061
0.58823532
0.59215689
0.58823532
0.58431375
0.58823532
0.59607846
0.60000002
0.60784316
0.61960787
0.62745100
0.62745100
0.61568630
0.54117650
0.54901963
0.55686277
0.55294120
0.54117650
0.51372552
0.49803922
0.50196081
0.50980395
0.51372552
0.51764709
0.52549022
0.51764709
0.51764709
0.53725493
0.55686277
0.56470591
0.57647061
0.58039218
0.58039218
0.58039218
0.58039218
0.58039218
0.57647061
0.58431375
0.59607846
0.59607846
0.60784316
0.61960787
0.62352943
0.61960787
0.60784316
0.53725493
0.54509807
0.55686277
0.55686277
0.54901963
0.54117650
0.53725493
0.53725493
0.53333336
0.53725493
0.54901963
0.54901963
0.53333336
0.53333336
0.55294120
0.56078434
0.57254905
0.58431375
0.58823532
0.58823532
0.59607846
0.60000002
0.60392159
0.60392159
0.60392159
0.60392159
0.61568630
0.61568630
0.61568630
0.61176473
0.60392159
0.59215689
0.53333336
0.54117650
0.55294120
0.56078434
0.56470591
0.56078434
0.55686277
0.55294120
0.54901963
0.56078434
0.56470591
0.55294120
0.54509807
0.55294120
0.55686277
0.55686277
0.56078434
0.56470591
0.57254905
0.58431375
0.58823532
0.59215689
0.59607846
0.60784316
0.60784316
0.60784316
0.61568630
0.61568630
0.60784316
0.60392159
0.59607846
0.58431375
0.52941179
0.53333336
0.54509807
0.56078434
0.56470591
0.55686277
0.56078434
0.56078434
0.56470591
0.56470591
0.56078434
0.55294120
0.54901963
0.56078434
0.56862748
0.56470591
0.56470591
0.56470591
0.56470591
0.57647061
0.57254905
0.58039218
0.58823532
0.59607846
0.60000002
0.60000002
0.60392159
0.60392159
0.60000002
0.59607846
0.58823532
0.57254905
0.52549022
0.52941179
0.54509807
0.55686277
0.56078434
0.55686277
0.56078434
0.56470591
0.56862748
0.56470591
0.56470591
0.56078434
0.56078434
0.56470591
0.57254905
0.57647061
0.58431375
0.58431375
0.58823532
0.58431375
0.58039218
0.58039218
0.58431375
0.58823532
0.59607846
0.59215689
0.59607846
0.59215689
0.58823532
0.58431375
0.57647061
0.56470591
0.51764709
0.52549022
0.54117650
0.54901963
0.54901963
0.55294120
0.55686277
0.56078434
0.57254905
0.57647061
0.58039218
0.57647061
0.57647061
0.57647061
0.58039218
0.58823532
0.59215689
0.59607846
0.60000002
0.60000002
0.59607846
0.59607846
0.58431375
0.58431375
0.58823532
0.58431375
0.58431375
0.58431375
0.57647061
0.57254905
0.56470591
0.55294120
0.51372552
0.52156866
0.52941179
0.54117650
0.54901963
0.55686277
0.56078434
0.56862748
0.58039218
0.58431375
0.58823532
0.59215689
0.59215689
0.58823532
0.59215689
0.59607846
0.59607846
0.60392159
0.60784316
0.60784316
0.60392159
0.60392159
0.59607846
0.58823532
0.58431375
0.58431375
0.58431375
0.58039218
0.57254905
0.56470591
0.55686277
0.54509807
0.49411765
0.49803922
0.50980395
0.52156866
0.53333336
0.54117650
0.54901963
0.55686277
0.56862748
0.57254905
0.57647061
0.58039218
0.58039218
0.58039218
0.58431375
0.58823532
0.58823532
0.58823532
0.59215689
0.58823532
0.58431375
0.58431375
0.58039218
0.57647061
0.56862748
0.56470591
0.56862748
0.56470591
0.55686277
0.54901963
0.54117650
0.52941179
0.81568629
0.83529413
0.85098040
0.84313726
0.84313726
0.89019608
0.95686275
0.94901961
0.94901961
0.97647059
0.98039216
0.97647059
0.96078432
0.93725491
0.95294118
0.97254902
0.95294118
0.96862745
0.98431373
0.98039216
0.93725491
0.91372550
0.94117647
0.92941177
0.90588236
0.90196079
0.90980393
0.90588236
0.90588236
0.92549020
0.95686275
0.96078432
0.84705883
0.85882354
0.86274511
0.85490197
0.88627452
0.97647059
0.98823529
0.95294118
0.94117647
0.96862745
0.99215686
0.99607843
0.98039216
0.96862745
0.96470588
0.96470588
0.96470588
0.98823529
1.00000000
0.97647059
0.95686275
0.94901961
0.96078432
0.93725491
0.90588236
0.90196079
0.88627452
0.88627452
0.92156863
0.94901961
0.96078432
0.94509804
0.85490197
0.85490197
0.84313726
0.86274511
0.91764706
0.96470588
0.96470588
0.95294118
0.94117647
0.95686275
0.95686275
0.95294118
0.96078432
0.98431373
0.97254902
0.96862745
0.97254902
0.96862745
0.95294118
0.93333334
0.93725491
0.91764706
0.92156863
0.89411765
0.87450981
0.85490197
0.81960785
0.81568629
0.86274511
0.90196079
0.89019608
0.84313726
0.86274511
0.85098040
0.85490197
0.92941177
0.93725491
0.94117647
0.95686275
0.96470588
0.95294118
0.94901961
0.92549020
0.91372550
0.94901961
0.97254902
0.97254902
0.98039216
0.99215686
0.97254902
0.89411765
0.90588236
0.94901961
0.90196079
0.90588236
0.87450981
0.84705883
0.82745099
0.79607844
0.78039217
0.79607844
0.80784315
0.78823531
0.76470590
0.86274511
0.84705883
0.90980393
0.98823529
0.94509804
0.94117647
0.96470588
0.94901961
0.92941177
0.91764706
0.90980393
0.92941177
0.96078432
0.94509804
0.94509804
0.95686275
0.97647059
0.98823529
0.93333334
0.92941177
0.97254902
0.91764706
0.89019608
0.87843138
0.85098040
0.83921570
0.82352942
0.80784315
0.80392158
0.80000001
0.78823531
0.78431374
0.86666667
0.87450981
0.94117647
0.96470588
0.93333334
0.96470588
0.98431373
0.92941177
0.89803922
0.88627452
0.89803922
0.92941177
0.93725491
0.89019608
0.90588236
0.92941177
0.96078432
0.97647059
0.96862745
0.97254902
0.96470588
0.92941177
0.90196079
0.89411765
0.86666667
0.87058824
0.87058824
0.86274511
0.85098040
0.84705883
0.83921570
0.84313726
0.87058824
0.88235295
0.90980393
0.91372550
0.91764706
0.97647059
0.98431373
0.92549020
0.90588236
0.89411765
0.87843138
0.85882354
0.85490197
0.83529413
0.84705883
0.88235295
0.91372550
0.92549020
0.93333334
0.94509804
0.92156863
0.91764706
0.90980393
0.88627452
0.87450981
0.89019608
0.90980393
0.89411765
0.86666667
0.86666667
0.87843138
0.87843138
0.88627452
0.89019608
0.89411765
0.88627452
0.90196079
0.94901961
0.96078432
0.92156863
0.90980393
0.86274511
0.84313726
0.82352942
0.85882354
0.90196079
0.85490197
0.85098040
0.85098040
0.85882354
0.89019608
0.91764706
0.92156863
0.91764706
0.89411765
0.89411765
0.89803922
0.91372550
0.92941177
0.91764706
0.90588236
0.90196079
0.89411765
0.89411765
0.89803922
0.90588236
0.90196079
0.89411765
0.90588236
0.90588236
0.93725491
0.96862745
0.95686275
0.89411765
0.84313726
0.80784315
0.80784315
0.86274511
0.85098040
0.83137256
0.84313726
0.87450981
0.87450981
0.91372550
0.96862745
0.95294118
0.90980393
0.90980393
0.91372550
0.91372550
0.90980393
0.91764706
0.93725491
0.93333334
0.92156863
0.89803922
0.89803922
0.90980393
0.90980393
0.90196079
0.92549020
0.93333334
0.95686275
0.96862745
0.96078432
0.96078432
0.92549020
0.85098040
0.78823531
0.78431374
0.81568629
0.83529413
0.84705883
0.83137256
0.83137256
0.84313726
0.87843138
0.90196079
0.92549020
0.92156863
0.93725491
0.93333334
0.92941177
0.92549020
0.94117647
0.92941177
0.94901961
0.97254902
0.89019608
0.90588236
0.90980393
0.90588236
0.92549020
0.94509804
0.96078432
0.93333334
0.91372550
0.89803922
0.90980393
0.82352942
0.73725492
0.74901962
0.83529413
0.81960785
0.84705883
0.83529413
0.81960785
0.79215688
0.81960785
0.86274511
0.89803922
0.91764706
0.96078432
0.95686275
0.94901961
0.95686275
0.98039216
0.94117647
0.91764706
0.96078432
0.88627452
0.89411765
0.90196079
0.90588236
0.89803922
0.85490197
0.83921570
0.88235295
0.81960785
0.69019610
0.80000001
0.67450982
0.54117650
0.59607846
0.70980394
0.66274512
0.74509805
0.80392158
0.75686276
0.68235296
0.80784315
0.87058824
0.88235295
0.88627452
0.90980393
0.92156863
0.94117647
0.93725491
0.95294118
0.95686275
0.92156863
0.91372550
0.87450981
0.87843138
0.89019608
0.89019608
0.87843138
0.78431374
0.71764708
0.80392158
0.78431374
0.69019610
0.80784315
0.62352943
0.44313726
0.46274510
0.50588238
0.49803922
0.52941179
0.57647061
0.58039218
0.58039218
0.70588237
0.82352942
0.84705883
0.83137256
0.89803922
0.91764706
0.93725491
0.90980393
0.88235295
0.89803922
0.90196079
0.88235295
0.63137257
0.66666669
0.75686276
0.79215688
0.77647060
0.67058825
0.61176473
0.58823532
0.64313728
0.67843139
0.69411767
0.56078434
0.43529412
0.44705883
0.45490196
0.45098040
0.44313726
0.44705883
0.46666667
0.50196081
0.53333336
0.60784316
0.67450982
0.73333335
0.83921570
0.88235295
0.86274511
0.86666667
0.87058824
0.87058824
0.87450981
0.86666667
0.26666668
0.29803923
0.48627451
0.60000002
0.56862748
0.47843137
0.41960785
0.36470589
0.36078432
0.39215687
0.37647060
0.37254903
0.40392157
0.42745098
0.44313726
0.45490196
0.44705883
0.44313726
0.45490196
0.46666667
0.47450981
0.47058824
0.46274510
0.50588238
0.56078434
0.62352943
0.64705884
0.74117649
0.82745099
0.83529413
0.80392158
0.78431374
0.20000000
0.22745098
0.32549021
0.54117650
0.52549022
0.41176471
0.31372550
0.27450982
0.26274511
0.26274511
0.24705882
0.26274511
0.31764707
0.37254903
0.41960785
0.44313726
0.43529412
0.43137255
0.44705883
0.45882353
0.46274510
0.45098040
0.41176471
0.43529412
0.46274510
0.47450981
0.47843137
0.50588238
0.54117650
0.53725493
0.49019608
0.44313726
0.17254902
0.21176471
0.25490198
0.47058824
0.51764709
0.33725491
0.17647059
0.16470589
0.21176471
0.22352941
0.21960784
0.22352941
0.23529412
0.25490198
0.30980393
0.37254903
0.40784314
0.41960785
0.43137255
0.43529412
0.44313726
0.44705883
0.42745098
0.44705883
0.47058824
0.45882353
0.47843137
0.46666667
0.42745098
0.40000001
0.34509805
0.32941177
0.16078432
0.22352941
0.26666668
0.33333334
0.41960785
0.26666668
0.13333334
0.13333334
0.18823530
0.20784314
0.20784314
0.20784314
0.21176471
0.21176471
0.22352941
0.25882354
0.29803923
0.34509805
0.38431373
0.40784314
0.41960785
0.42745098
0.41176471
0.42352942
0.42745098
0.38039216
0.44705883
0.47450981
0.44313726
0.42745098
0.38823530
0.36470589
0.25098041
0.26666668
0.21176471
0.22352941
0.32941177
0.23921569
0.14901961
0.14901961
0.19215687
0.20392157
0.20000000
0.20000000
0.20000000
0.20392157
0.21176471
0.22745098
0.24705882
0.27058825
0.30196080
0.34509805
0.38039216
0.40392157
0.37647060
0.39215687
0.40784314
0.36078432
0.40000001
0.40784314
0.42745098
0.49411765
0.50196081
0.48627451
0.25490198
0.26274511
0.25098041
0.27058825
0.32941177
0.22352941
0.14509805
0.15294118
0.17647059
0.19215687
0.19215687
0.18823530
0.18823530
0.19607843
0.20392157
0.21176471
0.21960784
0.23529412
0.24705882
0.26274511
0.29019609
0.31764707
0.30196080
0.31764707
0.34509805
0.33333334
0.32941177
0.32941177
0.44313726
0.57254905
0.58823532
0.59607846
0.38431373
0.40784314
0.43137255
0.46666667
0.45098040
0.23921569
0.13333334
0.14509805
0.14901961
0.15686275
0.15686275
0.15294118
0.15294118
0.16470589
0.17254902
0.17254902
0.16862746
0.18823530
0.21960784
0.23529412
0.25490198
0.27450982
0.29803923
0.32941177
0.37254903
0.39607844
0.42352942
0.46666667
0.54117650
0.60784316
0.61960787
0.61960787
0.53333336
0.56078434
0.57647061
0.58823532
0.54901963
0.31372550
0.19607843
0.19607843
0.18431373
0.17254902
0.16862746
0.17254902
0.19215687
0.21176471
0.23137255
0.24705882
0.26274511
0.30980393
0.35294119
0.37647060
0.40000001
0.41568628
0.43921569
0.47843137
0.51372552
0.53725493
0.57254905
0.59607846
0.61176473
0.63137257
0.64313728
0.63529414
0.54117650
0.56862748
0.58431375
0.57647061
0.50980395
0.37254903
0.32549021
0.32549021
0.31764707
0.31764707
0.32156864
0.32549021
0.34117648
0.35294119
0.36470589
0.38039216
0.40000001
0.42352942
0.45098040
0.47450981
0.49019608
0.51764709
0.53333336
0.54901963
0.55686277
0.56470591
0.58039218
0.58823532
0.60784316
0.63137257
0.63921571
0.63529414
0.54509807
0.56862748
0.56862748
0.54509807
0.45882353
0.36470589
0.34901962
0.35686275
0.35686275
0.36470589
0.38039216
0.38039216
0.38431373
0.39215687
0.40000001
0.41176471
0.42745098
0.43921569
0.46274510
0.48627451
0.50980395
0.53725493
0.54117650
0.54901963
0.56078434
0.57254905
0.57647061
0.59215689
0.60784316
0.62352943
0.63137257
0.62352943
0.54509807
0.55686277
0.54901963
0.51764709
0.45882353
0.39215687
0.37647060
0.38039216
0.38823530
0.39215687
0.40392157
0.41568628
0.40784314
0.41176471
0.43137255
0.45882353
0.47843137
0.49803922
0.50588238
0.50980395
0.52156866
0.54117650
0.54509807
0.54901963
0.56470591
0.58039218
0.57647061
0.58823532
0.60392159
0.61568630
0.61960787
0.61176473
0.54117650
0.54901963
0.53725493
0.50588238
0.47450981
0.45490196
0.45490196
0.45098040
0.45098040
0.45098040
0.46274510
0.46666667
0.44705883
0.45098040
0.47058824
0.48627451
0.50588238
0.52549022
0.53333336
0.54117650
0.55294120
0.56078434
0.56470591
0.57254905
0.58039218
0.58823532
0.58823532
0.59215689
0.59215689
0.59607846
0.59607846
0.59215689
0.53725493
0.53725493
0.52549022
0.50196081
0.49019608
0.49019608
0.48627451
0.47843137
0.47843137
0.48627451
0.47843137
0.46666667
0.45490196
0.46274510
0.46666667
0.47058824
0.48235294
0.49411765
0.50588238
0.52156866
0.53333336
0.54509807
0.55294120
0.56470591
0.57647061
0.57647061
0.58431375
0.58823532
0.58431375
0.58431375
0.58431375
0.58039218
0.52156866
0.51764709
0.50980395
0.50196081
0.49019608
0.48235294
0.48235294
0.48627451
0.48627451
0.48627451
0.47058824
0.45490196
0.45490196
0.46666667
0.47058824
0.47058824
0.47450981
0.47450981
0.48235294
0.49411765
0.49803922
0.51764709
0.53333336
0.54509807
0.55686277
0.56078434
0.56862748
0.57254905
0.57647061
0.57647061
0.57254905
0.56862748
0.49019608
0.49019608
0.49803922
0.50196081
0.49411765
0.48235294
0.48627451
0.49019608
0.49411765
0.49019608
0.47843137
0.47450981
0.47058824
0.47843137
0.48627451
0.49019608
0.49803922
0.50196081
0.50196081
0.50196081
0.50196081
0.50980395
0.51764709
0.52941179
0.54117650
0.54509807
0.55686277
0.56078434
0.56470591
0.56470591
0.56078434
0.55686277
0.47843137
0.48235294
0.49019608
0.49411765
0.49019608
0.47843137
0.48235294
0.48627451
0.49803922
0.50196081
0.49803922
0.49411765
0.49411765
0.49411765
0.49803922
0.50588238
0.51372552
0.51372552
0.51764709
0.51764709
0.51764709
0.52156866
0.51764709
0.52156866
0.53333336
0.53333336
0.54117650
0.54509807
0.54509807
0.54509807
0.54509807
0.53725493
0.47450981
0.47843137
0.48235294
0.48627451
0.48627451
0.48235294
0.48235294
0.49411765
0.50588238
0.50980395
0.50588238
0.50588238
0.50980395
0.50588238
0.50980395
0.51372552
0.51372552
0.52156866
0.52549022
0.52549022
0.52156866
0.52549022
0.52156866
0.52156866
0.52549022
0.52941179
0.53333336
0.53333336
0.53333336
0.53333336
0.52941179
0.52549022
0.45490196
0.45882353
0.46274510
0.47058824
0.47058824
0.46666667
0.47450981
0.48235294
0.49803922
0.49803922
0.49411765
0.49803922
0.49803922
0.49803922
0.50196081
0.50588238
0.50588238
0.50980395
0.50980395
0.50980395
0.50588238
0.50588238
0.50196081
0.50588238
0.50980395
0.50980395
0.50980395
0.50980395
0.50980395
0.50980395
0.50196081
0.49803922
1 0 0 0 0 0 0 0 -1 0 0
0 1 0 0 0 0 0 0 -1 0 0
0 0 1 0 0 0 0 0 -1 0 0
0 0 0 1 0 0 0 0 -1 0 0
0 0 0 0 1 0 0 0 -1 0 0
0 0 0 0 0 1 0 0 -1 0 0
0 0 0 0 0 0 1 0 -1 0 0
0 0 0 0 0 0 0 1 -1 0 0
0 0 0 0 0 0 0 0 -1 1 0
