0.22352941
0.48627451
0.41176471
0.40392157
0.49803922
0.48627451
0.40000001
0.47843137
0.34509805
0.16078432
0.40000001
0.65098041
0.60784316
0.33725491
0.20784314
0.26666668
0.52549022
0.61176473
0.58039218
0.61176473
0.49019608
0.32549021
0.38039216
0.28627452
0.23529412
0.17254902
0.27058825
0.75294119
0.82745099
0.78823531
0.68235296
0.49019608
0.54509807
0.31372550
0.03529412
0.23529412
0.46274510
0.52549022
0.51372552
0.45882353
0.33725491
0.19607843
0.36862746
0.72156864
0.53333336
0.36862746
0.45098040
0.19215687
0.47450981
0.54509807
0.55294120
0.59215689
0.39215687
0.17647059
0.24313726
0.25490198
0.27450982
0.31372550
0.65490198
0.72941178
0.78431374
0.59607846
0.58823532
0.46666667
0.39215687
0.18039216
0.12941177
0.10588235
0.27450982
0.47843137
0.53333336
0.51764709
0.41568628
0.27450982
0.26666668
0.71764708
0.46274510
0.33725491
0.56470591
0.32941177
0.37254903
0.50196081
0.56078434
0.59215689
0.31372550
0.14509805
0.29411766
0.32156864
0.58039218
0.71764708
0.60000002
0.60784316
0.60392159
0.53333336
0.53333336
0.52549022
0.21568628
0.19215687
0.23137255
0.22745098
0.06666667
0.28235295
0.47450981
0.54509807
0.52941179
0.41568628
0.36862746
0.72549021
0.30980393
0.28235295
0.57647061
0.49803922
0.34901962
0.47058824
0.59215689
0.50980395
0.18823530
0.15294118
0.37647060
0.44313726
0.62745100
0.50980395
0.54117650
0.60784316
0.38823530
0.58039218
0.41176471
0.59607846
0.21960784
0.24313726
0.27058825
0.33333334
0.15686275
0.02352941
0.27450982
0.49019608
0.54509807
0.51764709
0.53333336
0.68627453
0.25882354
0.23921569
0.49019608
0.61568630
0.40000001
0.43529412
0.54509807
0.27843139
0.07058824
0.24705882
0.61568630
0.66666669
0.38039216
0.41960785
0.65882355
0.40784314
0.41960785
0.47058824
0.25882354
0.49019608
0.37647060
0.46666667
0.37647060
0.30980393
0.46274510
0.13725491
0.03529412
0.28235295
0.47450981
0.52156866
0.62352943
0.52156866
0.24705882
0.36078432
0.28627452
0.49803922
0.38823530
0.43529412
0.35294119
0.35294119
0.51372552
0.56470591
0.48627451
0.36078432
0.30980393
0.64313728
0.50980395
0.28627452
0.40392157
0.30588236
0.22745098
0.32941177
0.36078432
0.49411765
0.53725493
0.42745098
0.53725493
0.52156866
0.15294118
0.07843138
0.27843139
0.46666667
0.62745100
0.45490196
0.34901962
0.33725491
0.24705882
0.23921569
0.29411766
0.51372552
0.56862748
0.61568630
0.56862748
0.41960785
0.36862746
0.31372550
0.50588238
0.53333336
0.29803923
0.19215687
0.45098040
0.14509805
0.28627452
0.38431373
0.27843139
0.30588236
0.50980395
0.53725493
0.65882355
0.76078433
0.52549022
0.28235295
0.29019609
0.32156864
0.61568630
0.47058824
0.50980395
0.43137255
0.35686275
0.32156864
0.58823532
0.71764708
0.51372552
0.27058825
0.34901962
0.38823530
0.31372550
0.41960785
0.62352943
0.27450982
0.10588235
0.18823530
0.56862748
0.29411766
0.44705883
0.65490198
0.39215687
0.44705883
0.44705883
0.52156866
0.61568630
0.61960787
0.47843137
0.48235294
0.48627451
0.38039216
0.56862748
0.43137255
0.51372552
0.54117650
0.44705883
0.50980395
0.56862748
0.40392157
0.21960784
0.19215687
0.33333334
0.28627452
0.24705882
0.56470591
0.51372552
0.25098041
0.14901961
0.43137255
0.63529414
0.41568628
0.50196081
0.68235296
0.30196080
0.49019608
0.54117650
0.59215689
0.62745100
0.56470591
0.59607846
0.51372552
0.57647061
0.49803922
0.50980395
0.32156864
0.45882353
0.47843137
0.50196081
0.50980395
0.41960785
0.39215687
0.35686275
0.30196080
0.20392157
0.38039216
0.54509807
0.45098040
0.19215687
0.30196080
0.44705883
0.68235296
0.54901963
0.38431373
0.47450981
0.49803922
0.41960785
0.61960787
0.72549021
0.76078433
0.82352942
0.72941178
0.67843139
0.51764709
0.52941179
0.46274510
0.45490196
0.35294119
0.44313726
0.45098040
0.51764709
0.52941179
0.34901962
0.32549021
0.41960785
0.36470589
0.24313726
0.52941179
0.59215689
0.27058825
0.16862746
0.31764707
0.58431375
0.76862746
0.60000002
0.47058824
0.43137255
0.43137255
0.53725493
0.60784316
0.60392159
0.65490198
0.65490198
0.55686277
0.45882353
0.41960785
0.45490196
0.51372552
0.50196081
0.46666667
0.49411765
0.49411765
0.43921569
0.43921569
0.41960785
0.40784314
0.57647061
0.58431375
0.39215687
0.56862748
0.33725491
0.29019609
0.30980393
0.37647060
0.72941178
0.80000001
0.67058825
0.53333336
0.46274510
0.51764709
0.53725493
0.57647061
0.56862748
0.47450981
0.42745098
0.41568628
0.41568628
0.48627451
0.51372552
0.50196081
0.49411765
0.49019608
0.49411765
0.47843137
0.45098040
0.47450981
0.46666667
0.44705883
0.56470591
0.69803923
0.51372552
0.44705883
0.11764706
0.21176471
0.37254903
0.45490196
0.74117649
0.80000001
0.70980394
0.46274510
0.44705883
0.57647061
0.60000002
0.56078434
0.56470591
0.50980395
0.41960785
0.38823530
0.42352942
0.53725493
0.55294120
0.50980395
0.50588238
0.52156866
0.52156866
0.49803922
0.47058824
0.46274510
0.44313726
0.40784314
0.43529412
0.63529414
0.58823532
0.47450981
0.29803923
0.29411766
0.37647060
0.41960785
0.57254905
0.50980395
0.51372552
0.38039216
0.36078432
0.52156866
0.69803923
0.58039218
0.57254905
0.54901963
0.44705883
0.43921569
0.43529412
0.45490196
0.54901963
0.56862748
0.58039218
0.55294120
0.52941179
0.57647061
0.54901963
0.53333336
0.51372552
0.56078434
0.61568630
0.64313728
0.68627453
0.63921571
0.56470591
0.49803922
0.45490196
0.47843137
0.37647060
0.27450982
0.32549021
0.37647060
0.34901962
0.47450981
0.70588237
0.60392159
0.57254905
0.55686277
0.45882353
0.46666667
0.55294120
0.56470591
0.60784316
0.66274512
0.64705884
0.61176473
0.60392159
0.62745100
0.61960787
0.67843139
0.67843139
0.63137257
0.65098041
0.57647061
0.66274512
0.70196080
0.62745100
0.61960787
0.62745100
0.53725493
0.18431373
0.23529412
0.31372550
0.41960785
0.38431373
0.49019608
0.69019610
0.63529414
0.56862748
0.54901963
0.50588238
0.46666667
0.56470591
0.60784316
0.69411767
0.74117649
0.72941178
0.70196080
0.68627453
0.70588237
0.71372551
0.70980394
0.63137257
0.40392157
0.16470589
0.14509805
0.35294119
0.38431373
0.45882353
0.61568630
0.57254905
0.25882354
0.21568628
0.38823530
0.35294119
0.38823530
0.36862746
0.51372552
0.75294119
0.65882355
0.57647061
0.54901963
0.52156866
0.47058824
0.46666667
0.46666667
0.58431375
0.67843139
0.76078433
0.76078433
0.64313728
0.60784316
0.56078434
0.40000001
0.41176471
0.40392157
0.17647059
0.26666668
0.58431375
0.52156866
0.45882353
0.46274510
0.48235294
0.16470589
0.42745098
0.70196080
0.51764709
0.59607846
0.48235294
0.55294120
0.79215688
0.66274512
0.60784316
0.53333336
0.52156866
0.47450981
0.49019608
0.53725493
0.48235294
0.63529414
0.79215688
0.74117649
0.36862746
0.28627452
0.35294119
0.36470589
0.49411765
0.45490196
0.57254905
0.73333335
0.67843139
0.50980395
0.27058825
0.25882354
0.42745098
0.38823530
0.67843139
0.78431374
0.72156864
0.77254903
0.65882355
0.67058825
0.76862746
0.68627453
0.61176473
0.56470591
0.54509807
0.49411765
0.47058824
0.57254905
0.66666669
0.69411767
0.69411767
0.49019608
0.34509805
0.41568628
0.31372550
0.51764709
0.76470590
0.70980394
0.72941178
0.62745100
0.45490196
0.19607843
0.02352941
0.09803922
0.39607844
0.59607846
0.80000001
0.76470590
0.73725492
0.73725492
0.61960787
0.70196080
0.79215688
0.74117649
0.63529414
0.61176473
0.56470591
0.56470591
0.47450981
0.53333336
0.68235296
0.68627453
0.50196081
0.44313726
0.46666667
0.50980395
0.45882353
0.62352943
0.60392159
0.58431375
0.41568628
0.27058825
0.14509805
0.05098039
0.02352941
0.21176471
0.50980395
0.53333336
0.59215689
0.71764708
0.72156864
0.71372551
0.70588237
0.63529414
0.82352942
0.71764708
0.65882355
0.63137257
0.58039218
0.63921571
0.51764709
0.49019608
0.55686277
0.60392159
0.49803922
0.55686277
0.50588238
0.59607846
0.71764708
0.59607846
0.46666667
0.42745098
0.12549020
0.12156863
0.04313726
0.03529412
0.09019608
0.35686275
0.54117650
0.57254905
0.49019608
0.56470591
0.76862746
0.69803923
0.74117649
0.48627451
0.86666667
0.72549021
0.65490198
0.66666669
0.63137257
0.63529414
0.54117650
0.45882353
0.54117650
0.61568630
0.58823532
0.67058825
0.63529414
0.67058825
0.67058825
0.53725493
0.36078432
0.12941177
0.05098039
0.16862746
0.27843139
0.23529412
0.42352942
0.36862746
0.41960785
0.56470591
0.58039218
0.52549022
0.66274512
0.74509805
0.74509805
0.30196080
0.90588236
0.87450981
0.66666669
0.58039218
0.67843139
0.62352943
0.54901963
0.49411765
0.46274510
0.52549022
0.58039218
0.63137257
0.67843139
0.63137257
0.43921569
0.20392157
0.10588235
0.19607843
0.34117648
0.42745098
0.60000002
0.60392159
0.67843139
0.48627451
0.35686275
0.45882353
0.56078434
0.56470591
0.52156866
0.60392159
0.60784316
0.14117648
0.92156863
0.94117647
0.88235295
0.47450981
0.62352943
0.69411767
0.64313728
0.62745100
0.66274512
0.53333336
0.35294119
0.47843137
0.67843139
0.53333336
0.18431373
0.29803923
0.49019608
0.61960787
0.65490198
0.69803923
0.52549022
0.61176473
0.60784316
0.60000002
0.52549022
0.34509805
0.46274510
0.57647061
0.59215689
0.52156866
0.38431373
0.20392157
0.64705884
0.69411767
0.74509805
0.57254905
0.38039216
0.72941178
0.73725492
0.54117650
0.53333336
0.58431375
0.43921569
0.52941179
0.69019610
0.39607844
0.22352941
0.47058824
0.56078434
0.47843137
0.47843137
0.54117650
0.36862746
0.52156866
0.60784316
0.60784316
0.58431375
0.50588238
0.38823530
0.45490196
0.57254905
0.59215689
0.45490196
0.35294119
0.35686275
0.41960785
0.46666667
0.54509807
0.37254903
0.44705883
0.53725493
0.36862746
0.35686275
0.29803923
0.38823530
0.54901963
0.66274512
0.43137255
0.42745098
0.34117648
0.31372550
0.45490196
0.42352942
0.48235294
0.30588236
0.43921569
0.58823532
0.65882355
0.61960787
0.62352943
0.52156866
0.36470589
0.43921569
0.57647061
0.60392159
0.49803922
0.47058824
0.40784314
0.41568628
0.35294119
0.32156864
0.21568628
0.23137255
0.35294119
0.58431375
0.51372552
0.50196081
0.57254905
0.70588237
0.49411765
0.45490196
0.36078432
0.32549021
0.42352942
0.43529412
0.33725491
0.33333334
0.32549021
0.42352942
0.55294120
0.69019610
0.60392159
0.62352943
0.47843137
0.30196080
0.46666667
0.57254905
0.59607846
0.47058824
0.40392157
0.36078432
0.32549021
0.25098041
0.23137255
0.19215687
0.15294118
0.27843139
0.52156866
0.52941179
0.63137257
0.64705884
0.50980395
0.49019608
0.43921569
0.33333334
0.32941177
0.47843137
0.48235294
0.52941179
0.35294119
0.33333334
0.26274511
0.52941179
0.64313728
0.56862748
0.62352943
0.42745098
0.30196080
0.43921569
0.58431375
0.37647060
0.41568628
0.44705883
0.31372550
0.30980393
0.36862746
0.31764707
0.25490198
0.23137255
0.33725491
0.41960785
0.56078434
0.68235296
0.55294120
0.64313728
0.46274510
0.27058825
0.35294119
0.52156866
0.61176473
0.68627453
0.56470591
0.51372552
0.43921569
0.27843139
0.48627451
0.61568630
0.70196080
0.66274512
0.43921569
0.29019609
0.45490196
0.42745098
0.47843137
0.52156866
0.39607844
0.46666667
0.45490196
0.38823530
0.41960785
0.33725491
0.33725491
0.39215687
0.47450981
0.64705884
0.63921571
0.67843139
0.52156866
0.35294119
0.35294119
0.44705883
0.46274510
0.61176473
0.57647061
0.54117650
0.63529414
0.38823530
0.21176471
0.38039216
0.50980395
0.62352943
0.68627453
0.41176471
0.26274511
0.42745098
0.50980395
0.54117650
0.43137255
0.53333336
0.36078432
0.38823530
0.41176471
0.32941177
0.45098040
0.36470589
0.40392157
0.47843137
0.58431375
0.57254905
0.47058824
0.44705883
0.38431373
0.40392157
0.35686275
0.52549022
0.52156866
0.33333334
0.39607844
0.50980395
0.30980393
0.24313726
0.29411766
0.30588236
0.43921569
0.39607844
0.16470589
0.19607843
0.41176471
0.34509805
0.52549022
0.66666669
0.65490198
0.49411765
0.45882353
0.34509805
0.16470589
0.30588236
0.50980395
0.49803922
0.25882354
0.14509805
0.25882354
0.49411765
0.54117650
0.52549022
0.56470591
0.39215687
0.35294119
0.40000001
0.24313726
0.18823530
0.12156863
0.20784314
0.67058825
0.71764708
0.65882355
0.53333336
0.35686275
0.47843137
0.25098041
0.03921569
0.32549021
0.61960787
0.70196080
0.68627453
0.54901963
0.39215687
0.24705882
0.31372550
0.55294120
0.42745098
0.28235295
0.34509805
0.16862746
0.45490196
0.49019608
0.48235294
0.50980395
0.27843139
0.14901961
0.19215687
0.16078432
0.20784314
0.24313726
0.54901963
0.60392159
0.62745100
0.43921569
0.43137255
0.34509805
0.35294119
0.16862746
0.12549020
0.11372549
0.36078432
0.62745100
0.70980394
0.69411767
0.54901963
0.33333334
0.25098041
0.56078434
0.36078432
0.23921569
0.43921569
0.27058825
0.34901962
0.46666667
0.48627451
0.51372552
0.23921569
0.09803922
0.20000000
0.20784314
0.47843137
0.61960787
0.49803922
0.45490196
0.45098040
0.37647060
0.38823530
0.41568628
0.18431373
0.17647059
0.20784314
0.21568628
0.07058824
0.36862746
0.65490198
0.73725492
0.70588237
0.52941179
0.36078432
0.56862748
0.24705882
0.21568628
0.45490196
0.40000001
0.31764707
0.43921569
0.52941179
0.44705883
0.13725491
0.12156863
0.31764707
0.35294119
0.52549022
0.45098040
0.40784314
0.45490196
0.27843139
0.43921569
0.30196080
0.47843137
0.17254902
0.20000000
0.27843139
0.36470589
0.16862746
0.04313726
0.37647060
0.66274512
0.72156864
0.67843139
0.56862748
0.54509807
0.25098041
0.23529412
0.40784314
0.52941179
0.40392157
0.42352942
0.47450981
0.18823530
0.02745098
0.19215687
0.49019608
0.56862748
0.34901962
0.41568628
0.52941179
0.29803923
0.31372550
0.34509805
0.18823530
0.36862746
0.32941177
0.41568628
0.40000001
0.30980393
0.46666667
0.15294118
0.06666667
0.37254903
0.63137257
0.70196080
0.66274512
0.43529412
0.29411766
0.38823530
0.23921569
0.44705883
0.41960785
0.47058824
0.28235295
0.27058825
0.44313726
0.49411765
0.41568628
0.37254903
0.30980393
0.55686277
0.40000001
0.20784314
0.29803923
0.23137255
0.17647059
0.25490198
0.31764707
0.47450981
0.55294120
0.40000001
0.49411765
0.51764709
0.14117648
0.07843138
0.37254903
0.64705884
0.64705884
0.47058824
0.45882353
0.35686275
0.19215687
0.20000000
0.33333334
0.55294120
0.51764709
0.57254905
0.57254905
0.46274510
0.45098040
0.36862746
0.42352942
0.40392157
0.21568628
0.14509805
0.34901962
0.10588235
0.22745098
0.30980393
0.24705882
0.28627452
0.52549022
0.56078434
0.66666669
0.75294119
0.47843137
0.25098041
0.31372550
0.40392157
0.58431375
0.57647061
0.69411767
0.51372552
0.27450982
0.25490198
0.59215689
0.69019610
0.48627451
0.29803923
0.46274510
0.49803922
0.41960785
0.40000001
0.48235294
0.18823530
0.05882353
0.14509805
0.43137255
0.21568628
0.33725491
0.52549022
0.39215687
0.44705883
0.43137255
0.53725493
0.60392159
0.58431375
0.41568628
0.41960785
0.42352942
0.34117648
0.50980395
0.56078434
0.70196080
0.61176473
0.38823530
0.36078432
0.47058824
0.28627452
0.13725491
0.19607843
0.42352942
0.34509805
0.27843139
0.49019608
0.36470589
0.14117648
0.07058824
0.32156864
0.49019608
0.31372550
0.37647060
0.53725493
0.27843139
0.46666667
0.46274510
0.50980395
0.52941179
0.47843137
0.50980395
0.44705883
0.50196081
0.43921569
0.46274510
0.39607844
0.64705884
0.54901963
0.44705883
0.33725491
0.23529412
0.21568628
0.19607843
0.19607843
0.20392157
0.41568628
0.52156866
0.38823530
0.10980392
0.17254902
0.26666668
0.52549022
0.43529412
0.27450982
0.35686275
0.37647060
0.38431373
0.52941179
0.62745100
0.63921571
0.74509805
0.69019610
0.63921571
0.47450981
0.43921569
0.33333334
0.32549021
0.27450982
0.43137255
0.55686277
0.49019608
0.47058824
0.31764707
0.20784314
0.24705882
0.23529412
0.17647059
0.53333336
0.56078434
0.27058825
0.12549020
0.19607843
0.41960785
0.64313728
0.47843137
0.34901962
0.30588236
0.30980393
0.47058824
0.50196081
0.46666667
0.49803922
0.54901963
0.45490196
0.34509805
0.29019609
0.28235295
0.27058825
0.27450982
0.27450982
0.28235295
0.38823530
0.49803922
0.54901963
0.49411765
0.33725491
0.38823530
0.43137255
0.28627452
0.50980395
0.34117648
0.34117648
0.33725491
0.30980393
0.59607846
0.65098041
0.50980395
0.40392157
0.33725491
0.41960785
0.47450981
0.48235294
0.44705883
0.33725491
0.33333334
0.30196080
0.27843139
0.33725491
0.36470589
0.29019609
0.26666668
0.28235295
0.27058825
0.25098041
0.32549021
0.36078432
0.31372550
0.29411766
0.40392157
0.49803922
0.43529412
0.47450981
0.14117648
0.26666668
0.45882353
0.45882353
0.60392159
0.61176473
0.53725493
0.33725491
0.34117648
0.49411765
0.52549022
0.47450981
0.47058824
0.39607844
0.35294119
0.31372550
0.31764707
0.40000001
0.38823530
0.30196080
0.28627452
0.29803923
0.29803923
0.29019609
0.28235295
0.25098041
0.23921569
0.22745098
0.28235295
0.43137255
0.43921569
0.48627451
0.35686275
0.36470589
0.45882353
0.49019608
0.53725493
0.41176471
0.45882353
0.32156864
0.31372550
0.45098040
0.61176473
0.49411765
0.47843137
0.42745098
0.34509805
0.36862746
0.34509805
0.32941177
0.36862746
0.35294119
0.35294119
0.34901962
0.34509805
0.37254903
0.36470589
0.34509805
0.32156864
0.40000001
0.49411765
0.50196081
0.47450981
0.48235294
0.49803922
0.56078434
0.51764709
0.48235294
0.38823530
0.29411766
0.39215687
0.37647060
0.32941177
0.43921569
0.63137257
0.51372552
0.47058824
0.46274510
0.35294119
0.40000001
0.47843137
0.44313726
0.43921569
0.46274510
0.43529412
0.40000001
0.41568628
0.41568628
0.40392157
0.47843137
0.50196081
0.52156866
0.59215689
0.52941179
0.53333336
0.55686277
0.48627451
0.51764709
0.67058825
0.51372552
0.15686275
0.25098041
0.40392157
0.45490196
0.37254903
0.46666667
0.61176473
0.54509807
0.47058824
0.45098040
0.37647060
0.38039216
0.50588238
0.49411765
0.54117650
0.56078434
0.54901963
0.49803922
0.45882353
0.49019608
0.49803922
0.54117650
0.54509807
0.36470589
0.12549020
0.13333334
0.27843139
0.29803923
0.36470589
0.48627451
0.54509807
0.24313726
0.15686275
0.32941177
0.39215687
0.41960785
0.40784314
0.49803922
0.65490198
0.56862748
0.49411765
0.45098040
0.42745098
0.36470589
0.40000001
0.37647060
0.46274510
0.53333336
0.63529414
0.62352943
0.46274510
0.45882353
0.43137255
0.30196080
0.32941177
0.36470589
0.14509805
0.22352941
0.47843137
0.42745098
0.38039216
0.45882353
0.49411765
0.14901961
0.34117648
0.57647061
0.44313726
0.52549022
0.43529412
0.48627451
0.70196080
0.56470591
0.52941179
0.44313726
0.43529412
0.36470589
0.40392157
0.45882353
0.39607844
0.50980395
0.67843139
0.65098041
0.28235295
0.21176471
0.27843139
0.28235295
0.38039216
0.41176471
0.56470591
0.66274512
0.58039218
0.42352942
0.23529412
0.37647060
0.52549022
0.34509805
0.57254905
0.66274512
0.59215689
0.64705884
0.55686277
0.56862748
0.68627453
0.59215689
0.53725493
0.48235294
0.45490196
0.38431373
0.36470589
0.49019608
0.57254905
0.56078434
0.58431375
0.40784314
0.27058825
0.33333334
0.23137255
0.44705883
0.68627453
0.66666669
0.68627453
0.55686277
0.38039216
0.14509805
0.03529412
0.18431373
0.53725493
0.60000002
0.68235296
0.64705884
0.61960787
0.61960787
0.52549022
0.56862748
0.72941178
0.66274512
0.55686277
0.52941179
0.47058824
0.46666667
0.38039216
0.44705883
0.58431375
0.56862748
0.38823530
0.33725491
0.37254903
0.41176471
0.38431373
0.55686277
0.54509807
0.53725493
0.35294119
0.21568628
0.10980392
0.03137255
0.04705882
0.30980393
0.67843139
0.68235296
0.59215689
0.59607846
0.59215689
0.58431375
0.59607846
0.50980395
0.77647060
0.65490198
0.57647061
0.54901963
0.48235294
0.56078434
0.45098040
0.40000001
0.45098040
0.50196081
0.38431373
0.43921569
0.40784314
0.50196081
0.63529414
0.52941179
0.42745098
0.40784314
0.09803922
0.08627451
0.01960784
0.00784314
0.09411765
0.47058824
0.71764708
0.75686276
0.63529414
0.53725493
0.61960787
0.56862748
0.62352943
0.38431373
0.78823531
0.65490198
0.58431375
0.58039218
0.53333336
0.56470591
0.48627451
0.36470589
0.43137255
0.51764709
0.47058824
0.56078434
0.53725493
0.56078434
0.57254905
0.47843137
0.32549021
0.10196079
0.01568628
0.12156863
0.25098041
0.18039216
0.34509805
0.35686275
0.54901963
0.72549021
0.73725492
0.65882355
0.61176473
0.63137257
0.63137257
0.23529412
0.80392158
0.79215688
0.60000002
0.48627451
0.59607846
0.53333336
0.47450981
0.39215687
0.33333334
0.41960785
0.47843137
0.54117650
0.57254905
0.50196081
0.35294119
0.15686275
0.07058824
0.13725491
0.26666668
0.34509805
0.56470591
0.49411765
0.50196081
0.32941177
0.33725491
0.58039218
0.72941178
0.74117649
0.64705884
0.61176473
0.51764709
0.10588235
0.79607844
0.82745099
0.78431374
0.36862746
0.54509807
0.59607846
0.56862748
0.51764709
0.50588238
0.40000001
0.26274511
0.38823530
0.55686277
0.41960785
0.14117648
0.25098041
0.39215687
0.47843137
0.52941179
0.54117650
0.46666667
0.52156866
0.42745098
0.38431373
0.33333334
0.32941177
0.60392159
0.74901962
0.76862746
0.67843139
0.40392157
0.15686275
0.54901963
0.57647061
0.63529414
0.51372552
0.33333334
0.63529414
0.65490198
0.45882353
0.44705883
0.48627451
0.36862746
0.46274510
0.56470591
0.29803923
0.20000000
0.45098040
0.48235294
0.39215687
0.44705883
0.46666667
0.35686275
0.48627451
0.46666667
0.41176471
0.39607844
0.34901962
0.39215687
0.59607846
0.74117649
0.75294119
0.59607846
0.37254903
0.29411766
0.35294119
0.38431373
0.55294120
0.40392157
0.38823530
0.44313726
0.30196080
0.37254903
0.27450982
0.34117648
0.49019608
0.54901963
0.35686275
0.41960785
0.33333334
0.29019609
0.43921569
0.41960785
0.43921569
0.27450982
0.41960785
0.52549022
0.48627451
0.41960785
0.42745098
0.36470589
0.36470589
0.59215689
0.73725492
0.75294119
0.62352943
0.39607844
0.33333334
0.32941177
0.29803923
0.35686275
0.22352941
0.21176471
0.32941177
0.56470591
0.47843137
0.45098040
0.51372552
0.60784316
0.41568628
0.45490196
0.32941177
0.27450982
0.40784314
0.40000001
0.27058825
0.25098041
0.29411766
0.43921569
0.45098040
0.46666667
0.40392157
0.40000001
0.29803923
0.31372550
0.60784316
0.72941178
0.76078433
0.40784314
0.35294119
0.30980393
0.25882354
0.22745098
0.22352941
0.19215687
0.14509805
0.24313726
0.46666667
0.50588238
0.57647061
0.53725493
0.41176471
0.45490196
0.36862746
0.25490198
0.28235295
0.49019608
0.46666667
0.47450981
0.31764707
0.34117648
0.21960784
0.35294119
0.41568628
0.37254903
0.41176471
0.27450982
0.32156864
0.57647061
0.72941178
0.31764707
0.42352942
0.44705883
0.27450982
0.25490198
0.32549021
0.29019609
0.21568628
0.19607843
0.28627452
0.38039216
0.52156866
0.56470591
0.45098040
0.58039218
0.38823530
0.22352941
0.29411766
0.53725493
0.61960787
0.67058825
0.53725493
0.52549022
0.41176471
0.20392157
0.32156864
0.41568628
0.51372552
0.47843137
0.31764707
0.32549021
0.59215689
0.36862746
0.44313726
0.52941179
0.41568628
0.40392157
0.39607844
0.34117648
0.38039216
0.30588236
0.29411766
0.33333334
0.45098040
0.56078434
0.52549022
0.59607846
0.45882353
0.31372550
0.29803923
0.44313726
0.46666667
0.57647061
0.54509807
0.54509807
0.62352943
0.36470589
0.15294118
0.25490198
0.35686275
0.45490196
0.47843137
0.29411766
0.31764707
0.36470589
0.45098040
0.55294120
0.48235294
0.49019608
0.30588236
0.32549021
0.38039216
0.29803923
0.40784314
0.30196080
0.36862746
0.42745098
0.49803922
0.49803922
0.41960785
0.39215687
0.32156864
0.36078432
0.33725491
0.47843137
0.49411765
0.30588236
0.39215687
0.49803922
0.27450982
0.19607843
0.23529412
0.22352941
0.33333334
0.29803923
0.12941177
0.13333334
0.29411766
0.21568628
0.20000000
0.24705882
0.29019609
0.23921569
0.25882354
0.18431373
0.05882353
0.16862746
0.37254903
0.37254903
0.19215687
0.10588235
0.18823530
0.40784314
0.47058824
0.44705883
0.48235294
0.32549021
0.19215687
0.22745098
0.14509805
0.09411765
0.05882353
0.14901961
0.58823532
0.61960787
0.55294120
0.40000001
0.25098041
0.34117648
0.18039216
0.01568628
0.12156863
0.20392157
0.32156864
0.33725491
0.25098041
0.17254902
0.09411765
0.14509805
0.39215687
0.31764707
0.19215687
0.25098041
0.12156863
0.35294119
0.39607844
0.40784314
0.43921569
0.21568628
0.06666667
0.07843138
0.10196079
0.14117648
0.18039216
0.45882353
0.49803922
0.49411765
0.31764707
0.25882354
0.25882354
0.25098041
0.13333334
0.07450981
0.07058824
0.12941177
0.26274511
0.34901962
0.32941177
0.22745098
0.14901961
0.10588235
0.37647060
0.25882354
0.14509805
0.28627452
0.17254902
0.25098041
0.36862746
0.39607844
0.43137255
0.19215687
0.06666667
0.13725491
0.13333334
0.34509805
0.50196081
0.40000001
0.30980393
0.31372550
0.23529412
0.24313726
0.31764707
0.14509805
0.14117648
0.15294118
0.14901961
0.05098039
0.14901961
0.25490198
0.34117648
0.31764707
0.21960784
0.16862746
0.34509805
0.15686275
0.13725491
0.28627452
0.27058825
0.22745098
0.32941177
0.43529412
0.37254903
0.11372549
0.09019608
0.27450982
0.27450982
0.41568628
0.33725491
0.25882354
0.32156864
0.18823530
0.30588236
0.21176471
0.37647060
0.15294118
0.17254902
0.19215687
0.23921569
0.12156863
0.01960784
0.14509805
0.24705882
0.27058825
0.23529412
0.25490198
0.35686275
0.14509805
0.15294118
0.26666668
0.34901962
0.23137255
0.29019609
0.39607844
0.14509805
0.01960784
0.14509805
0.39215687
0.43137255
0.24705882
0.27058825
0.34509805
0.19215687
0.21176471
0.23921569
0.14509805
0.27450982
0.29019609
0.34901962
0.26274511
0.20392157
0.33333334
0.09411765
0.01960784
0.12156863
0.17254902
0.18823530
0.30196080
0.26666668
0.15294118
0.27058825
0.17254902
0.31372550
0.23137255
0.29019609
0.22352941
0.21176471
0.35686275
0.38039216
0.30196080
0.23921569
0.21176471
0.39215687
0.26274511
0.12941177
0.19215687
0.15686275
0.14117648
0.18431373
0.27058825
0.36470589
0.35686275
0.25098041
0.36470589
0.36862746
0.10980392
0.03921569
0.10980392
0.15686275
0.29019609
0.20392157
0.17254902
0.20392157
0.15686275
0.13333334
0.19215687
0.36078432
0.43137255
0.46666667
0.41176471
0.30588236
0.28235295
0.20784314
0.29411766
0.27058825
0.13333334
0.09411765
0.22352941
0.07058824
0.16470589
0.23529412
0.18431373
0.20784314
0.33333334
0.36078432
0.46666667
0.50196081
0.26666668
0.11764706
0.18823530
0.12549020
0.27450982
0.18431373
0.20392157
0.21960784
0.16470589
0.18431373
0.50196081
0.60000002
0.38039216
0.21568628
0.25098041
0.28627452
0.22745098
0.23921569
0.29019609
0.07843138
0.02352941
0.07843138
0.29803923
0.14117648
0.25098041
0.42745098
0.27058825
0.33333334
0.30980393
0.34117648
0.36470589
0.33725491
0.21960784
0.26274511
0.28627452
0.18431373
0.24705882
0.12549020
0.16470589
0.26274511
0.17254902
0.23921569
0.37254903
0.20392157
0.04705882
0.09803922
0.25098041
0.18823530
0.12941177
0.34901962
0.22352941
0.07058824
0.03921569
0.22745098
0.38823530
0.21960784
0.27843139
0.44313726
0.18039216
0.36078432
0.41568628
0.38431373
0.40392157
0.41960785
0.48235294
0.41568628
0.49019608
0.31372550
0.23921569
0.11372549
0.14509805
0.18823530
0.25490198
0.20392157
0.10588235
0.09411765
0.08627451
0.07843138
0.11764706
0.31372550
0.32549021
0.25098041
0.06274510
0.09803922
0.16078432
0.41176471
0.35686275
0.14509805
0.19215687
0.22745098
0.29019609
0.48627451
0.62352943
0.64705884
0.73725492
0.68627453
0.64705884
0.47450981
0.41568628
0.23137255
0.19607843
0.17254902
0.20392157
0.18039216
0.25882354
0.29019609
0.12549020
0.07450981
0.14117648
0.15294118
0.10196079
0.41568628
0.36078432
0.16470589
0.07450981
0.11764706
0.30980393
0.51764709
0.36470589
0.17254902
0.13725491
0.14509805
0.41176471
0.46274510
0.43529412
0.45882353
0.49411765
0.39215687
0.26666668
0.20392157
0.18823530
0.17254902
0.17254902
0.19607843
0.19215687
0.20784314
0.14901961
0.14509805
0.18039216
0.17254902
0.30588236
0.36862746
0.18431373
0.36078432
0.19607843
0.19215687
0.19607843
0.21960784
0.47843137
0.46274510
0.31764707
0.23921569
0.16862746
0.27450982
0.45882353
0.47450981
0.39607844
0.27450982
0.27058825
0.22745098
0.20392157
0.26666668
0.27450982
0.20000000
0.17254902
0.19215687
0.17254902
0.16078432
0.18431373
0.18039216
0.16862746
0.18039216
0.31764707
0.44705883
0.29411766
0.27058825
0.05882353
0.14901961
0.27450982
0.30196080
0.43529412
0.39607844
0.35294119
0.20392157
0.15686275
0.35686275
0.53333336
0.46274510
0.43137255
0.33725491
0.29019609
0.27450982
0.26666668
0.33333334
0.31372550
0.21960784
0.19215687
0.20784314
0.20000000
0.18431373
0.21568628
0.17647059
0.16862746
0.15686275
0.20784314
0.37647060
0.33725491
0.30980393
0.21960784
0.27058825
0.30196080
0.30196080
0.34509805
0.21960784
0.26274511
0.17647059
0.13333334
0.29803923
0.61960787
0.48235294
0.44313726
0.37254903
0.28627452
0.34901962
0.30980393
0.27058825
0.30588236
0.27450982
0.25490198
0.26666668
0.27450982
0.29803923
0.28235295
0.24705882
0.24313726
0.34117648
0.43921569
0.44705883
0.42352942
0.40784314
0.38823530
0.41568628
0.38431373
0.34901962
0.23529412
0.14117648
0.18823530
0.20784314
0.18823530
0.29019609
0.63921571
0.50196081
0.43529412
0.42352942
0.29019609
0.36470589
0.43137255
0.38431373
0.37254903
0.38823530
0.34901962
0.31764707
0.35294119
0.36078432
0.34117648
0.40784314
0.45098040
0.50980395
0.56078434
0.48627451
0.47450981
0.51764709
0.42745098
0.43137255
0.58039218
0.44313726
0.09019608
0.12156863
0.16078432
0.22745098
0.21960784
0.31764707
0.62352943
0.53333336
0.43921569
0.43137255
0.32156864
0.33333334
0.45098040
0.44313726
0.47843137
0.49019608
0.48627451
0.41568628
0.37647060
0.42352942
0.43921569
0.49019608
0.51764709
0.36862746
0.11372549
0.10588235
0.24313726
0.25882354
0.31372550
0.43137255
0.47843137
0.20392157
0.09803922
0.20784314
0.15686275
0.20000000
0.19215687
0.29803923
0.65490198
0.56078434
0.47843137
0.42745098
0.37647060
0.30588236
0.36078432
0.33725491
0.41568628
0.47058824
0.60000002
0.57254905
0.39607844
0.41176471
0.38823530
0.27058825
0.30980393
0.36078432
0.13333334
0.19215687
0.43921569
0.38431373
0.34117648
0.33333334
0.38039216
0.12549020
0.27450982
0.46274510
0.30980393
0.42352942
0.32549021
0.31764707
0.69019610
0.56470591
0.52156866
0.41960785
0.40392157
0.30980393
0.36078432
0.40784314
0.35294119
0.47058824
0.65882355
0.61568630
0.24313726
0.19215687
0.27058825
0.25882354
0.36470589
0.40392157
0.55686277
0.65882355
0.55294120
0.40000001
0.19215687
0.14901961
0.31764707
0.28627452
0.50196081
0.57254905
0.51764709
0.60784316
0.49411765
0.41960785
0.67450982
0.58823532
0.52549022
0.46274510
0.43137255
0.33725491
0.31372550
0.43137255
0.53725493
0.54509807
0.56470591
0.38431373
0.25098041
0.31372550
0.21568628
0.41176471
0.66274512
0.66274512
0.68235296
0.53725493
0.36470589
0.13725491
0.00784314
0.03921569
0.21568628
0.40784314
0.62745100
0.55294120
0.51764709
0.54509807
0.41176471
0.40000001
0.72156864
0.65882355
0.55294120
0.52549022
0.44313726
0.42352942
0.33333334
0.39215687
0.54509807
0.54509807
0.36470589
0.32156864
0.34901962
0.40784314
0.36470589
0.52549022
0.52156866
0.52941179
0.33333334
0.17647059
0.10196079
0.01568628
0.00784314
0.12549020
0.35294119
0.34509805
0.40784314
0.51764709
0.49411765
0.45882353
0.42352942
0.32941177
0.75294119
0.65882355
0.59215689
0.56078434
0.46666667
0.53333336
0.42352942
0.36078432
0.41568628
0.47843137
0.36862746
0.43529412
0.38823530
0.49019608
0.60784316
0.51372552
0.41176471
0.37254903
0.06274510
0.05098039
0.01568628
0.01176471
0.01960784
0.18431373
0.38039216
0.41568628
0.24313726
0.35294119
0.55294120
0.44705883
0.42745098
0.23137255
0.73333335
0.61960787
0.56078434
0.58823532
0.53333336
0.54901963
0.46666667
0.32549021
0.38039216
0.48627451
0.47058824
0.58039218
0.52941179
0.51764709
0.54117650
0.47058824
0.31372550
0.08627451
0.00392157
0.07058824
0.20000000
0.12549020
0.23137255
0.17647059
0.21568628
0.38431373
0.39607844
0.28627452
0.39215687
0.49803922
0.45098040
0.14117648
0.71764708
0.71764708
0.54117650
0.47450981
0.59215689
0.52156866
0.45098040
0.32941177
0.23137255
0.34509805
0.42352942
0.49411765
0.54117650
0.45882353
0.32549021
0.13725491
0.04705882
0.09411765
0.17647059
0.22745098
0.44313726
0.36078432
0.37254903
0.20392157
0.12941177
0.25098041
0.40392157
0.40000001
0.27843139
0.38431373
0.38823530
0.07450981
0.69803923
0.74901962
0.70196080
0.30588236
0.52156866
0.58823532
0.54117650
0.45882353
0.36078432
0.27058825
0.15686275
0.27843139
0.50588238
0.36078432
0.10588235
0.14901961
0.29803923
0.37254903
0.34901962
0.38431373
0.30196080
0.36862746
0.27843139
0.23137255
0.20000000
0.12549020
0.25098041
0.43529412
0.49411765
0.32549021
0.21960784
0.14117648
0.45882353
0.48627451
0.50980395
0.37647060
0.29019609
0.63137257
0.63529414
0.40000001
0.33725491
0.37647060
0.23137255
0.36078432
0.52941179
0.24313726
0.12549020
0.30980393
0.35294119
0.25882354
0.28627452
0.33725491
0.21568628
0.32549021
0.30588236
0.24705882
0.23137255
0.21960784
0.20000000
0.27450982
0.44705883
0.46666667
0.24705882
0.20000000
0.25490198
0.29411766
0.27843139
0.37647060
0.27058825
0.34901962
0.42352942
0.27058825
0.24705882
0.19215687
0.16470589
0.41960785
0.55294120
0.28235295
0.30980393
0.23921569
0.19607843
0.28235295
0.28235295
0.36470589
0.20000000
0.27843139
0.36470589
0.33333334
0.26274511
0.27843139
0.25098041
0.18039216
0.26274511
0.46274510
0.48235294
0.31764707
0.35294119
0.29411766
0.27843139
0.22352941
0.24313726
0.16470589
0.17254902
0.29019609
0.49019608
0.33725491
0.21176471
0.48235294
0.62352943
0.32549021
0.30980393
0.23137255
0.21960784
0.26666668
0.27843139
0.22352941
0.23921569
0.20392157
0.30196080
0.35294119
0.33725491
0.25490198
0.25882354
0.19607843
0.14509805
0.27843139
0.48235294
0.49411765
0.35686275
0.30588236
0.27058825
0.24313726
0.20392157
0.19215687
0.17647059
0.10588235
0.19215687
0.32156864
0.29019609
0.51764709
0.56078434
0.35686275
0.23137255
0.24313726
0.24705882
0.22352941
0.36862746
0.31764707
0.37647060
0.22745098
0.24313726
0.17254902
0.23921569
0.26274511
0.21960784
0.27450982
0.17647059
0.14117648
0.28627452
0.49803922
0.27450982
0.33725491
0.37647060
0.23921569
0.22352941
0.28235295
0.25490198
0.18431373
0.10980392
0.18039216
0.22352941
0.40784314
0.55294120
0.39215687
0.36470589
0.29411766
0.21176471
0.25490198
0.47450981
0.45882353
0.41176471
0.35686275
0.40000001
0.34901962
0.17254902
0.21568628
0.26274511
0.36470589
0.34117648
0.22745098
0.15686275
0.29803923
0.32941177
0.41568628
0.46666667
0.31764707
0.34901962
0.35294119
0.30196080
0.27058825
0.19607843
0.20784314
0.23137255
0.30980393
0.49411765
0.49803922
0.55686277
0.43137255
0.27843139
0.24313726
0.39607844
0.40000001
0.35686275
0.28627452
0.36078432
0.48235294
0.29803923
0.10980392
0.18039216
0.26274511
0.33725491
0.36470589
0.21568628
0.13725491
0.32156864
0.44313726
0.52549022
0.38039216
0.41960785
0.26274511
0.27450982
0.25882354
0.22745098
0.29411766
0.22745098
0.27450982
0.30588236
0.41960785
0.46666667
0.37647060
0.34117648
0.27450982
0.29803923
0.28627452
0.37254903
0.28627452
0.20392157
0.32549021
0.42745098
0.24705882
0.16862746
0.18039216
0.16862746
0.26666668
0.22745098
0.09019608
1 0 0 0 0 0 -1 0 0 0 0
0 1 0 0 0 0 -1 0 0 0 0
0 0 1 0 0 0 -1 0 0 0 0
0 0 0 1 0 0 -1 0 0 0 0
0 0 0 0 1 0 -1 0 0 0 0
0 0 0 0 0 1 -1 0 0 0 0
0 0 0 0 0 0 -1 1 0 0 0
0 0 0 0 0 0 -1 0 1 0 0
0 0 0 0 0 0 -1 0 0 1 0
