0.44705883
0.45882353
0.46666667
0.47450981
0.48627451
0.49803922
0.50588238
0.50980395
0.50980395
0.51372552
0.51764709
0.51764709
0.51372552
0.51372552
0.51372552
0.51372552
0.50588238
0.49411765
0.48627451
0.48235294
0.48235294
0.48627451
0.49411765
0.50588238
0.50980395
0.50980395
0.49803922
0.48627451
0.47450981
0.47058824
0.46666667
0.45490196
0.45882353
0.47058824
0.48235294
0.49019608
0.49803922
0.50980395
0.51764709
0.52156866
0.52549022
0.52941179
0.53333336
0.53333336
0.53333336
0.53333336
0.52941179
0.52549022
0.52156866
0.50980395
0.50196081
0.49803922
0.49411765
0.49411765
0.50196081
0.51372552
0.51764709
0.51764709
0.50980395
0.50196081
0.49019608
0.48235294
0.47450981
0.45882353
0.47843137
0.49019608
0.49803922
0.50588238
0.51372552
0.52941179
0.53333336
0.53725493
0.54509807
0.54901963
0.55294120
0.55686277
0.55686277
0.55686277
0.55294120
0.54901963
0.54117650
0.53333336
0.52156866
0.51764709
0.51764709
0.51764709
0.51372552
0.52549022
0.52941179
0.52941179
0.52549022
0.51764709
0.50980395
0.50196081
0.49019608
0.47843137
0.48235294
0.49411765
0.50980395
0.51764709
0.52941179
0.54117650
0.54901963
0.55294120
0.55686277
0.56078434
0.56470591
0.56862748
0.56862748
0.56470591
0.56078434
0.56078434
0.56078434
0.56078434
0.56078434
0.55294120
0.54509807
0.52941179
0.51372552
0.51764709
0.52549022
0.53333336
0.53725493
0.53333336
0.52549022
0.52156866
0.51372552
0.49411765
0.48235294
0.50196081
0.51764709
0.52941179
0.54117650
0.55294120
0.55686277
0.56078434
0.56470591
0.56862748
0.57254905
0.57254905
0.57254905
0.56862748
0.56862748
0.56470591
0.56078434
0.56862748
0.57254905
0.56470591
0.55294120
0.53725493
0.52549022
0.52549022
0.52941179
0.53333336
0.54117650
0.54117650
0.54117650
0.53725493
0.52941179
0.51764709
0.49411765
0.51372552
0.52941179
0.54117650
0.55294120
0.56078434
0.56862748
0.57254905
0.57647061
0.58039218
0.58431375
0.58823532
0.60000002
0.60784316
0.61568630
0.60784316
0.59215689
0.59215689
0.58431375
0.56862748
0.55294120
0.54901963
0.54901963
0.54901963
0.54509807
0.54117650
0.54901963
0.55294120
0.55294120
0.55294120
0.54509807
0.53333336
0.50588238
0.52549022
0.54509807
0.55294120
0.56470591
0.57254905
0.57647061
0.58039218
0.58823532
0.59215689
0.59607846
0.60784316
0.58039218
0.59607846
0.67450982
0.69019610
0.67450982
0.65882355
0.63921571
0.60000002
0.56862748
0.56078434
0.56862748
0.56470591
0.55686277
0.55294120
0.55686277
0.56078434
0.55686277
0.56078434
0.55686277
0.54509807
0.50980395
0.52941179
0.54901963
0.56078434
0.56862748
0.57647061
0.58431375
0.59215689
0.60000002
0.60392159
0.61960787
0.58823532
0.54901963
0.62745100
0.69411767
0.75686276
0.75686276
0.74117649
0.72941178
0.66274512
0.59607846
0.58039218
0.57647061
0.57254905
0.56470591
0.55294120
0.55686277
0.56078434
0.56078434
0.56078434
0.56078434
0.55686277
0.50588238
0.52549022
0.54509807
0.56078434
0.57254905
0.58039218
0.58823532
0.60000002
0.61176473
0.61960787
0.61176473
0.60392159
0.60784316
0.63529414
0.67450982
0.73725492
0.78431374
0.78431374
0.80000001
0.74901962
0.63921571
0.59215689
0.57254905
0.56470591
0.56078434
0.55686277
0.55686277
0.56078434
0.56078434
0.56078434
0.56078434
0.55294120
0.51372552
0.52941179
0.54901963
0.56470591
0.57647061
0.58823532
0.59607846
0.60784316
0.61568630
0.62352943
0.62352943
0.60784316
0.58431375
0.64705884
0.70980394
0.72156864
0.71372551
0.73725492
0.74901962
0.71764708
0.67450982
0.62745100
0.58823532
0.57254905
0.57254905
0.56862748
0.56470591
0.56470591
0.56078434
0.56470591
0.55686277
0.54509807
0.51764709
0.53725493
0.55686277
0.56862748
0.58039218
0.59607846
0.60392159
0.61176473
0.61960787
0.63137257
0.64313728
0.58039218
0.56078434
0.65098041
0.64313728
0.61176473
0.61176473
0.66274512
0.68627453
0.70196080
0.69411767
0.66274512
0.64313728
0.60000002
0.58039218
0.57647061
0.57254905
0.56470591
0.56078434
0.55686277
0.55294120
0.54509807
0.51764709
0.54117650
0.56078434
0.57254905
0.58431375
0.60000002
0.60784316
0.61568630
0.61960787
0.63529414
0.58431375
0.50588238
0.56078434
0.55294120
0.52549022
0.58039218
0.60000002
0.70980394
0.69803923
0.71372551
0.77254903
0.72549021
0.69803923
0.63529414
0.59215689
0.58823532
0.58039218
0.57254905
0.56470591
0.55686277
0.54901963
0.54117650
0.51372552
0.53725493
0.55686277
0.57254905
0.58823532
0.58823532
0.60392159
0.61568630
0.60784316
0.61960787
0.53725493
0.49019608
0.50588238
0.43921569
0.45098040
0.51764709
0.57254905
0.66274512
0.72156864
0.70588237
0.73333335
0.72156864
0.72156864
0.67843139
0.64313728
0.61176473
0.58431375
0.56862748
0.56078434
0.55294120
0.54509807
0.54117650
0.51372552
0.53725493
0.55686277
0.57254905
0.58823532
0.58823532
0.60392159
0.61568630
0.61176473
0.61176473
0.52156866
0.49411765
0.51764709
0.45490196
0.40392157
0.43529412
0.48627451
0.54117650
0.62745100
0.65098041
0.68235296
0.67843139
0.72941178
0.76078433
0.72156864
0.63137257
0.56470591
0.55294120
0.56862748
0.55686277
0.54117650
0.53725493
0.52156866
0.54117650
0.56078434
0.57647061
0.58431375
0.58823532
0.60784316
0.61568630
0.60784316
0.61960787
0.52549022
0.50980395
0.50196081
0.42352942
0.38431373
0.40784314
0.43921569
0.48235294
0.52549022
0.57254905
0.63529414
0.67450982
0.70980394
0.74509805
0.75686276
0.65882355
0.58823532
0.56470591
0.56862748
0.56078434
0.54509807
0.53333336
0.52549022
0.54117650
0.56078434
0.57647061
0.58431375
0.59215689
0.60784316
0.61568630
0.60392159
0.62745100
0.56470591
0.53725493
0.56078434
0.44313726
0.37254903
0.38039216
0.41176471
0.47843137
0.55294120
0.59607846
0.61176473
0.67843139
0.75294119
0.76470590
0.77647060
0.71764708
0.63921571
0.60392159
0.56470591
0.55294120
0.54509807
0.53333336
0.51764709
0.53725493
0.55686277
0.56862748
0.57647061
0.59215689
0.60784316
0.61960787
0.61960787
0.63529414
0.60784316
0.51764709
0.53725493
0.52549022
0.43921569
0.40000001
0.40000001
0.43529412
0.51764709
0.60000002
0.65882355
0.63921571
0.65882355
0.74117649
0.78039217
0.78039217
0.67843139
0.61960787
0.56862748
0.54117650
0.54117650
0.52156866
0.51372552
0.52941179
0.54901963
0.56078434
0.56862748
0.58039218
0.59607846
0.60392159
0.61960787
0.62352943
0.63529414
0.60392159
0.49019608
0.47843137
0.50196081
0.50196081
0.45490196
0.40784314
0.42745098
0.50196081
0.58823532
0.62745100
0.62352943
0.65490198
0.77254903
0.80784315
0.67450982
0.63529414
0.58823532
0.54509807
0.53725493
0.51764709
0.50588238
0.52549022
0.54509807
0.55686277
0.56470591
0.56862748
0.57647061
0.58823532
0.60000002
0.60784316
0.61568630
0.63137257
0.57647061
0.47843137
0.48235294
0.53725493
0.50588238
0.42745098
0.38431373
0.41176471
0.45490196
0.51372552
0.60392159
0.73725492
0.78431374
0.77254903
0.69019610
0.59215689
0.58823532
0.54509807
0.52941179
0.51764709
0.49803922
0.51764709
0.53725493
0.54901963
0.56078434
0.56078434
0.56078434
0.57254905
0.58431375
0.59215689
0.60000002
0.60392159
0.62352943
0.58431375
0.47450981
0.48235294
0.50588238
0.45098040
0.41176471
0.40000001
0.42352942
0.47058824
0.52156866
0.68627453
0.75294119
0.73333335
0.70980394
0.57254905
0.54901963
0.54117650
0.52156866
0.50980395
0.49019608
0.50196081
0.51764709
0.53333336
0.54117650
0.53725493
0.61176473
0.61176473
0.53725493
0.56862748
0.59607846
0.60000002
0.60000002
0.57647061
0.60784316
0.56862748
0.54117650
0.47843137
0.48235294
0.49803922
0.49019608
0.53725493
0.52156866
0.48627451
0.60392159
0.73333335
0.71764708
0.61176473
0.54117650
0.52156866
0.51764709
0.50196081
0.48235294
0.49803922
0.51764709
0.53725493
0.54901963
0.54901963
0.61960787
0.69411767
0.61960787
0.54509807
0.50980395
0.43921569
0.39215687
0.40784314
0.53333336
0.50588238
0.51372552
0.45490196
0.47843137
0.51372552
0.61176473
0.63921571
0.71372551
0.65490198
0.59607846
0.65882355
0.71372551
0.63137257
0.54901963
0.51372552
0.50588238
0.49019608
0.45490196
0.47058824
0.49411765
0.51372552
0.54117650
0.55686277
0.55294120
0.66274512
0.78039217
0.60000002
0.55686277
0.62352943
0.49803922
0.34509805
0.40784314
0.36862746
0.40784314
0.41176471
0.46666667
0.57647061
0.73333335
0.68235296
0.72549021
0.75294119
0.64705884
0.64705884
0.67843139
0.66274512
0.59215689
0.52549022
0.49803922
0.48235294
0.49411765
0.50980395
0.50980395
0.50588238
0.49019608
0.54509807
0.51764709
0.48235294
0.65490198
0.74117649
0.70588237
0.71372551
0.63921571
0.38823530
0.28627452
0.31764707
0.47058824
0.48235294
0.52549022
0.62352943
0.74901962
0.72156864
0.76078433
0.75686276
0.63529414
0.60784316
0.64313728
0.69019610
0.63137257
0.54509807
0.48627451
0.47450981
0.61176473
0.67843139
0.61176473
0.49411765
0.47843137
0.59215689
0.56862748
0.42352942
0.47450981
0.66274512
0.64705884
0.60000002
0.61176473
0.50980395
0.41176471
0.48235294
0.53725493
0.54509807
0.54509807
0.60000002
0.63921571
0.67843139
0.77254903
0.70196080
0.63921571
0.60000002
0.61176473
0.68627453
0.65882355
0.56470591
0.49803922
0.45490196
0.53333336
0.62352943
0.57647061
0.48627451
0.50980395
0.56078434
0.56862748
0.54117650
0.56078434
0.60784316
0.61568630
0.59607846
0.59607846
0.66666669
0.59215689
0.53333336
0.53333336
0.61176473
0.66666669
0.66274512
0.67450982
0.70588237
0.69411767
0.60784316
0.60392159
0.58823532
0.56078434
0.61176473
0.65882355
0.61568630
0.58039218
0.51372552
0.51764709
0.43921569
0.49019608
0.49411765
0.47450981
0.42352942
0.34117648
0.36862746
0.50980395
0.49803922
0.56862748
0.64313728
0.68627453
0.71764708
0.64313728
0.61960787
0.61176473
0.58039218
0.66274512
0.74117649
0.75686276
0.69411767
0.61568630
0.63921571
0.59215689
0.52941179
0.50980395
0.58039218
0.66274512
0.65882355
0.65490198
0.60392159
0.43529412
0.41176471
0.51764709
0.52549022
0.38823530
0.34901962
0.34117648
0.28627452
0.31764707
0.49803922
0.61568630
0.64313728
0.61568630
0.65490198
0.63529414
0.63137257
0.60784316
0.52941179
0.67058825
0.71372551
0.58039218
0.52941179
0.54901963
0.60392159
0.60392159
0.59215689
0.51764709
0.56862748
0.71372551
0.66274512
0.58431375
0.56862748
0.18823530
0.28627452
0.47058824
0.42745098
0.33333334
0.36470589
0.51764709
0.49019608
0.45882353
0.56470591
0.67450982
0.61960787
0.52156866
0.49411765
0.56470591
0.51764709
0.43137255
0.47843137
0.56078434
0.66274512
0.55294120
0.63529414
0.67450982
0.63137257
0.56862748
0.55686277
0.48235294
0.36470589
0.47450981
0.58823532
0.52941179
0.58431375
0.23137255
0.20392157
0.26274511
0.32941177
0.23921569
0.28627452
0.41176471
0.43921569
0.38039216
0.43529412
0.58431375
0.61960787
0.46666667
0.30980393
0.34117648
0.46666667
0.58039218
0.65490198
0.61960787
0.66274512
0.68235296
0.65882355
0.60392159
0.48627451
0.44705883
0.42352942
0.36470589
0.32941177
0.36862746
0.47450981
0.54117650
0.46274510
0.17647059
0.17647059
0.25490198
0.31372550
0.20784314
0.27450982
0.32156864
0.27843139
0.23137255
0.41568628
0.59215689
0.51764709
0.41960785
0.34117648
0.30196080
0.41568628
0.65098041
0.69803923
0.69803923
0.64313728
0.68627453
0.60392159
0.53725493
0.44313726
0.40784314
0.39215687
0.36470589
0.34117648
0.35294119
0.36862746
0.48627451
0.43529412
0.22745098
0.24705882
0.25490198
0.24705882
0.23137255
0.27450982
0.35686275
0.32549021
0.29803923
0.37254903
0.40784314
0.38431373
0.35294119
0.35294119
0.31372550
0.46274510
0.65490198
0.62745100
0.61176473
0.58431375
0.63529414
0.59215689
0.53725493
0.45490196
0.41176471
0.46274510
0.50196081
0.42352942
0.35686275
0.34509805
0.40784314
0.44705883
0.45882353
0.47058824
0.47843137
0.48627451
0.49803922
0.50588238
0.50980395
0.51372552
0.51372552
0.51764709
0.52156866
0.52156866
0.51764709
0.51764709
0.51764709
0.51764709
0.51372552
0.50980395
0.50980395
0.50196081
0.49019608
0.48627451
0.49019608
0.49019608
0.48627451
0.48627451
0.47450981
0.46274510
0.45098040
0.43921569
0.43137255
0.41568628
0.47058824
0.48235294
0.49411765
0.50196081
0.50980395
0.51764709
0.52156866
0.52549022
0.52941179
0.53333336
0.53725493
0.53725493
0.53725493
0.53725493
0.53333336
0.52941179
0.52941179
0.52941179
0.52549022
0.51372552
0.50196081
0.49803922
0.49803922
0.49411765
0.49411765
0.49411765
0.48627451
0.47843137
0.46666667
0.45882353
0.45098040
0.43529412
0.49019608
0.50196081
0.50980395
0.51764709
0.52549022
0.53333336
0.53725493
0.54117650
0.54901963
0.55294120
0.55686277
0.56078434
0.56078434
0.56078434
0.55686277
0.54901963
0.54509807
0.54901963
0.54509807
0.53333336
0.52549022
0.51764709
0.50980395
0.50588238
0.50588238
0.50588238
0.50196081
0.49411765
0.48627451
0.48235294
0.47450981
0.45882353
0.50980395
0.52156866
0.52941179
0.53333336
0.54117650
0.55294120
0.55686277
0.56470591
0.56862748
0.56862748
0.57647061
0.58039218
0.58039218
0.58039218
0.57647061
0.57254905
0.56470591
0.56078434
0.55686277
0.54901963
0.54509807
0.53725493
0.52941179
0.52156866
0.51764709
0.52156866
0.52156866
0.51372552
0.50588238
0.50196081
0.49411765
0.47843137
0.52156866
0.53725493
0.54117650
0.54509807
0.55294120
0.56470591
0.57254905
0.58039218
0.58039218
0.58431375
0.58823532
0.59215689
0.58823532
0.59215689
0.59215689
0.58823532
0.58431375
0.57647061
0.57254905
0.56862748
0.56078434
0.55686277
0.54901963
0.53725493
0.53333336
0.53333336
0.52941179
0.52549022
0.52156866
0.51764709
0.50980395
0.49803922
0.53333336
0.54901963
0.55294120
0.56078434
0.56470591
0.57254905
0.58039218
0.58823532
0.59215689
0.59607846
0.60000002
0.60000002
0.60000002
0.59607846
0.59607846
0.59607846
0.59215689
0.59215689
0.59215689
0.59215689
0.58431375
0.57254905
0.56470591
0.55294120
0.54509807
0.54117650
0.53725493
0.53333336
0.53333336
0.53333336
0.52549022
0.51372552
0.54509807
0.56078434
0.56470591
0.56862748
0.57647061
0.58431375
0.58823532
0.59607846
0.60392159
0.60784316
0.61568630
0.61568630
0.55294120
0.51764709
0.54901963
0.56078434
0.55686277
0.57254905
0.58823532
0.59607846
0.59607846
0.59215689
0.58039218
0.56862748
0.55686277
0.54901963
0.54509807
0.54509807
0.53725493
0.54117650
0.53725493
0.52549022
0.55686277
0.57254905
0.58039218
0.58431375
0.59215689
0.59607846
0.60392159
0.61176473
0.61568630
0.61960787
0.62745100
0.56078434
0.46274510
0.48627451
0.49803922
0.54509807
0.54509807
0.56862748
0.61568630
0.61568630
0.60392159
0.60392159
0.59607846
0.58431375
0.57254905
0.56078434
0.55686277
0.55294120
0.54901963
0.54509807
0.54117650
0.53725493
0.56470591
0.57647061
0.59215689
0.60000002
0.60392159
0.61176473
0.61960787
0.62745100
0.62745100
0.62745100
0.61176473
0.54117650
0.48627451
0.47450981
0.47843137
0.52549022
0.56862748
0.57647061
0.63137257
0.65098041
0.61176473
0.60784316
0.60392159
0.59607846
0.58431375
0.57254905
0.56862748
0.56078434
0.55686277
0.54901963
0.54117650
0.53333336
0.56862748
0.58431375
0.59607846
0.60392159
0.61176473
0.61960787
0.63137257
0.63529414
0.63137257
0.63529414
0.62745100
0.54901963
0.47450981
0.50196081
0.52941179
0.52941179
0.51764709
0.52156866
0.53725493
0.55686277
0.57254905
0.60000002
0.60784316
0.60392159
0.59607846
0.58431375
0.57647061
0.56470591
0.55686277
0.55294120
0.54509807
0.53333336
0.57254905
0.58823532
0.60000002
0.60784316
0.61568630
0.62745100
0.63529414
0.63921571
0.63921571
0.64313728
0.64705884
0.52156866
0.44705883
0.50196081
0.45490196
0.41176471
0.40784314
0.43137255
0.43529412
0.44705883
0.47843137
0.52941179
0.59215689
0.60784316
0.60392159
0.59215689
0.58431375
0.56862748
0.55686277
0.55294120
0.55294120
0.54117650
0.57647061
0.59607846
0.60784316
0.61568630
0.62352943
0.63529414
0.64313728
0.64705884
0.64313728
0.64313728
0.57254905
0.42352942
0.42352942
0.38823530
0.33333334
0.36862746
0.38431373
0.46666667
0.42352942
0.41568628
0.48627451
0.50588238
0.56078434
0.60392159
0.60784316
0.59607846
0.58431375
0.57254905
0.56470591
0.55686277
0.55294120
0.54509807
0.58039218
0.60000002
0.61176473
0.61960787
0.63529414
0.63921571
0.64313728
0.65490198
0.65490198
0.63137257
0.47058824
0.36078432
0.36470589
0.29411766
0.29411766
0.33333334
0.36470589
0.41568628
0.46274510
0.45098040
0.48235294
0.49019608
0.50588238
0.55294120
0.59607846
0.59215689
0.59215689
0.58039218
0.56862748
0.56078434
0.55294120
0.54901963
0.58431375
0.60000002
0.61176473
0.61960787
0.63529414
0.63921571
0.64313728
0.65098041
0.65882355
0.62745100
0.45098040
0.36078432
0.37647060
0.31764707
0.25882354
0.27058825
0.29803923
0.33333334
0.40784314
0.42745098
0.44313726
0.42745098
0.47058824
0.51372552
0.55686277
0.59215689
0.61568630
0.60000002
0.57254905
0.55294120
0.54901963
0.54509807
0.59215689
0.60784316
0.61568630
0.61960787
0.63137257
0.63921571
0.64705884
0.65098041
0.65490198
0.63137257
0.45490196
0.37254903
0.35686275
0.29019609
0.25098041
0.25882354
0.27843139
0.30196080
0.32941177
0.36470589
0.40784314
0.42745098
0.44313726
0.44705883
0.51764709
0.56470591
0.60784316
0.60392159
0.57254905
0.56078434
0.55294120
0.54117650
0.59215689
0.60784316
0.61568630
0.62352943
0.63137257
0.64313728
0.64705884
0.65098041
0.65098041
0.64313728
0.49803922
0.40000001
0.41568628
0.31764707
0.25490198
0.25098041
0.26666668
0.29411766
0.34509805
0.38039216
0.38823530
0.44705883
0.51764709
0.50588238
0.53725493
0.54901963
0.55294120
0.58431375
0.58039218
0.56862748
0.55686277
0.54117650
0.59215689
0.60784316
0.61568630
0.62352943
0.63137257
0.63921571
0.64313728
0.64705884
0.65098041
0.65098041
0.59215689
0.40784314
0.39215687
0.40392157
0.32941177
0.27450982
0.25490198
0.26274511
0.30980393
0.36078432
0.40784314
0.40000001
0.44313726
0.51764709
0.54901963
0.56078434
0.51372552
0.54901963
0.57647061
0.56862748
0.55294120
0.53725493
0.58823532
0.60392159
0.61176473
0.61568630
0.62352943
0.63137257
0.63529414
0.63921571
0.64705884
0.64705884
0.64705884
0.55686277
0.38039216
0.32941177
0.32941177
0.34509805
0.32549021
0.28235295
0.27058825
0.30588236
0.36078432
0.40392157
0.41176471
0.43137255
0.52549022
0.56862748
0.47843137
0.52941179
0.57254905
0.56470591
0.55294120
0.53333336
0.58039218
0.59607846
0.60784316
0.61176473
0.61960787
0.62352943
0.62745100
0.63137257
0.63921571
0.64313728
0.64705884
0.64705884
0.53333336
0.34509805
0.29411766
0.36470589
0.37254903
0.32156864
0.27058825
0.27058825
0.28627452
0.32941177
0.41176471
0.51764709
0.54117650
0.52941179
0.48627451
0.47058824
0.54901963
0.55294120
0.54509807
0.53333336
0.57254905
0.58823532
0.60000002
0.60784316
0.61568630
0.61960787
0.62352943
0.62745100
0.63137257
0.63529414
0.63921571
0.64313728
0.64313728
0.56078434
0.39607844
0.34901962
0.34509805
0.30196080
0.27843139
0.26274511
0.27843139
0.31372550
0.35294119
0.49411765
0.53725493
0.51372552
0.52156866
0.46274510
0.52156866
0.54901963
0.53725493
0.52549022
0.56862748
0.58039218
0.59215689
0.60000002
0.61960787
0.63137257
0.61176473
0.61176473
0.63529414
0.63529414
0.61960787
0.61568630
0.61960787
0.60000002
0.59607846
0.48627451
0.39607844
0.32156864
0.32941177
0.32941177
0.32156864
0.38431373
0.38823530
0.34901962
0.41960785
0.51764709
0.54117650
0.53725493
0.54901963
0.54901963
0.53333336
0.51764709
0.55686277
0.56862748
0.57647061
0.58431375
0.60000002
0.61568630
0.61568630
0.63921571
0.63137257
0.58039218
0.45490196
0.35686275
0.34509805
0.37647060
0.49411765
0.42352942
0.38823530
0.31764707
0.32156864
0.33333334
0.41960785
0.47843137
0.58823532
0.57647061
0.47450981
0.45490196
0.49803922
0.51372552
0.54117650
0.54117650
0.52156866
0.50588238
0.55294120
0.56470591
0.56470591
0.57647061
0.59215689
0.57647061
0.57647061
0.58039218
0.63921571
0.53725493
0.41960785
0.45098040
0.38431373
0.25490198
0.32941177
0.26666668
0.27450982
0.26274511
0.30196080
0.40000001
0.55294120
0.51372552
0.58039218
0.67843139
0.58431375
0.50196081
0.45490196
0.45882353
0.49803922
0.51764709
0.51372552
0.49803922
0.53333336
0.55686277
0.55686277
0.55686277
0.53725493
0.55294120
0.49019608
0.39607844
0.49803922
0.56470591
0.54901963
0.57647061
0.52156866
0.29019609
0.19215687
0.20000000
0.31764707
0.32156864
0.36470589
0.45882353
0.57647061
0.54509807
0.57647061
0.60784316
0.56862748
0.55686277
0.49411765
0.46666667
0.45882353
0.49803922
0.50196081
0.49019608
0.50196081
0.60000002
0.55686277
0.47843137
0.50196081
0.56862748
0.46666667
0.32549021
0.34509805
0.46274510
0.48627451
0.47843137
0.48627451
0.39607844
0.29803923
0.35294119
0.39215687
0.39607844
0.38431373
0.41960785
0.44313726
0.47843137
0.58039218
0.50980395
0.51764709
0.54509807
0.50588238
0.48627451
0.43921569
0.45882353
0.49019608
0.47450981
0.39215687
0.50196081
0.44313726
0.38039216
0.45882353
0.46274510
0.44313726
0.42352942
0.43529412
0.45490196
0.44705883
0.42352942
0.42745098
0.50588238
0.43921569
0.38823530
0.39215687
0.46274510
0.48235294
0.44313726
0.44705883
0.50588238
0.53333336
0.45098040
0.46274510
0.48235294
0.46274510
0.46666667
0.45882353
0.43137255
0.46666667
0.47450981
0.38431373
0.30588236
0.32941177
0.33333334
0.36078432
0.31764707
0.23137255
0.26274511
0.40000001
0.36470589
0.40784314
0.47058824
0.50980395
0.54509807
0.47058824
0.44705883
0.43529412
0.38823530
0.44705883
0.51764709
0.55294120
0.51764709
0.47058824
0.47843137
0.43137255
0.41176471
0.40784314
0.44313726
0.47058824
0.43137255
0.45882353
0.49803922
0.30196080
0.29019609
0.38039216
0.40784314
0.32156864
0.25098041
0.21960784
0.17254902
0.20000000
0.35686275
0.45098040
0.48627451
0.46274510
0.49411765
0.46666667
0.45882353
0.42745098
0.32941177
0.46274510
0.50980395
0.38823530
0.35294119
0.38431373
0.40784314
0.41176471
0.45098040
0.39215687
0.41568628
0.51764709
0.45098040
0.41176471
0.45882353
0.16470589
0.23921569
0.37254903
0.30588236
0.22745098
0.24313726
0.38431373
0.36862746
0.32549021
0.40392157
0.49411765
0.46666667
0.39215687
0.36470589
0.42745098
0.35686275
0.25490198
0.28627452
0.36862746
0.47450981
0.36078432
0.43921569
0.48627451
0.48235294
0.46274510
0.48627451
0.42352942
0.28627452
0.35294119
0.43137255
0.36862746
0.45098040
0.19607843
0.15686275
0.20392157
0.26274511
0.15686275
0.16862746
0.29019609
0.33725491
0.27450982
0.28627452
0.40000001
0.44313726
0.33333334
0.20784314
0.24705882
0.32549021
0.38039216
0.43529412
0.41176471
0.46274510
0.46274510
0.46274510
0.47843137
0.46274510
0.44705883
0.38823530
0.30196080
0.26274511
0.30588236
0.36470589
0.40392157
0.33725491
0.13333334
0.12156863
0.20392157
0.25490198
0.13333334
0.15294118
0.19215687
0.17647059
0.12941177
0.28627452
0.42745098
0.35294119
0.28627452
0.23921569
0.20000000
0.27058825
0.45490196
0.48627451
0.50588238
0.46666667
0.49803922
0.45098040
0.47058824
0.47058824
0.43137255
0.35686275
0.27843139
0.25490198
0.27843139
0.26274511
0.34509805
0.30196080
0.16470589
0.17647059
0.18039216
0.17254902
0.14117648
0.14509805
0.23137255
0.22352941
0.21176471
0.26274511
0.26666668
0.24313726
0.22352941
0.23529412
0.19607843
0.31372550
0.47058824
0.44313726
0.45490196
0.43529412
0.47058824
0.45098040
0.47450981
0.47450981
0.42745098
0.41960785
0.41960785
0.34117648
0.29411766
0.25882354
0.28627452
0.30980393
0.47843137
0.49019608
0.49803922
0.50588238
0.51372552
0.51764709
0.51764709
0.52156866
0.52156866
0.52549022
0.52941179
0.52941179
0.52549022
0.52549022
0.52549022
0.52549022
0.51764709
0.51372552
0.50980395
0.50588238
0.49411765
0.49411765
0.49803922
0.49411765
0.48627451
0.48627451
0.47450981
0.46274510
0.45098040
0.43529412
0.42352942
0.41176471
0.49019608
0.50196081
0.51372552
0.52156866
0.52941179
0.52941179
0.52941179
0.53333336
0.53725493
0.54117650
0.54509807
0.54509807
0.54509807
0.54509807
0.54117650
0.53725493
0.53333336
0.53333336
0.52549022
0.51764709
0.50588238
0.50588238
0.50588238
0.49803922
0.49411765
0.49411765
0.48627451
0.47843137
0.46666667
0.45490196
0.43921569
0.42745098
0.50980395
0.52156866
0.52941179
0.53725493
0.54509807
0.54509807
0.54509807
0.54901963
0.55686277
0.56078434
0.56470591
0.56862748
0.56862748
0.56862748
0.56470591
0.55686277
0.55294120
0.55294120
0.54509807
0.53725493
0.52941179
0.52549022
0.51764709
0.50980395
0.50588238
0.50588238
0.50196081
0.49803922
0.48627451
0.47450981
0.46274510
0.44705883
0.52156866
0.53333336
0.54509807
0.55294120
0.56078434
0.56862748
0.57254905
0.57254905
0.57254905
0.57254905
0.57254905
0.56862748
0.57254905
0.58431375
0.58431375
0.57647061
0.56862748
0.55686277
0.54509807
0.54117650
0.53725493
0.53333336
0.53333336
0.52549022
0.51764709
0.51764709
0.51372552
0.50588238
0.49411765
0.49019608
0.48235294
0.46666667
0.52941179
0.54509807
0.55686277
0.56470591
0.57254905
0.58431375
0.58823532
0.59215689
0.58431375
0.58039218
0.58039218
0.58823532
0.59607846
0.60000002
0.60000002
0.59607846
0.58823532
0.58431375
0.57647061
0.56862748
0.55686277
0.54901963
0.54117650
0.53725493
0.53333336
0.52941179
0.51764709
0.50980395
0.50588238
0.50588238
0.49803922
0.48627451
0.54117650
0.55686277
0.56862748
0.57647061
0.58431375
0.59215689
0.59607846
0.60000002
0.59607846
0.59215689
0.59215689
0.60784316
0.61176473
0.58823532
0.57647061
0.58039218
0.58431375
0.59215689
0.60000002
0.60392159
0.59215689
0.56862748
0.54901963
0.54509807
0.54509807
0.53725493
0.52549022
0.52156866
0.51764709
0.51764709
0.51372552
0.50196081
0.55294120
0.56862748
0.58039218
0.58823532
0.59607846
0.60392159
0.60784316
0.60784316
0.60784316
0.60392159
0.60392159
0.59607846
0.51372552
0.44705883
0.46666667
0.49411765
0.50588238
0.52156866
0.55686277
0.58823532
0.60784316
0.59215689
0.56470591
0.56078434
0.56078434
0.54509807
0.53725493
0.52941179
0.52549022
0.52549022
0.52549022
0.51372552
0.56862748
0.58431375
0.59215689
0.60000002
0.60392159
0.61176473
0.61568630
0.61568630
0.61568630
0.61176473
0.61176473
0.51372552
0.38039216
0.37647060
0.37254903
0.43137255
0.44705883
0.46666667
0.53333336
0.57254905
0.59215689
0.60000002
0.58039218
0.57647061
0.57254905
0.55686277
0.54901963
0.54509807
0.53725493
0.53333336
0.52549022
0.52156866
0.58431375
0.59607846
0.60000002
0.60392159
0.61176473
0.61960787
0.62352943
0.62352943
0.62352943
0.61568630
0.58823532
0.49019608
0.40392157
0.37254903
0.36078432
0.40784314
0.45098040
0.45098040
0.52549022
0.58039218
0.57647061
0.59215689
0.59607846
0.58823532
0.57647061
0.56862748
0.56470591
0.56078434
0.55686277
0.54117650
0.52549022
0.51764709
0.58823532
0.60000002
0.60392159
0.61176473
0.61568630
0.62745100
0.63529414
0.63137257
0.62745100
0.61960787
0.60392159
0.50980395
0.41176471
0.41960785
0.43137255
0.41960785
0.40784314
0.39215687
0.41568628
0.46666667
0.52549022
0.57647061
0.60392159
0.60000002
0.58823532
0.58039218
0.57254905
0.56470591
0.56078434
0.54901963
0.53333336
0.52156866
0.59215689
0.60784316
0.61176473
0.61568630
0.61960787
0.63529414
0.63921571
0.63529414
0.63137257
0.62745100
0.62352943
0.47450981
0.37647060
0.41176471
0.34901962
0.29803923
0.29411766
0.29803923
0.29411766
0.32941177
0.38431373
0.45882353
0.54117650
0.58431375
0.59607846
0.58823532
0.57647061
0.56470591
0.55686277
0.55294120
0.54901963
0.54117650
0.60000002
0.61176473
0.61568630
0.61960787
0.62745100
0.64313728
0.64313728
0.63921571
0.63921571
0.63137257
0.54509807
0.36470589
0.34117648
0.29019609
0.21960784
0.25098041
0.26274511
0.32941177
0.27843139
0.27058825
0.34901962
0.38039216
0.44313726
0.54901963
0.60000002
0.59607846
0.59215689
0.57647061
0.56078434
0.55686277
0.55686277
0.54901963
0.60000002
0.61176473
0.61568630
0.62352943
0.63921571
0.65490198
0.64313728
0.63529414
0.65098041
0.61960787
0.42352942
0.28235295
0.28627452
0.21960784
0.21568628
0.24705882
0.26274511
0.28627452
0.31372550
0.30196080
0.33725491
0.34117648
0.36470589
0.47058824
0.56862748
0.59607846
0.60784316
0.58823532
0.55686277
0.54509807
0.55294120
0.54509807
0.60000002
0.61568630
0.61960787
0.62352943
0.63921571
0.65490198
0.64313728
0.63137257
0.65490198
0.61568630
0.40392157
0.27450982
0.28627452
0.23921569
0.18431373
0.18823530
0.20392157
0.20784314
0.26666668
0.28235295
0.29803923
0.28627452
0.33725491
0.42352942
0.50196081
0.54901963
0.58823532
0.58431375
0.56078434
0.54509807
0.54509807
0.54117650
0.60784316
0.61960787
0.61960787
0.62352943
0.63529414
0.65882355
0.64313728
0.63137257
0.65098041
0.61960787
0.40392157
0.27450982
0.25490198
0.20392157
0.17647059
0.18039216
0.18823530
0.18823530
0.20392157
0.23529412
0.27058825
0.28627452
0.30196080
0.31372550
0.40000001
0.47450981
0.55294120
0.57647061
0.56078434
0.55686277
0.54901963
0.53725493
0.61176473
0.61960787
0.62352943
0.62745100
0.63529414
0.65882355
0.64705884
0.63529414
0.64705884
0.63137257
0.45098040
0.29803923
0.30196080
0.22352941
0.17254902
0.17254902
0.18431373
0.20392157
0.23529412
0.25882354
0.24705882
0.30196080
0.36470589
0.32156864
0.36078432
0.43529412
0.49803922
0.56078434
0.57254905
0.56470591
0.55294120
0.53725493
0.61568630
0.62745100
0.63137257
0.63137257
0.63529414
0.65098041
0.65882355
0.65882355
0.65882355
0.65490198
0.58039218
0.33725491
0.28627452
0.29411766
0.22352941
0.19215687
0.18823530
0.17647059
0.18823530
0.21568628
0.24313726
0.25098041
0.30588236
0.36470589
0.38431373
0.41960785
0.41176471
0.50196081
0.58431375
0.58039218
0.55686277
0.53725493
0.61176473
0.62352943
0.62745100
0.62745100
0.63137257
0.64313728
0.65098041
0.65490198
0.65490198
0.65098041
0.64705884
0.50980395
0.30588236
0.24705882
0.24313726
0.26666668
0.25098041
0.21176471
0.18431373
0.18039216
0.21960784
0.25882354
0.27843139
0.29019609
0.36862746
0.40784314
0.34509805
0.45882353
0.56862748
0.57647061
0.55686277
0.53725493
0.60784316
0.61568630
0.62352943
0.62352943
0.62352943
0.63529414
0.64313728
0.64313728
0.64313728
0.64313728
0.63921571
0.62745100
0.49803922
0.29803923
0.23137255
0.28235295
0.27843139
0.25098041
0.20392157
0.17647059
0.16862746
0.20000000
0.27843139
0.37647060
0.38431373
0.36862746
0.34509805
0.38823530
0.52941179
0.56078434
0.54901963
0.53725493
0.60000002
0.60784316
0.61960787
0.61960787
0.61960787
0.63137257
0.63529414
0.63529414
0.63529414
0.63137257
0.63529414
0.65490198
0.63921571
0.51372552
0.30980393
0.24705882
0.23529412
0.20000000
0.18431373
0.16470589
0.17254902
0.19607843
0.23137255
0.36862746
0.40392157
0.37254903
0.39607844
0.38823530
0.50588238
0.55686277
0.54117650
0.53333336
0.58039218
0.58431375
0.61568630
0.63137257
0.62352943
0.61568630
0.61176473
0.61176473
0.62352943
0.63921571
0.61568630
0.61176473
0.60784316
0.54901963
0.51372552
0.38823530
0.29411766
0.21176471
0.20392157
0.20000000
0.20000000
0.28235295
0.30980393
0.25882354
0.29411766
0.38039216
0.43921569
0.48235294
0.51764709
0.53725493
0.53725493
0.52156866
0.55686277
0.54901963
0.58823532
0.60392159
0.58039218
0.58823532
0.58431375
0.60784316
0.60784316
0.56078434
0.42745098
0.30980393
0.29019609
0.32156864
0.43137255
0.35294119
0.30588236
0.22352941
0.20784314
0.20000000
0.28627452
0.36470589
0.50196081
0.49803922
0.37254903
0.32549021
0.38823530
0.45098040
0.52156866
0.54117650
0.52549022
0.50980395
0.56862748
0.55686277
0.59215689
0.60784316
0.58823532
0.56470591
0.50980395
0.49411765
0.57647061
0.44705883
0.31372550
0.34509805
0.29019609
0.18823530
0.27450982
0.20000000
0.19215687
0.16862746
0.19607843
0.27058825
0.40784314
0.36078432
0.43529412
0.58431375
0.51764709
0.40784314
0.32941177
0.36470589
0.48235294
0.53333336
0.51764709
0.50196081
0.50196081
0.51372552
0.56078434
0.57647061
0.52941179
0.54509807
0.41960785
0.25098041
0.34509805
0.40784314
0.35294119
0.39607844
0.40000001
0.21176471
0.13725491
0.11372549
0.19215687
0.18431373
0.23137255
0.31764707
0.42745098
0.38823530
0.41568628
0.47058824
0.49411765
0.50980395
0.38823530
0.32156864
0.36862746
0.48235294
0.50980395
0.49411765
0.35686275
0.46666667
0.46666667
0.42352942
0.45098040
0.50588238
0.35686275
0.14117648
0.14117648
0.26274511
0.25098041
0.27843139
0.34509805
0.28627452
0.20000000
0.23137255
0.24313726
0.23137255
0.21568628
0.26274511
0.29803923
0.32941177
0.42745098
0.35686275
0.42352942
0.49803922
0.42352942
0.35294119
0.31372550
0.39607844
0.47843137
0.48235294
0.18431373
0.30980393
0.27843139
0.26274511
0.39607844
0.35686275
0.29411766
0.25490198
0.23921569
0.25098041
0.23529412
0.24313726
0.26274511
0.34117648
0.29019609
0.24313726
0.24313726
0.29019609
0.30980393
0.28627452
0.30196080
0.35686275
0.37647060
0.31764707
0.35686275
0.38823530
0.36470589
0.34901962
0.32156864
0.30196080
0.38039216
0.45098040
0.18431373
0.11764706
0.14117648
0.17254902
0.24705882
0.20784314
0.10588235
0.12549020
0.23921569
0.18431373
0.21960784
0.28235295
0.32941177
0.36470589
0.30980393
0.28627452
0.27450982
0.21960784
0.28235295
0.36470589
0.40000001
0.36078432
0.30588236
0.34509805
0.32941177
0.30588236
0.29019609
0.29803923
0.29803923
0.27058825
0.34117648
0.43529412
0.17647059
0.14509805
0.19607843
0.21568628
0.16078432
0.13333334
0.10588235
0.04313726
0.05490196
0.18039216
0.26274511
0.30196080
0.28235295
0.32156864
0.30196080
0.30588236
0.27843139
0.16862746
0.29803923
0.35294119
0.23137255
0.19215687
0.22352941
0.27058825
0.29411766
0.34901962
0.29411766
0.30196080
0.38039216
0.31764707
0.30196080
0.38431373
0.08627451
0.13725491
0.21960784
0.14901961
0.09803922
0.12549020
0.24705882
0.20784314
0.15294118
0.21960784
0.30196080
0.28627452
0.23137255
0.21568628
0.28235295
0.21568628
0.12156863
0.12941177
0.20000000
0.30980393
0.19607843
0.28235295
0.34901962
0.36078432
0.34509805
0.37254903
0.31764707
0.18431373
0.25098041
0.29803923
0.22745098
0.33333334
0.09803922
0.07843138
0.10196079
0.14117648
0.08627451
0.07058824
0.15294118
0.18823530
0.12549020
0.12549020
0.21568628
0.27450982
0.19215687
0.09019608
0.12941177
0.18039216
0.21176471
0.25490198
0.25098041
0.30196080
0.29019609
0.30980393
0.38431373
0.45098040
0.44313726
0.32549021
0.19607843
0.14117648
0.18823530
0.22745098
0.25490198
0.21176471
0.07058824
0.07450981
0.12549020
0.15686275
0.07058824
0.08235294
0.10588235
0.07450981
0.02745098
0.13725491
0.24705882
0.19215687
0.14901961
0.10980392
0.08235294
0.13333334
0.28235295
0.30980393
0.34901962
0.32156864
0.34509805
0.32549021
0.40784314
0.44705883
0.42352942
0.34901962
0.24705882
0.16470589
0.13333334
0.10196079
0.19215687
0.16078432
0.10196079
0.11764706
0.09019608
0.06666667
0.05098039
0.07058824
0.13725491
0.12156863
0.09803922
0.12549020
0.11764706
0.11764706
0.10588235
0.11372549
0.07843138
0.16078432
0.30588236
0.28235295
0.31372550
0.29411766
0.31764707
0.32156864
0.40000001
0.43529412
0.40392157
0.40784314
0.40000001
0.27843139
0.18823530
0.12941177
0.14901961
0.16862746
1 0 -1 0 0 0 0 0 0 0 0
0 1 -1 0 0 0 0 0 0 0 0
0 0 -1 1 0 0 0 0 0 0 0
0 0 -1 0 1 0 0 0 0 0 0
0 0 -1 0 0 1 0 0 0 0 0
0 0 -1 0 0 0 1 0 0 0 0
0 0 -1 0 0 0 0 1 0 0 0
0 0 -1 0 0 0 0 0 1 0 0
0 0 -1 0 0 0 0 0 0 1 0
