0.96862745
0.95294118
0.95294118
0.95686275
0.96470588
0.96470588
0.96470588
0.96078432
0.95294118
0.94901961
0.94901961
0.95294118
0.94901961
0.94901961
0.94901961
0.94901961
0.94901961
0.94901961
0.94901961
0.94901961
0.94901961
0.94901961
0.94901961
0.95294118
0.94901961
0.94901961
0.94901961
0.94901961
0.95294118
0.95294118
0.94901961
0.96862745
0.96862745
0.95294118
0.95294118
0.95294118
0.95686275
0.95686275
0.96078432
0.96078432
0.95294118
0.94901961
0.94901961
0.94901961
0.94901961
0.94901961
0.94901961
0.94901961
0.94901961
0.94901961
0.94901961
0.94901961
0.94901961
0.94901961
0.94901961
0.94901961
0.94901961
0.94901961
0.94901961
0.94901961
0.94509804
0.94509804
0.94509804
0.96470588
0.97254902
0.95686275
0.95686275
0.96078432
0.96470588
0.96470588
0.96078432
0.96078432
0.96078432
0.95686275
0.96078432
0.95686275
0.95294118
0.95686275
0.95686275
0.95686275
0.95686275
0.95294118
0.95294118
0.95294118
0.95294118
0.95294118
0.94901961
0.94901961
0.94901961
0.95294118
0.95294118
0.94901961
0.94901961
0.95294118
0.94901961
0.96470588
0.97254902
0.95686275
0.95686275
0.96078432
0.96470588
0.96470588
0.96078432
0.96078432
0.95686275
0.95294118
0.95686275
0.95686275
0.95686275
0.96078432
0.95686275
0.96078432
0.95686275
0.95294118
0.95294118
0.95294118
0.95294118
0.95294118
0.94901961
0.94901961
0.94901961
0.94901961
0.94901961
0.94901961
0.94901961
0.95294118
0.94901961
0.96470588
0.97254902
0.95294118
0.95686275
0.96078432
0.96470588
0.96078432
0.96078432
0.96078432
0.95686275
0.95686275
0.95686275
0.95686275
0.95294118
0.95686275
0.95686275
0.96078432
0.95294118
0.95294118
0.95294118
0.95294118
0.95294118
0.95294118
0.95294118
0.94901961
0.94901961
0.94901961
0.95294118
0.94901961
0.94901961
0.95294118
0.94901961
0.96862745
0.97254902
0.95294118
0.95686275
0.95686275
0.95294118
0.95294118
0.95686275
0.95686275
0.95294118
0.95686275
0.95686275
0.95294118
0.94901961
0.94901961
0.95686275
0.95686275
0.95294118
0.95294118
0.95294118
0.95294118
0.94901961
0.94509804
0.95686275
0.97647059
0.96470588
0.95686275
0.95686275
0.94901961
0.95294118
0.95686275
0.95294118
0.97254902
0.97254902
0.95294118
0.95294118
0.95294118
0.95294118
0.94901961
0.95294118
0.95294118
0.95294118
0.95294118
0.95294118
0.95294118
0.94901961
0.95294118
0.95294118
0.95294118
0.95294118
0.95294118
0.95686275
0.94901961
0.94509804
0.97254902
0.96862745
0.83529413
0.87843138
0.96862745
0.95294118
0.94901961
0.95294118
0.95294118
0.95294118
0.97254902
0.96862745
0.94901961
0.94901961
0.95294118
0.95294118
0.94901961
0.94901961
0.94901961
0.95294118
0.95294118
0.95294118
0.95294118
0.95294118
0.95686275
0.94901961
0.95294118
0.95686275
0.95294118
0.95294118
0.96470588
0.95294118
0.81568629
0.47843137
0.24705882
0.67843139
0.98431373
0.94901961
0.95294118
0.95294118
0.94901961
0.94901961
0.97254902
0.96862745
0.94901961
0.95294118
0.95294118
0.95294118
0.95294118
0.94901961
0.94901961
0.94901961
0.94901961
0.95294118
0.95686275
0.95686275
0.95686275
0.95294118
0.94901961
0.94901961
0.96862745
0.97647059
0.85098040
0.54901963
0.19607843
0.13333334
0.57254905
0.88627452
0.96078432
0.95294118
0.95294118
0.94901961
0.94901961
0.94901961
0.97254902
0.96862745
0.94901961
0.95294118
0.95294118
0.95294118
0.95294118
0.94901961
0.94901961
0.94901961
0.94901961
0.95294118
0.95294118
0.95686275
0.96078432
0.94509804
0.94901961
0.98431373
0.92549020
0.65490198
0.24313726
0.00000000
0.12156863
0.72549021
0.96862745
0.96078432
0.95294118
0.96078432
0.95294118
0.94901961
0.94901961
0.94901961
0.96862745
0.96862745
0.95294118
0.95294118
0.95294118
0.95294118
0.95294118
0.94901961
0.94901961
0.94901961
0.94901961
0.94901961
0.94509804
0.94509804
0.96078432
0.96470588
0.89019608
0.65882355
0.32549021
0.06666667
0.00000000
0.24313726
0.63529414
0.49019608
0.55294120
0.92941177
0.95686275
0.95294118
0.95294118
0.94901961
0.94901961
0.94509804
0.96862745
0.96862745
0.95294118
0.95294118
0.94901961
0.94901961
0.94901961
0.94901961
0.94901961
0.94901961
0.93725491
0.93725491
0.96470588
0.98039216
0.93725491
0.70196080
0.33725491
0.08235294
0.00000000
0.00000000
0.15686275
0.60392159
0.40392157
0.00000000
0.56862748
0.96862745
0.95294118
0.94901961
0.94901961
0.94901961
0.94509804
0.94509804
0.96862745
0.96862745
0.94901961
0.95294118
0.95294118
0.94901961
0.94901961
0.95294118
0.94901961
0.95294118
0.96862745
0.96078432
0.87450981
0.66666669
0.39215687
0.10588235
0.00000000
0.00392157
0.01960784
0.00000000
0.06274510
0.16078432
0.00784314
0.23529412
0.89019608
0.96862745
0.95294118
0.95294118
0.94901961
0.94901961
0.94901961
0.94901961
0.97254902
0.96862745
0.94901961
0.95294118
0.95294118
0.95294118
0.94901961
0.94117647
0.95686275
0.89019608
0.65490198
0.49019608
0.28235295
0.07450981
0.00392157
0.00000000
0.00784314
0.00784314
0.00784314
0.00000000
0.00392157
0.00000000
0.04705882
0.60784316
0.96862745
0.95686275
0.95686275
0.95294118
0.94901961
0.94901961
0.94901961
0.94901961
0.96862745
0.96862745
0.94901961
0.94901961
0.95294118
0.94901961
0.94901961
0.97647059
0.93725491
0.46666667
0.03137255
0.00000000
0.00000000
0.00000000
0.00784314
0.00000000
0.00000000
0.00000000
0.00392157
0.01960784
0.00000000
0.08235294
0.52549022
0.91764706
0.96470588
0.95294118
0.95686275
0.95294118
0.94901961
0.94901961
0.94509804
0.94509804
0.97254902
0.96862745
0.94901961
0.94509804
0.94509804
0.94901961
0.94509804
0.79215688
0.45098040
0.05882353
0.00000000
0.00392157
0.00392157
0.00000000
0.00000000
0.00000000
0.00000000
0.00000000
0.00784314
0.00000000
0.16078432
0.61960787
0.94901961
0.96078432
0.95686275
0.95686275
0.95686275
0.95294118
0.94901961
0.94901961
0.95294118
0.94901961
0.97254902
0.96862745
0.94509804
0.94901961
0.94509804
0.95294118
0.94509804
0.52549022
0.09019608
0.00000000
0.00000000
0.01176471
0.00392157
0.00000000
0.00000000
0.00000000
0.00000000
0.00000000
0.00000000
0.22745098
0.72156864
0.95294118
0.95294118
0.94901961
0.94901961
0.94901961
0.95294118
0.94901961
0.94509804
0.94901961
0.94901961
0.94901961
0.96862745
0.96470588
0.94901961
0.94901961
0.94901961
0.95294118
0.94901961
0.88627452
0.65882355
0.28235295
0.03921569
0.00000000
0.01568628
0.01568628
0.00000000
0.00000000
0.00000000
0.00000000
0.24313726
0.80392158
0.97254902
0.94509804
0.94509804
0.94901961
0.94901961
0.94901961
0.94901961
0.94509804
0.94509804
0.94901961
0.94901961
0.94901961
0.97254902
0.96078432
0.94509804
0.94901961
0.94901961
0.94509804
0.94901961
0.96470588
0.96078432
0.87450981
0.63529414
0.31764707
0.07843138
0.00000000
0.00000000
0.00392157
0.00392157
0.00000000
0.36862746
0.95686275
0.94901961
0.94509804
0.94509804
0.94901961
0.94901961
0.94901961
0.94901961
0.94117647
0.94509804
0.94901961
0.94901961
0.94901961
0.97254902
0.95686275
0.94509804
0.94901961
0.94901961
0.94901961
0.94901961
0.94509804
0.94509804
0.95686275
0.97647059
0.89411765
0.65098041
0.29411766
0.03529412
0.00000000
0.00392157
0.00000000
0.08627451
0.74901962
0.97254902
0.94117647
0.94509804
0.94901961
0.94901961
0.94509804
0.94901961
0.94509804
0.94901961
0.94901961
0.94901961
0.94901961
0.96862745
0.96078432
0.94509804
0.94901961
0.94901961
0.94509804
0.94901961
0.94901961
0.94901961
0.94509804
0.94117647
0.95686275
0.97254902
0.87843138
0.61176473
0.26666668
0.05882353
0.00000000
0.00000000
0.33725491
0.90980393
0.95294118
0.94509804
0.94901961
0.94901961
0.94509804
0.94509804
0.94509804
0.94901961
0.94901961
0.94901961
0.94901961
0.96862745
0.96078432
0.94509804
0.94901961
0.94509804
0.94117647
0.94509804
0.94509804
0.94117647
0.94117647
0.94509804
0.94117647
0.94509804
0.95686275
0.96470588
0.86666667
0.60392159
0.28627452
0.09803922
0.38039216
0.89019608
0.95294118
0.94509804
0.94901961
0.94901961
0.94509804
0.94509804
0.94509804
0.94117647
0.94509804
0.94901961
0.94901961
0.97254902
0.96470588
0.94901961
0.95294118
0.94901961
0.94901961
0.94901961
0.94901961
0.94901961
0.94509804
0.94509804
0.94509804
0.94901961
0.94901961
0.94901961
0.96078432
0.98823529
0.89411765
0.76078433
0.89803922
0.96470588
0.94901961
0.94901961
0.94901961
0.94901961
0.94509804
0.94117647
0.94117647
0.94509804
0.94509804
0.94509804
0.94509804
0.97254902
0.96862745
0.95294118
0.95294118
0.94901961
0.95294118
0.95294118
0.95294118
0.95294118
0.94901961
0.94509804
0.94509804
0.94509804
0.95294118
0.96078432
0.95294118
0.95294118
0.96862745
0.97647059
0.96470588
0.95294118
0.95294118
0.94901961
0.94901961
0.94901961
0.94509804
0.94509804
0.94117647
0.94509804
0.94509804
0.94509804
0.94509804
0.96862745
0.96862745
0.95294118
0.95294118
0.94901961
0.95294118
0.95294118
0.95294118
0.95294118
0.94901961
0.94509804
0.94509804
0.94509804
0.94901961
0.96078432
0.95686275
0.95686275
0.95294118
0.94901961
0.95294118
0.95686275
0.95294118
0.95294118
0.94901961
0.94901961
0.94901961
0.94901961
0.94509804
0.94509804
0.94509804
0.94509804
0.94509804
0.96862745
0.96862745
0.94901961
0.94901961
0.94901961
0.94901961
0.94901961
0.95686275
0.95686275
0.94901961
0.94509804
0.94509804
0.94509804
0.94509804
0.95686275
0.95294118
0.95686275
0.95686275
0.95686275
0.95294118
0.95686275
0.95686275
0.95294118
0.94509804
0.94509804
0.94901961
0.94901961
0.94509804
0.94901961
0.94509804
0.94509804
0.94509804
0.96862745
0.96862745
0.94901961
0.94901961
0.94901961
0.95294118
0.95294118
0.95294118
0.95294118
0.94901961
0.94509804
0.94509804
0.94509804
0.94901961
0.95686275
0.95686275
0.95686275
0.95686275
0.95294118
0.95294118
0.95294118
0.95294118
0.95294118
0.94509804
0.94509804
0.94901961
0.94901961
0.94901961
0.94901961
0.94509804
0.94509804
0.94509804
0.96470588
0.96862745
0.94901961
0.94901961
0.94901961
0.95294118
0.95294118
0.94901961
0.94901961
0.94509804
0.94509804
0.94509804
0.94509804
0.94901961
0.95686275
0.95686275
0.95686275
0.95686275
0.95294118
0.95294118
0.95294118
0.94901961
0.94901961
0.94509804
0.94509804
0.94901961
0.94901961
0.95294118
0.94509804
0.94509804
0.94509804
0.94509804
0.96862745
0.96862745
0.94901961
0.94901961
0.94901961
0.95294118
0.94901961
0.94901961
0.94901961
0.94901961
0.94901961
0.94509804
0.94509804
0.94509804
0.94509804
0.94901961
0.94901961
0.94901961
0.95294118
0.95294118
0.94901961
0.95294118
0.95294118
0.94509804
0.94901961
0.94509804
0.94509804
0.94901961
0.94509804
0.94509804
0.94509804
0.94117647
0.96862745
0.96470588
0.94509804
0.94901961
0.94901961
0.94901961
0.94509804
0.94901961
0.94901961
0.94509804
0.94509804
0.94509804
0.94509804
0.94509804
0.94509804
0.94117647
0.94509804
0.94509804
0.95294118
0.94901961
0.94901961
0.95294118
0.95294118
0.94509804
0.94901961
0.94509804
0.94509804
0.94509804
0.94509804
0.94509804
0.94509804
0.94509804
0.96862745
0.96078432
0.94509804
0.94509804
0.95294118
0.95294118
0.94509804
0.94901961
0.94901961
0.94509804
0.94117647
0.94117647
0.94509804
0.94509804
0.94509804
0.94509804
0.94509804
0.94509804
0.95294118
0.94901961
0.94901961
0.95294118
0.95294118
0.94509804
0.94901961
0.94509804
0.94509804
0.94509804
0.94509804
0.94509804
0.94509804
0.94509804
0.96470588
0.96078432
0.94901961
0.94901961
0.94901961
0.95294118
0.94901961
0.95294118
0.95294118
0.94509804
0.94509804
0.94117647
0.94117647
0.94509804
0.94901961
0.94901961
0.94509804
0.94509804
0.95294118
0.95294118
0.95294118
0.95294118
0.95294118
0.94509804
0.94509804
0.94901961
0.94901961
0.94901961
0.94509804
0.94509804
0.94117647
0.94117647
0.96470588
0.98823529
0.97254902
0.97254902
0.97254902
0.97254902
0.97254902
0.97647059
0.97254902
0.97254902
0.96862745
0.96862745
0.97254902
0.96862745
0.96862745
0.96862745
0.96862745
0.96862745
0.96862745
0.96862745
0.96862745
0.96862745
0.96862745
0.96862745
0.96862745
0.96862745
0.96862745
0.96862745
0.96862745
0.97254902
0.97254902
0.96862745
0.98823529
0.98823529
0.97254902
0.97254902
0.96862745
0.96470588
0.96862745
0.97254902
0.97254902
0.96862745
0.96862745
0.96862745
0.96862745
0.96862745
0.96862745
0.96862745
0.96862745
0.96862745
0.96862745
0.96862745
0.96862745
0.96862745
0.96862745
0.96862745
0.96862745
0.96862745
0.96862745
0.96862745
0.96862745
0.96470588
0.96470588
0.96470588
0.98431373
0.99215686
0.97647059
0.97647059
0.97647059
0.97254902
0.97254902
0.97254902
0.97254902
0.97647059
0.97647059
0.98039216
0.97647059
0.97254902
0.97647059
0.97647059
0.97647059
0.97647059
0.97254902
0.97254902
0.97254902
0.97254902
0.97254902
0.96862745
0.96862745
0.96862745
0.97254902
0.97254902
0.96862745
0.96862745
0.97254902
0.96862745
0.98431373
0.99215686
0.97254902
0.97647059
0.97647059
0.97254902
0.97647059
0.97254902
0.97254902
0.97254902
0.97647059
0.97647059
0.97647059
0.97647059
0.98039216
0.97647059
0.98039216
0.97647059
0.97254902
0.97254902
0.97254902
0.97254902
0.97254902
0.96862745
0.96862745
0.96862745
0.96862745
0.96862745
0.96862745
0.96862745
0.97254902
0.96862745
0.98431373
0.99215686
0.97254902
0.97647059
0.97647059
0.97254902
0.97254902
0.97254902
0.97254902
0.97647059
0.97647059
0.97647059
0.97647059
0.97254902
0.97647059
0.97647059
0.98039216
0.97254902
0.97254902
0.97647059
0.97254902
0.97254902
0.97647059
0.97254902
0.96862745
0.96470588
0.96862745
0.97254902
0.96862745
0.96862745
0.97254902
0.96862745
0.98431373
0.99215686
0.97254902
0.97647059
0.97647059
0.97254902
0.97254902
0.97647059
0.97647059
0.97254902
0.97647059
0.97647059
0.97254902
0.96862745
0.96862745
0.97647059
0.97647059
0.97254902
0.97647059
0.98039216
0.97647059
0.97647059
0.96862745
0.96862745
0.98431373
0.97254902
0.96470588
0.97254902
0.96862745
0.97254902
0.97647059
0.97254902
0.98431373
0.99215686
0.97254902
0.97254902
0.97254902
0.97254902
0.96862745
0.97254902
0.97254902
0.97254902
0.97254902
0.97254902
0.97254902
0.96862745
0.97254902
0.97254902
0.97254902
0.97254902
0.97647059
0.97647059
0.97254902
0.96470588
0.99215686
0.97647059
0.84313726
0.88627452
0.97647059
0.96862745
0.97254902
0.97254902
0.97254902
0.96862745
0.98431373
0.98823529
0.96862745
0.96862745
0.97254902
0.97254902
0.96862745
0.96862745
0.96862745
0.97254902
0.97254902
0.97254902
0.97254902
0.97254902
0.97647059
0.96862745
0.97254902
0.97647059
0.96862745
0.96470588
0.97647059
0.96862745
0.82745099
0.48627451
0.25490198
0.68627453
0.99215686
0.96470588
0.97254902
0.97254902
0.96862745
0.96862745
0.98431373
0.98823529
0.96862745
0.97254902
0.97254902
0.97254902
0.97254902
0.96862745
0.96862745
0.96862745
0.96862745
0.97254902
0.97647059
0.97647059
0.97647059
0.97254902
0.96862745
0.96862745
0.98039216
0.98039216
0.85490197
0.55686277
0.20000000
0.13725491
0.58039218
0.89411765
0.96862745
0.96862745
0.97254902
0.96862745
0.96862745
0.96862745
0.98431373
0.98823529
0.96862745
0.97254902
0.97254902
0.97254902
0.97254902
0.96862745
0.96862745
0.96862745
0.96862745
0.96862745
0.97254902
0.97647059
0.98039216
0.96862745
0.96862745
1.00000000
0.93333334
0.65490198
0.24313726
0.00000000
0.12156863
0.73333335
0.97647059
0.96862745
0.96078432
0.97647059
0.97254902
0.96862745
0.96862745
0.96470588
0.98039216
0.98823529
0.97254902
0.97254902
0.97254902
0.97254902
0.97254902
0.96862745
0.96862745
0.97254902
0.97254902
0.97254902
0.96862745
0.96862745
0.97647059
0.97647059
0.90196079
0.67058825
0.32941177
0.06666667
0.00000000
0.24313726
0.63529414
0.49411765
0.56078434
0.93725491
0.96470588
0.96862745
0.97254902
0.96862745
0.96862745
0.96470588
0.98039216
0.98823529
0.97254902
0.97254902
0.96862745
0.96862745
0.96862745
0.96862745
0.96862745
0.97254902
0.96470588
0.96470588
0.98823529
1.00000000
0.94117647
0.70196080
0.34117648
0.08627451
0.00000000
0.00000000
0.15686275
0.60392159
0.40392157
0.00000000
0.57647061
0.97647059
0.96078432
0.96470588
0.96862745
0.96862745
0.96470588
0.96470588
0.98431373
0.98823529
0.96862745
0.97254902
0.97254902
0.96862745
0.96862745
0.97254902
0.96862745
0.97254902
0.98823529
0.97647059
0.89411765
0.67843139
0.39215687
0.10588235
0.00000000
0.00392157
0.01960784
0.00000000
0.06274510
0.16078432
0.01176471
0.24313726
0.89803922
0.97647059
0.96078432
0.96862745
0.96862745
0.96862745
0.96862745
0.96862745
0.98431373
0.98823529
0.96862745
0.97254902
0.97254902
0.97254902
0.96862745
0.96078432
0.97647059
0.90196079
0.66274512
0.49803922
0.29411766
0.07843138
0.00000000
0.00000000
0.00784314
0.00784314
0.00784314
0.00000000
0.00392157
0.00000000
0.04705882
0.61568630
0.97647059
0.96470588
0.96470588
0.96862745
0.96862745
0.96862745
0.96862745
0.96862745
0.98039216
0.98823529
0.96862745
0.96862745
0.97254902
0.96862745
0.96862745
0.99607843
0.95686275
0.47450981
0.03529412
0.00000000
0.00000000
0.00000000
0.00784314
0.00000000
0.00000000
0.00000000
0.00392157
0.01960784
0.00000000
0.08235294
0.52549022
0.92549020
0.97254902
0.96078432
0.96470588
0.96862745
0.96862745
0.96862745
0.96470588
0.96470588
0.98431373
0.98823529
0.96862745
0.96470588
0.96470588
0.96862745
0.96470588
0.81176472
0.46666667
0.06274510
0.00000000
0.00392157
0.00392157
0.00000000
0.00000000
0.00000000
0.00000000
0.00000000
0.00784314
0.00000000
0.16078432
0.61960787
0.95294118
0.96862745
0.96078432
0.96470588
0.96470588
0.96862745
0.96862745
0.96862745
0.97254902
0.96862745
0.98431373
0.98823529
0.96470588
0.96862745
0.96470588
0.97254902
0.96470588
0.54509807
0.10196079
0.00000000
0.00000000
0.01176471
0.00392157
0.00000000
0.00000000
0.00000000
0.00000000
0.00000000
0.00000000
0.22745098
0.72549021
0.96078432
0.96470588
0.96470588
0.96470588
0.96470588
0.96470588
0.96470588
0.96470588
0.96862745
0.96862745
0.96862745
0.98039216
0.98431373
0.96862745
0.96862745
0.96862745
0.97254902
0.96862745
0.90588236
0.67450982
0.28627452
0.03921569
0.00000000
0.01176471
0.01568628
0.00000000
0.00000000
0.00000000
0.00000000
0.24313726
0.80392158
0.98039216
0.96470588
0.97254902
0.96862745
0.96862745
0.96862745
0.96862745
0.96470588
0.96470588
0.96862745
0.96862745
0.96470588
0.98431373
0.98039216
0.96470588
0.96862745
0.96862745
0.96470588
0.96470588
0.98431373
0.98039216
0.87843138
0.63921571
0.32156864
0.08235294
0.00000000
0.00000000
0.00392157
0.00392157
0.00000000
0.36862746
0.95686275
0.95686275
0.96862745
0.97254902
0.96862745
0.96862745
0.96862745
0.96862745
0.96078432
0.96470588
0.96862745
0.96862745
0.96470588
0.98431373
0.98039216
0.96470588
0.96862745
0.96862745
0.96862745
0.96862745
0.96470588
0.96470588
0.96862745
0.98431373
0.90588236
0.65882355
0.29803923
0.03529412
0.00000000
0.00392157
0.00000000
0.08627451
0.74901962
0.98039216
0.96078432
0.97254902
0.96862745
0.96862745
0.96470588
0.96862745
0.96470588
0.96862745
0.96862745
0.96862745
0.96470588
0.98039216
0.98039216
0.96470588
0.96862745
0.96862745
0.96470588
0.96862745
0.96862745
0.96862745
0.96470588
0.96078432
0.97647059
0.99215686
0.89411765
0.61176473
0.27058825
0.06274510
0.00000000
0.00000000
0.34117648
0.91764706
0.97254902
0.96862745
0.96862745
0.96862745
0.96470588
0.96470588
0.96470588
0.96862745
0.96862745
0.96862745
0.96470588
0.98039216
0.98039216
0.96470588
0.96862745
0.96470588
0.96078432
0.96470588
0.96470588
0.96078432
0.96470588
0.96862745
0.96470588
0.97254902
0.97647059
0.96862745
0.87058824
0.60784316
0.29019609
0.10196079
0.38039216
0.90196079
0.97254902
0.97254902
0.96862745
0.96862745
0.96470588
0.96470588
0.96470588
0.96078432
0.96470588
0.96862745
0.96862745
0.98431373
0.98039216
0.96470588
0.96470588
0.96470588
0.96470588
0.96470588
0.96470588
0.96470588
0.96470588
0.96862745
0.96862745
0.97254902
0.96470588
0.95686275
0.97254902
0.99607843
0.90196079
0.76862746
0.90588236
0.97647059
0.96470588
0.96862745
0.96862745
0.96862745
0.96470588
0.96078432
0.96078432
0.96470588
0.96470588
0.96470588
0.96470588
0.98039216
0.98039216
0.96470588
0.96470588
0.96078432
0.96470588
0.96470588
0.96470588
0.96470588
0.96470588
0.96470588
0.96470588
0.96470588
0.96862745
0.97254902
0.96470588
0.96470588
0.98039216
0.98823529
0.97647059
0.96470588
0.96470588
0.96470588
0.96862745
0.96862745
0.96470588
0.96470588
0.96078432
0.96470588
0.96470588
0.96470588
0.96078432
0.98039216
0.98039216
0.96470588
0.96470588
0.96078432
0.96470588
0.96470588
0.96470588
0.96470588
0.96470588
0.96470588
0.96470588
0.96470588
0.96470588
0.97254902
0.96862745
0.96862745
0.96470588
0.95686275
0.96470588
0.96862745
0.96470588
0.96470588
0.96862745
0.96862745
0.96862745
0.96862745
0.96470588
0.96470588
0.96470588
0.96470588
0.96078432
0.98039216
0.98039216
0.96078432
0.96078432
0.96078432
0.96078432
0.96078432
0.96862745
0.96862745
0.96470588
0.96470588
0.96470588
0.96470588
0.96470588
0.96862745
0.96470588
0.96862745
0.96862745
0.96862745
0.96470588
0.96862745
0.96862745
0.96862745
0.96470588
0.96470588
0.96862745
0.96862745
0.96470588
0.96862745
0.96470588
0.96470588
0.96078432
0.97647059
0.98039216
0.96078432
0.96078432
0.96078432
0.96470588
0.96470588
0.96470588
0.96470588
0.96470588
0.96470588
0.96470588
0.96470588
0.96470588
0.96862745
0.96862745
0.96862745
0.96862745
0.96470588
0.96470588
0.96470588
0.96470588
0.96470588
0.96470588
0.96470588
0.96862745
0.96862745
0.96862745
0.96862745
0.96470588
0.96470588
0.96470588
0.97647059
0.98039216
0.96078432
0.96078432
0.96078432
0.96470588
0.96470588
0.96078432
0.96078432
0.96470588
0.96470588
0.96470588
0.96470588
0.96470588
0.96862745
0.96862745
0.96862745
0.96862745
0.96470588
0.96470588
0.96470588
0.96078432
0.96470588
0.96470588
0.96470588
0.96862745
0.96862745
0.97254902
0.96470588
0.96470588
0.96470588
0.96078432
0.97647059
0.98039216
0.96078432
0.96078432
0.96078432
0.96470588
0.96078432
0.96078432
0.96078432
0.96470588
0.96862745
0.96470588
0.96470588
0.96470588
0.96470588
0.96470588
0.96470588
0.96470588
0.96862745
0.96078432
0.96078432
0.96470588
0.96470588
0.96470588
0.96862745
0.96470588
0.96470588
0.96862745
0.96470588
0.96470588
0.96470588
0.96078432
0.98039216
0.97647059
0.95686275
0.96078432
0.96078432
0.96078432
0.95686275
0.96078432
0.96078432
0.96470588
0.96470588
0.96470588
0.96470588
0.96470588
0.96470588
0.96078432
0.96470588
0.96470588
0.96862745
0.96078432
0.96078432
0.96470588
0.96470588
0.96470588
0.96862745
0.96470588
0.96470588
0.96470588
0.96470588
0.96470588
0.96470588
0.96078432
0.98039216
0.97254902
0.95686275
0.95686275
0.96470588
0.96470588
0.95686275
0.96078432
0.96078432
0.96078432
0.96078432
0.96078432
0.96470588
0.96470588
0.96470588
0.96470588
0.96470588
0.96470588
0.96862745
0.96078432
0.96078432
0.96470588
0.96470588
0.96470588
0.96862745
0.96470588
0.96470588
0.96470588
0.96470588
0.96470588
0.96470588
0.96078432
0.97647059
0.97254902
0.96078432
0.96078432
0.96078432
0.96470588
0.96078432
0.96470588
0.96470588
0.96470588
0.96470588
0.96078432
0.96078432
0.96470588
0.96862745
0.96862745
0.96470588
0.96470588
0.96470588
0.96078432
0.96470588
0.96470588
0.96470588
0.96470588
0.96470588
0.96862745
0.96862745
0.96862745
0.96470588
0.96470588
0.96470588
0.95686275
0.97647059
0.96078432
0.94509804
0.94509804
0.94901961
0.95294118
0.94901961
0.93725491
0.93333334
0.94117647
0.94509804
0.94117647
0.94509804
0.94117647
0.94117647
0.94117647
0.94117647
0.94117647
0.94117647
0.94509804
0.94117647
0.94117647
0.94117647
0.94117647
0.94509804
0.94509804
0.94117647
0.94117647
0.94117647
0.94509804
0.94509804
0.94117647
0.96078432
0.96078432
0.94509804
0.94509804
0.94509804
0.94509804
0.94117647
0.93725491
0.92941177
0.93725491
0.94117647
0.94117647
0.94117647
0.94117647
0.94117647
0.94117647
0.94117647
0.94117647
0.94117647
0.94117647
0.94117647
0.94117647
0.94117647
0.94117647
0.94117647
0.94117647
0.94117647
0.94117647
0.94117647
0.93725491
0.93725491
0.93725491
0.95686275
0.96470588
0.94901961
0.94901961
0.94901961
0.95294118
0.94901961
0.93725491
0.93333334
0.94509804
0.94901961
0.95294118
0.94901961
0.94509804
0.94901961
0.94901961
0.94901961
0.94901961
0.94509804
0.94509804
0.94509804
0.94509804
0.94509804
0.94117647
0.94117647
0.94117647
0.94509804
0.94509804
0.94117647
0.94117647
0.94509804
0.94117647
0.95686275
0.96470588
0.94901961
0.94901961
0.94901961
0.95294118
0.94901961
0.93725491
0.92941177
0.94117647
0.94901961
0.94901961
0.94901961
0.94901961
0.95294118
0.94901961
0.95294118
0.94901961
0.94509804
0.94509804
0.94509804
0.94509804
0.94509804
0.94117647
0.94117647
0.94117647
0.94117647
0.94117647
0.94117647
0.94117647
0.94509804
0.94117647
0.95686275
0.96470588
0.94509804
0.94901961
0.94901961
0.95294118
0.94901961
0.93725491
0.93333334
0.94509804
0.94901961
0.94901961
0.94901961
0.94509804
0.94901961
0.94901961
0.95294118
0.94509804
0.94509804
0.94509804
0.94509804
0.94509804
0.94509804
0.94509804
0.94117647
0.94117647
0.94117647
0.94509804
0.94117647
0.94117647
0.94509804
0.94117647
0.95686275
0.96470588
0.94509804
0.94901961
0.94901961
0.94509804
0.94509804
0.94509804
0.94509804
0.94509804
0.94901961
0.94901961
0.94509804
0.94117647
0.94117647
0.94901961
0.94901961
0.94509804
0.94117647
0.94117647
0.93725491
0.93725491
0.93333334
0.94901961
0.96470588
0.95294118
0.94509804
0.94509804
0.94117647
0.94509804
0.94901961
0.94509804
0.95686275
0.96470588
0.94509804
0.94509804
0.94509804
0.94509804
0.94117647
0.94509804
0.94509804
0.94509804
0.94509804
0.94509804
0.94509804
0.94117647
0.94509804
0.94509804
0.94509804
0.94509804
0.94509804
0.94509804
0.93725491
0.93333334
0.96078432
0.95686275
0.82352942
0.86666667
0.95686275
0.94509804
0.94117647
0.94509804
0.94509804
0.94117647
0.95686275
0.96078432
0.94117647
0.94117647
0.94509804
0.94509804
0.94117647
0.94117647
0.94117647
0.94509804
0.94509804
0.94509804
0.94509804
0.94509804
0.94901961
0.94117647
0.94509804
0.94901961
0.94117647
0.94117647
0.95294118
0.94117647
0.80392158
0.47058824
0.23921569
0.66666669
0.97254902
0.94117647
0.94509804
0.94509804
0.94117647
0.94117647
0.95686275
0.96078432
0.94117647
0.94509804
0.94509804
0.94509804
0.94509804
0.94117647
0.94117647
0.94117647
0.94117647
0.94509804
0.94901961
0.94901961
0.94901961
0.94509804
0.94117647
0.94117647
0.96078432
0.96470588
0.84313726
0.54117650
0.18823530
0.12549020
0.56078434
0.87450981
0.94901961
0.94509804
0.94509804
0.94117647
0.94117647
0.94117647
0.95686275
0.96078432
0.94117647
0.94509804
0.94509804
0.94509804
0.94509804
0.94117647
0.94117647
0.94117647
0.94117647
0.94509804
0.94509804
0.94901961
0.95294118
0.93725491
0.94117647
0.97647059
0.91764706
0.64705884
0.23529412
0.00000000
0.11764706
0.71372551
0.95686275
0.94901961
0.94117647
0.94901961
0.94509804
0.94117647
0.94117647
0.93725491
0.95294118
0.96078432
0.94509804
0.94509804
0.94509804
0.94509804
0.94509804
0.94117647
0.94117647
0.94117647
0.94117647
0.94117647
0.93725491
0.93725491
0.95294118
0.95294118
0.87843138
0.64705884
0.32156864
0.06274510
0.00000000
0.23921569
0.62745100
0.47843137
0.54117650
0.91764706
0.94509804
0.94509804
0.94509804
0.94117647
0.94117647
0.93725491
0.95294118
0.96078432
0.94509804
0.94509804
0.94117647
0.94117647
0.94117647
0.94117647
0.94117647
0.93725491
0.92549020
0.92549020
0.94901961
0.96862745
0.92549020
0.69019610
0.32941177
0.07450981
0.00000000
0.00000000
0.15294118
0.59607846
0.39607844
0.00000000
0.55686277
0.95686275
0.94117647
0.94117647
0.94117647
0.94117647
0.93725491
0.93725491
0.95294118
0.96078432
0.94117647
0.94509804
0.94509804
0.94117647
0.94117647
0.94509804
0.94117647
0.94117647
0.95686275
0.94901961
0.86274511
0.65882355
0.38823530
0.10196079
0.00000000
0.00000000
0.01568628
0.00000000
0.05882353
0.15294118
0.00784314
0.23137255
0.87843138
0.95686275
0.94117647
0.94117647
0.94117647
0.94117647
0.94117647
0.94117647
0.95686275
0.96078432
0.94117647
0.94509804
0.94509804
0.94509804
0.94117647
0.93333334
0.94901961
0.87843138
0.64313728
0.47843137
0.27450982
0.07058824
0.00000000
0.00000000
0.00784314
0.00784314
0.00392157
0.00000000
0.00000000
0.00000000
0.04313726
0.60000002
0.95686275
0.94509804
0.94509804
0.94117647
0.94117647
0.94117647
0.94117647
0.94117647
0.95294118
0.96078432
0.94117647
0.94117647
0.94509804
0.94117647
0.94117647
0.96862745
0.92941177
0.45882353
0.02745098
0.00000000
0.00000000
0.00000000
0.01176471
0.00392157
0.00000000
0.00000000
0.00000000
0.01568628
0.00000000
0.07843138
0.51764709
0.90588236
0.95294118
0.94117647
0.94509804
0.94117647
0.94117647
0.94117647
0.93725491
0.93725491
0.95686275
0.96078432
0.94117647
0.93725491
0.93725491
0.94117647
0.93725491
0.78431374
0.44313726
0.05490196
0.00000000
0.00392157
0.00392157
0.00392157
0.00784314
0.00784314
0.00784314
0.01176471
0.00784314
0.00000000
0.15294118
0.61176473
0.94117647
0.94901961
0.94117647
0.94509804
0.94509804
0.94117647
0.94117647
0.94117647
0.94509804
0.94117647
0.95686275
0.96078432
0.93725491
0.94117647
0.93725491
0.94509804
0.93725491
0.51764709
0.08627451
0.00000000
0.00000000
0.00784314
0.00392157
0.00000000
0.00392157
0.00784314
0.00784314
0.00784314
0.00000000
0.21960784
0.71372551
0.94117647
0.94117647
0.94117647
0.94117647
0.94117647
0.94117647
0.94117647
0.93725491
0.94117647
0.94117647
0.94117647
0.95294118
0.95686275
0.94117647
0.94117647
0.94117647
0.94509804
0.94117647
0.88235295
0.65098041
0.27843139
0.03529412
0.00000000
0.01176471
0.01176471
0.00000000
0.00000000
0.00000000
0.00000000
0.23529412
0.79607844
0.96078432
0.92941177
0.93333334
0.94117647
0.94117647
0.94117647
0.94117647
0.93725491
0.93725491
0.94117647
0.94117647
0.93725491
0.95686275
0.95294118
0.93725491
0.94117647
0.94117647
0.93725491
0.94117647
0.95686275
0.95294118
0.86274511
0.62745100
0.30980393
0.07450981
0.00000000
0.00000000
0.00392157
0.00392157
0.00000000
0.36470589
0.94901961
0.93725491
0.93333334
0.93333334
0.94117647
0.94117647
0.94117647
0.94117647
0.93333334
0.93725491
0.94117647
0.94117647
0.93725491
0.95686275
0.94901961
0.93725491
0.94117647
0.94117647
0.94117647
0.94117647
0.93725491
0.93725491
0.94509804
0.96470588
0.88235295
0.63921571
0.28627452
0.03137255
0.00000000
0.00000000
0.00000000
0.08235294
0.74117649
0.96078432
0.92941177
0.93333334
0.94117647
0.94117647
0.93725491
0.94117647
0.93725491
0.94117647
0.94117647
0.94117647
0.93725491
0.95294118
0.95294118
0.93725491
0.94117647
0.94117647
0.93725491
0.94117647
0.94117647
0.94117647
0.93333334
0.92941177
0.94509804
0.96078432
0.86666667
0.59607846
0.25490198
0.05098039
0.00000000
0.00000000
0.33333334
0.89803922
0.93725491
0.93333334
0.94117647
0.94117647
0.93725491
0.93725491
0.93725491
0.94117647
0.94117647
0.94117647
0.93725491
0.95294118
0.94901961
0.93725491
0.94117647
0.93725491
0.93333334
0.93725491
0.93725491
0.93333334
0.92941177
0.92941177
0.92549020
0.93333334
0.94509804
0.94901961
0.84705883
0.59215689
0.27450982
0.09411765
0.37254903
0.87843138
0.94117647
0.93333334
0.94117647
0.94117647
0.93725491
0.93725491
0.93725491
0.93333334
0.93725491
0.94117647
0.94117647
0.95686275
0.95294118
0.93725491
0.93725491
0.93725491
0.93725491
0.93725491
0.93725491
0.93333334
0.93333334
0.93725491
0.93725491
0.93725491
0.93725491
0.92941177
0.94509804
0.97254902
0.87843138
0.74509805
0.88627452
0.94901961
0.93725491
0.93725491
0.94117647
0.94117647
0.93725491
0.93333334
0.93333334
0.93725491
0.93725491
0.93725491
0.93725491
0.96078432
0.95294118
0.93725491
0.93725491
0.93333334
0.93725491
0.93725491
0.93725491
0.93725491
0.93725491
0.93725491
0.93725491
0.93725491
0.94117647
0.94509804
0.93725491
0.93725491
0.95294118
0.96078432
0.94901961
0.93725491
0.93725491
0.93725491
0.94117647
0.94117647
0.93725491
0.93725491
0.93333334
0.93725491
0.93725491
0.93725491
0.93725491
0.95686275
0.95294118
0.93725491
0.93725491
0.93333334
0.93725491
0.93725491
0.93725491
0.93725491
0.93725491
0.93725491
0.93725491
0.93725491
0.93725491
0.94509804
0.94117647
0.94117647
0.93725491
0.93333334
0.93725491
0.94117647
0.93725491
0.93725491
0.94117647
0.94117647
0.94117647
0.94117647
0.93725491
0.93725491
0.93725491
0.93725491
0.93725491
0.95686275
0.95294118
0.93333334
0.93333334
0.93333334
0.93333334
0.93333334
0.94117647
0.94117647
0.93725491
0.93725491
0.93725491
0.93725491
0.93725491
0.94117647
0.93725491
0.94117647
0.94117647
0.94117647
0.93725491
0.94117647
0.94117647
0.94117647
0.93725491
0.93725491
0.94117647
0.94117647
0.93725491
0.94117647
0.93725491
0.93725491
0.93333334
0.95686275
0.95294118
0.93333334
0.93333334
0.93333334
0.93725491
0.93725491
0.93725491
0.93725491
0.93725491
0.93725491
0.93725491
0.93725491
0.93725491
0.94117647
0.94117647
0.94117647
0.94117647
0.93725491
0.93725491
0.93725491
0.93725491
0.93725491
0.93725491
0.93725491
0.94117647
0.94117647
0.94117647
0.94117647
0.93725491
0.93725491
0.93725491
0.95686275
0.95294118
0.93333334
0.93333334
0.93333334
0.93725491
0.93725491
0.93333334
0.93333334
0.93725491
0.93725491
0.93725491
0.93725491
0.93725491
0.94117647
0.94117647
0.94117647
0.94117647
0.93725491
0.93725491
0.93725491
0.93333334
0.93725491
0.93725491
0.93725491
0.94117647
0.94117647
0.94509804
0.93725491
0.93725491
0.93725491
0.93725491
0.95294118
0.95294118
0.93333334
0.93333334
0.93333334
0.93725491
0.93333334
0.93333334
0.93333334
0.93725491
0.94117647
0.93725491
0.93725491
0.93725491
0.93725491
0.93725491
0.93725491
0.93725491
0.94117647
0.93333334
0.93333334
0.93725491
0.93725491
0.93725491
0.94117647
0.93725491
0.93725491
0.94117647
0.93725491
0.93725491
0.93725491
0.93333334
0.95294118
0.94901961
0.92941177
0.93333334
0.93333334
0.93333334
0.92941177
0.93333334
0.93333334
0.93725491
0.93725491
0.93725491
0.93725491
0.93725491
0.93725491
0.93333334
0.93725491
0.93725491
0.94117647
0.93333334
0.93333334
0.93725491
0.93725491
0.93725491
0.94117647
0.93725491
0.93725491
0.93725491
0.93725491
0.93725491
0.93725491
0.93333334
0.95294118
0.94509804
0.92941177
0.92941177
0.93725491
0.93725491
0.92941177
0.93333334
0.93333334
0.93333334
0.93333334
0.93333334
0.93725491
0.93725491
0.93725491
0.93725491
0.93725491
0.93725491
0.94117647
0.93333334
0.93333334
0.93725491
0.93725491
0.93725491
0.94117647
0.93725491
0.93725491
0.93725491
0.93725491
0.93725491
0.93725491
0.93333334
0.94901961
0.94509804
0.93333334
0.93333334
0.93333334
0.93725491
0.93333334
0.93725491
0.93725491
0.93725491
0.93725491
0.93333334
0.93333334
0.93725491
0.94117647
0.94117647
0.93725491
0.93725491
0.93725491
0.93333334
0.93725491
0.93725491
0.93725491
0.93725491
0.93725491
0.94117647
0.94117647
0.94117647
0.93725491
0.93725491
0.93725491
0.92941177
0.94901961
-1 1 0 0 0 0 0 0 0 0 0
-1 0 1 0 0 0 0 0 0 0 0
-1 0 0 1 0 0 0 0 0 0 0
-1 0 0 0 1 0 0 0 0 0 0
-1 0 0 0 0 1 0 0 0 0 0
-1 0 0 0 0 0 1 0 0 0 0
-1 0 0 0 0 0 0 1 0 0 0
-1 0 0 0 0 0 0 0 1 0 0
-1 0 0 0 0 0 0 0 0 1 0
