0.95294118
0.94509804
0.95686275
0.84705883
0.70980394
0.71372551
0.90980393
0.95294118
0.95294118
0.94901961
0.95294118
0.95686275
0.96078432
0.95686275
0.93333334
0.93333334
0.93725491
0.94509804
0.94117647
0.93725491
0.93725491
0.94117647
0.93725491
0.93725491
0.94117647
0.93725491
0.93725491
0.92549020
0.92549020
0.91764706
0.91764706
0.96078432
0.95686275
0.94117647
0.95294118
0.85490197
0.47450981
0.54509807
0.77254903
0.90588236
0.83921570
0.90980393
0.97254902
0.95686275
0.94901961
0.96078432
0.93725491
0.92549020
0.92549020
0.92941177
0.93725491
0.93725491
0.92549020
0.93333334
0.93725491
0.93333334
0.93333334
0.93725491
0.93725491
0.92549020
0.92156863
0.91372550
0.91764706
0.95686275
0.78431374
0.88627452
0.95686275
0.87058824
0.54901963
0.53333336
0.60000002
0.78039217
0.53725493
0.52156866
0.78039217
0.93333334
0.96078432
0.94901961
0.93725491
0.92549020
0.92156863
0.92549020
0.93333334
0.93725491
0.92549020
0.92549020
0.92941177
0.92549020
0.93333334
0.93725491
0.94117647
0.92941177
0.91764706
0.90980393
0.91764706
0.94901961
0.64705884
0.88235295
0.92941177
0.81176472
0.63529414
0.48627451
0.51372552
0.60000002
0.59607846
0.48235294
0.42352942
0.56078434
0.82352942
0.94901961
0.92549020
0.91764706
0.91764706
0.92156863
0.92941177
0.92941177
0.92549020
0.92549020
0.92549020
0.92156863
0.92941177
0.92941177
0.93333334
0.91372550
0.90196079
0.89803922
0.90196079
0.93725491
0.79607844
0.94509804
0.93333334
0.78823531
0.56862748
0.49803922
0.44705883
0.45882353
0.56862748
0.65098041
0.58431375
0.34509805
0.42352942
0.69803923
0.90196079
0.92941177
0.91764706
0.91764706
0.92549020
0.92549020
0.92156863
0.91764706
0.92156863
0.92156863
0.91764706
0.91764706
0.92549020
0.90980393
0.89803922
0.88627452
0.89019608
0.93333334
0.85098040
0.94117647
0.90588236
0.74901962
0.60000002
0.49411765
0.37254903
0.38431373
0.49803922
0.58039218
0.72549021
0.61960787
0.38431373
0.30588236
0.54509807
0.83137256
0.91764706
0.91764706
0.91764706
0.92156863
0.91764706
0.91764706
0.91764706
0.91372550
0.91764706
0.91372550
0.90980393
0.90980393
0.89803922
0.89803922
0.90196079
0.94117647
0.74901962
0.86666667
0.78039217
0.58431375
0.52156866
0.43529412
0.30588236
0.36470589
0.50196081
0.55294120
0.64705884
0.69019610
0.63529414
0.41176471
0.27450982
0.52156866
0.82745099
0.90588236
0.91372550
0.91764706
0.91372550
0.90980393
0.91372550
0.90980393
0.91764706
0.92156863
0.91372550
0.92549020
0.91372550
0.90588236
0.91764706
0.94117647
0.78823531
0.80000001
0.62352943
0.57254905
0.45098040
0.42745098
0.52156866
0.45098040
0.53333336
0.58823532
0.63137257
0.66666669
0.65882355
0.56862748
0.50588238
0.68627453
0.84705883
0.87843138
0.90588236
0.91372550
0.90196079
0.89803922
0.92156863
0.92156863
0.92941177
0.93725491
0.93333334
0.92549020
0.90588236
0.87450981
0.89411765
0.92941177
0.82745099
0.70980394
0.49803922
0.56078434
0.42352942
0.66274512
0.92941177
0.69019610
0.52549022
0.61568630
0.64313728
0.60392159
0.54509807
0.63529414
0.71764708
0.82352942
0.88627452
0.83137256
0.86274511
0.87450981
0.83921570
0.86666667
0.92549020
0.91764706
0.93333334
0.91372550
0.90196079
0.88235295
0.91764706
0.91372550
0.84705883
0.78039217
0.78431374
0.60784316
0.47450981
0.61176473
0.78823531
0.87058824
0.92549020
0.88235295
0.60392159
0.54901963
0.60784316
0.50588238
0.50196081
0.68627453
0.66666669
0.69803923
0.75294119
0.75686276
0.79215688
0.83529413
0.79607844
0.86274511
0.92156863
0.90980393
0.92941177
0.91372550
0.91764706
0.93725491
0.88627452
0.82745099
0.90196079
0.65490198
0.70980394
0.60392159
0.53333336
0.75294119
0.93333334
0.90588236
0.89803922
0.91764706
0.80392158
0.57254905
0.53333336
0.45490196
0.54117650
0.69019610
0.63529414
0.66274512
0.67450982
0.70196080
0.74117649
0.80392158
0.82352942
0.87058824
0.89411765
0.86666667
0.89803922
0.92549020
0.93333334
0.93725491
0.90980393
0.84313726
0.91372550
0.67843139
0.60000002
0.45882353
0.56078434
0.82745099
0.91372550
0.89803922
0.89803922
0.90196079
0.91372550
0.74509805
0.49411765
0.48627451
0.69019610
0.79607844
0.71764708
0.67843139
0.61568630
0.65490198
0.62352943
0.67450982
0.82745099
0.87843138
0.83921570
0.73333335
0.80784315
0.90588236
0.92941177
0.93725491
0.94117647
0.92156863
0.91764706
0.68627453
0.55294120
0.50980395
0.72549021
0.87058824
0.89803922
0.89411765
0.88627452
0.88627452
0.89803922
0.81960785
0.51372552
0.61568630
0.83921570
0.87450981
0.71764708
0.62352943
0.53725493
0.58823532
0.54509807
0.61568630
0.82745099
0.85882354
0.76078433
0.58823532
0.70588237
0.86666667
0.90588236
0.92156863
0.92941177
0.92549020
0.92156863
0.63137257
0.54509807
0.64705884
0.86274511
0.87450981
0.89019608
0.89411765
0.88627452
0.87450981
0.87843138
0.83137256
0.58039218
0.76470590
0.90980393
0.89019608
0.66274512
0.56862748
0.51372552
0.51372552
0.50980395
0.61568630
0.79215688
0.84705883
0.65882355
0.51372552
0.53725493
0.74117649
0.89411765
0.91372550
0.92549020
0.88235295
0.86274511
0.52156866
0.54117650
0.67843139
0.84705883
0.87058824
0.89019608
0.89411765
0.88235295
0.86666667
0.85490197
0.83137256
0.66666669
0.79215688
0.86274511
0.87058824
0.61568630
0.57647061
0.56078434
0.50196081
0.55686277
0.68627453
0.76862746
0.82352942
0.57647061
0.41960785
0.38823530
0.54117650
0.79607844
0.89019608
0.89803922
0.81176472
0.70588237
0.36862746
0.55294120
0.72941178
0.83921570
0.84705883
0.85882354
0.85490197
0.85098040
0.83137256
0.82745099
0.81960785
0.68627453
0.66666669
0.79215688
0.72156864
0.49019608
0.54901963
0.59607846
0.63529414
0.73725492
0.80392158
0.83921570
0.80000001
0.56862748
0.37647060
0.34117648
0.39215687
0.58431375
0.80392158
0.81568629
0.74117649
0.46666667
0.26274511
0.41176471
0.63137257
0.81176472
0.82745099
0.83137256
0.81960785
0.82352942
0.81960785
0.80000001
0.79607844
0.70588237
0.56470591
0.60392159
0.49411765
0.42352942
0.60000002
0.59607846
0.71764708
0.83137256
0.81960785
0.81176472
0.77647060
0.56470591
0.46666667
0.54117650
0.45098040
0.41960785
0.56862748
0.58039218
0.49803922
0.30588236
0.20392157
0.40784314
0.61568630
0.79607844
0.81568629
0.81568629
0.80000001
0.80392158
0.81176472
0.79607844
0.78431374
0.77254903
0.63921571
0.52941179
0.40000001
0.42352942
0.62352943
0.56078434
0.56470591
0.70196080
0.69019610
0.66666669
0.60392159
0.60784316
0.73725492
0.78431374
0.74509805
0.48627451
0.32941177
0.32549021
0.32156864
0.20000000
0.20784314
0.50588238
0.69411767
0.81960785
0.81960785
0.83137256
0.81176472
0.80392158
0.80000001
0.80392158
0.78823531
0.78823531
0.74901962
0.57647061
0.47843137
0.31372550
0.42352942
0.56078434
0.50196081
0.59607846
0.66666669
0.70196080
0.72156864
0.76470590
0.80000001
0.80392158
0.81568629
0.67450982
0.42745098
0.44313726
0.38823530
0.18039216
0.22352941
0.50980395
0.73333335
0.84313726
0.83529413
0.85882354
0.82745099
0.81960785
0.81960785
0.81960785
0.80784315
0.80000001
0.77254903
0.56470591
0.42352942
0.26274511
0.47450981
0.74117649
0.72549021
0.73725492
0.76470590
0.78039217
0.78431374
0.78823531
0.79607844
0.81960785
0.81960785
0.75294119
0.51764709
0.53725493
0.44313726
0.18431373
0.25882354
0.52156866
0.73333335
0.80392158
0.79607844
0.81960785
0.80784315
0.81176472
0.81568629
0.81176472
0.80392158
0.80392158
0.80392158
0.63529414
0.40000001
0.29019609
0.55294120
0.77254903
0.76470590
0.76470590
0.76078433
0.78431374
0.79607844
0.78823531
0.78823531
0.79215688
0.78431374
0.76078433
0.50588238
0.47450981
0.43137255
0.16862746
0.29411766
0.56078434
0.76470590
0.82352942
0.82745099
0.81960785
0.80000001
0.81176472
0.81960785
0.80392158
0.78823531
0.80000001
0.81568629
0.69803923
0.46274510
0.31764707
0.58039218
0.77647060
0.76862746
0.78039217
0.78039217
0.77254903
0.77647060
0.76078433
0.75294119
0.72941178
0.71764708
0.73725492
0.56078434
0.38039216
0.35686275
0.16862746
0.38431373
0.57647061
0.77254903
0.82352942
0.82745099
0.82352942
0.80784315
0.80784315
0.80784315
0.79215688
0.78431374
0.79607844
0.80392158
0.73725492
0.47058824
0.32549021
0.58431375
0.76078433
0.74117649
0.75686276
0.75686276
0.72941178
0.72549021
0.71764708
0.71764708
0.70588237
0.69411767
0.72156864
0.67843139
0.38431373
0.29019609
0.21568628
0.52156866
0.57647061
0.78039217
0.81176472
0.80784315
0.81176472
0.80000001
0.79607844
0.80784315
0.80784315
0.78823531
0.78431374
0.80000001
0.74509805
0.43921569
0.28627452
0.59215689
0.75294119
0.73725492
0.75686276
0.75686276
0.73333335
0.73333335
0.73333335
0.73333335
0.71372551
0.69411767
0.72156864
0.75686276
0.47843137
0.23529412
0.23921569
0.63921571
0.58823532
0.75686276
0.78431374
0.78431374
0.80392158
0.79607844
0.78431374
0.78823531
0.80000001
0.78039217
0.78431374
0.78431374
0.74117649
0.42352942
0.28627452
0.63529414
0.74901962
0.73333335
0.72941178
0.74117649
0.73725492
0.74117649
0.74509805
0.74117649
0.73333335
0.72156864
0.73725492
0.75686276
0.52156866
0.22745098
0.30980393
0.70980394
0.60392159
0.77254903
0.80000001
0.78823531
0.81176472
0.81568629
0.80784315
0.80392158
0.79607844
0.78039217
0.78431374
0.76470590
0.76470590
0.48627451
0.32941177
0.66666669
0.72941178
0.72156864
0.72156864
0.72549021
0.74117649
0.74509805
0.74117649
0.72549021
0.72549021
0.73725492
0.74117649
0.74509805
0.70980394
0.36470589
0.38039216
0.76078433
0.60392159
0.79607844
0.82745099
0.79607844
0.80392158
0.80784315
0.80784315
0.80000001
0.78431374
0.77254903
0.76470590
0.74901962
0.75294119
0.56862748
0.39215687
0.67450982
0.74509805
0.74901962
0.74509805
0.75294119
0.76078433
0.77647060
0.75686276
0.73725492
0.72941178
0.72941178
0.73333335
0.72156864
0.83529413
0.60000002
0.46274510
0.79215688
0.58823532
0.75686276
0.77647060
0.75294119
0.75294119
0.75294119
0.74901962
0.74901962
0.74901962
0.74509805
0.74509805
0.74901962
0.75686276
0.60000002
0.43921569
0.66274512
0.73725492
0.74117649
0.75294119
0.74901962
0.74901962
0.74901962
0.74117649
0.72941178
0.72156864
0.73333335
0.74117649
0.72549021
0.84313726
0.83529413
0.70588237
0.76862746
0.64313728
0.71764708
0.74117649
0.75294119
0.74117649
0.73725492
0.73333335
0.73725492
0.73725492
0.72156864
0.71764708
0.72549021
0.73333335
0.58823532
0.42352942
0.63529414
0.69803923
0.68235296
0.69411767
0.69411767
0.69411767
0.69019610
0.68627453
0.67843139
0.68627453
0.71764708
0.72549021
0.72549021
0.85490197
0.90588236
0.81960785
0.73725492
0.68627453
0.74117649
0.78431374
0.81176472
0.80000001
0.78039217
0.76470590
0.76078433
0.73725492
0.71764708
0.71764708
0.71372551
0.70980394
0.52156866
0.40392157
0.67058825
0.67058825
0.65490198
0.67058825
0.67843139
0.68235296
0.66666669
0.64705884
0.61960787
0.63137257
0.66274512
0.68235296
0.70588237
0.86274511
0.89411765
0.79215688
0.71372551
0.75686276
0.78823531
0.81960785
0.83921570
0.80000001
0.77647060
0.81960785
0.81568629
0.78823531
0.76862746
0.79215688
0.77647060
0.74901962
0.56862748
0.49411765
0.67450982
0.64313728
0.61176473
0.65490198
0.69019610
0.70196080
0.70196080
0.68627453
0.67058825
0.65098041
0.67450982
0.69019610
0.72549021
0.86274511
0.84313726
0.72156864
0.68235296
0.82352942
0.79607844
0.80392158
0.80784315
0.80000001
0.79215688
0.80392158
0.79607844
0.79215688
0.78431374
0.79607844
0.78823531
0.76862746
0.61568630
0.52549022
0.65098041
0.68235296
0.69411767
0.70196080
0.72549021
0.73333335
0.73333335
0.72941178
0.71764708
0.69411767
0.70196080
0.70588237
0.78431374
0.85098040
0.81176472
0.74901962
0.72549021
0.95294118
0.94509804
0.95686275
0.84705883
0.70980394
0.71372551
0.90980393
0.95294118
0.95294118
0.94901961
0.95294118
0.95686275
0.96078432
0.95686275
0.93333334
0.93333334
0.93725491
0.94509804
0.94117647
0.93725491
0.93725491
0.94117647
0.93725491
0.93725491
0.94117647
0.93725491
0.93725491
0.92549020
0.92549020
0.91764706
0.91764706
0.96078432
0.95686275
0.94117647
0.95294118
0.85490197
0.47450981
0.54509807
0.77254903
0.90588236
0.83921570
0.90980393
0.97254902
0.95686275
0.94901961
0.96078432
0.93725491
0.92549020
0.92549020
0.92941177
0.93725491
0.93725491
0.92549020
0.93333334
0.93725491
0.93333334
0.93333334
0.93725491
0.93725491
0.92549020
0.92156863
0.91372550
0.91764706
0.95686275
0.78431374
0.88627452
0.95686275
0.87058824
0.54901963
0.53333336
0.60000002
0.78039217
0.53725493
0.52156866
0.78039217
0.93333334
0.96078432
0.94901961
0.93725491
0.92549020
0.92156863
0.92549020
0.93333334
0.93725491
0.92549020
0.92549020
0.92941177
0.92549020
0.93333334
0.93725491
0.94117647
0.92941177
0.91764706
0.90980393
0.91764706
0.94901961
0.64705884
0.88235295
0.92941177
0.81176472
0.63529414
0.48627451
0.51372552
0.60000002
0.59607846
0.48235294
0.42352942
0.56078434
0.82352942
0.94901961
0.92549020
0.91764706
0.91764706
0.92156863
0.92941177
0.92941177
0.92549020
0.92549020
0.92549020
0.92156863
0.92941177
0.92941177
0.93333334
0.91372550
0.90196079
0.89803922
0.90196079
0.93725491
0.79607844
0.94509804
0.93333334
0.78823531
0.56862748
0.49803922
0.44705883
0.45882353
0.56862748
0.65098041
0.58431375
0.34509805
0.42352942
0.69803923
0.90196079
0.92941177
0.91764706
0.91764706
0.92549020
0.92549020
0.92156863
0.91764706
0.92156863
0.92156863
0.91764706
0.91764706
0.92549020
0.90980393
0.89803922
0.88627452
0.89019608
0.93333334
0.85098040
0.94117647
0.90588236
0.74901962
0.60000002
0.49411765
0.37254903
0.38431373
0.49803922
0.58039218
0.72549021
0.61960787
0.38431373
0.30588236
0.54509807
0.83137256
0.91764706
0.91764706
0.91764706
0.92156863
0.91764706
0.91764706
0.91764706
0.91372550
0.91764706
0.91372550
0.90980393
0.90980393
0.89803922
0.89803922
0.90196079
0.94117647
0.74901962
0.86666667
0.78039217
0.58431375
0.52156866
0.43529412
0.30588236
0.36470589
0.50196081
0.55294120
0.64705884
0.69019610
0.63529414
0.41176471
0.27450982
0.52156866
0.82745099
0.90588236
0.91372550
0.91764706
0.91372550
0.90980393
0.91372550
0.90980393
0.91764706
0.92156863
0.91372550
0.92549020
0.91372550
0.90588236
0.91764706
0.94117647
0.78823531
0.80000001
0.62352943
0.57254905
0.45098040
0.42745098
0.52156866
0.45098040
0.53333336
0.58823532
0.63137257
0.66666669
0.65882355
0.56862748
0.50588238
0.68627453
0.84705883
0.87843138
0.90588236
0.91372550
0.90196079
0.89803922
0.92156863
0.92156863
0.92941177
0.93725491
0.93333334
0.92549020
0.90588236
0.87450981
0.89411765
0.92941177
0.82745099
0.70980394
0.49803922
0.56078434
0.42352942
0.66274512
0.92941177
0.69019610
0.52549022
0.61568630
0.64313728
0.60392159
0.54509807
0.63529414
0.71764708
0.82352942
0.88627452
0.83137256
0.86274511
0.87450981
0.83921570
0.86666667
0.92549020
0.91764706
0.93333334
0.91372550
0.90196079
0.88235295
0.91764706
0.91372550
0.84705883
0.78039217
0.78431374
0.60784316
0.47450981
0.61176473
0.78823531
0.87058824
0.92549020
0.88235295
0.60392159
0.54901963
0.60784316
0.50588238
0.50196081
0.68627453
0.66666669
0.69803923
0.75294119
0.75686276
0.79215688
0.83529413
0.79607844
0.86274511
0.92156863
0.90980393
0.92941177
0.91372550
0.91764706
0.93725491
0.88627452
0.82745099
0.90196079
0.65490198
0.70980394
0.60392159
0.53333336
0.75294119
0.93333334
0.90588236
0.89803922
0.91764706
0.80392158
0.57254905
0.53333336
0.45490196
0.54117650
0.69019610
0.63529414
0.66274512
0.67450982
0.70196080
0.74117649
0.80392158
0.82352942
0.87058824
0.89411765
0.86666667
0.89803922
0.92549020
0.93333334
0.93725491
0.90980393
0.84313726
0.91372550
0.67843139
0.60000002
0.45882353
0.56078434
0.82745099
0.91372550
0.89803922
0.89803922
0.90196079
0.91372550
0.74509805
0.49411765
0.48627451
0.69019610
0.79607844
0.71764708
0.67843139
0.61568630
0.65490198
0.62352943
0.67450982
0.82745099
0.87843138
0.83921570
0.73333335
0.80784315
0.90588236
0.92941177
0.93725491
0.94117647
0.92156863
0.91764706
0.68627453
0.55294120
0.50980395
0.72549021
0.87058824
0.89803922
0.89411765
0.88627452
0.88627452
0.89803922
0.81960785
0.51372552
0.61568630
0.83921570
0.87450981
0.71764708
0.62352943
0.53725493
0.58823532
0.54509807
0.61568630
0.82745099
0.85882354
0.76078433
0.58823532
0.70588237
0.86666667
0.90588236
0.92156863
0.92941177
0.92549020
0.92156863
0.63137257
0.54509807
0.64705884
0.86274511
0.87450981
0.89019608
0.89411765
0.88627452
0.87450981
0.87843138
0.83137256
0.58039218
0.76470590
0.90980393
0.89019608
0.66274512
0.56862748
0.51372552
0.51372552
0.50980395
0.61568630
0.79215688
0.84705883
0.65882355
0.51372552
0.53725493
0.74117649
0.89411765
0.91372550
0.92549020
0.88235295
0.86274511
0.52156866
0.54117650
0.67843139
0.84705883
0.87058824
0.89019608
0.89411765
0.88235295
0.86666667
0.85490197
0.83137256
0.66666669
0.79215688
0.86274511
0.87058824
0.61568630
0.57647061
0.56078434
0.50196081
0.55686277
0.68627453
0.76862746
0.82352942
0.57647061
0.41960785
0.38823530
0.54117650
0.79607844
0.89019608
0.89803922
0.81176472
0.70588237
0.36862746
0.55294120
0.72941178
0.83921570
0.84705883
0.85882354
0.85490197
0.85098040
0.83137256
0.82745099
0.81960785
0.68627453
0.66666669
0.79215688
0.72156864
0.49019608
0.54901963
0.59607846
0.63529414
0.73725492
0.80392158
0.83921570
0.80000001
0.56862748
0.37647060
0.34117648
0.39215687
0.58431375
0.80392158
0.81568629
0.74117649
0.46666667
0.26274511
0.41176471
0.63137257
0.81176472
0.82745099
0.83137256
0.81960785
0.82352942
0.81960785
0.80000001
0.79607844
0.70588237
0.56470591
0.60392159
0.49411765
0.42352942
0.60000002
0.59607846
0.71764708
0.83137256
0.81960785
0.81176472
0.77647060
0.56470591
0.46666667
0.54117650
0.45098040
0.41960785
0.56862748
0.58039218
0.49803922
0.30588236
0.20392157
0.40784314
0.61568630
0.79607844
0.81568629
0.81568629
0.80000001
0.80392158
0.81176472
0.79607844
0.78431374
0.77254903
0.63921571
0.52941179
0.40000001
0.42352942
0.62352943
0.56078434
0.56470591
0.70196080
0.69019610
0.66666669
0.60392159
0.60784316
0.73725492
0.78431374
0.74509805
0.48627451
0.32941177
0.32549021
0.32156864
0.20000000
0.20784314
0.50588238
0.69411767
0.81960785
0.81960785
0.83137256
0.81176472
0.80392158
0.80000001
0.80392158
0.78823531
0.78823531
0.74901962
0.57647061
0.47843137
0.31372550
0.42352942
0.56078434
0.50196081
0.59607846
0.66666669
0.70196080
0.72156864
0.76470590
0.80000001
0.80392158
0.81568629
0.67450982
0.42745098
0.44313726
0.38823530
0.18039216
0.22352941
0.50980395
0.73333335
0.84313726
0.83529413
0.85882354
0.82745099
0.81960785
0.81960785
0.81960785
0.80784315
0.80000001
0.77254903
0.56470591
0.42352942
0.26274511
0.47450981
0.74117649
0.72549021
0.73725492
0.76470590
0.78039217
0.78431374
0.78823531
0.79607844
0.81960785
0.81960785
0.75294119
0.51764709
0.53725493
0.44313726
0.18431373
0.25882354
0.52156866
0.73333335
0.80392158
0.79607844
0.81960785
0.80784315
0.81176472
0.81568629
0.81176472
0.80392158
0.80392158
0.80392158
0.63529414
0.40000001
0.29019609
0.55294120
0.77254903
0.76470590
0.76470590
0.76078433
0.78431374
0.79607844
0.78823531
0.78823531
0.79215688
0.78431374
0.76078433
0.50588238
0.47450981
0.43137255
0.16862746
0.29411766
0.56078434
0.76470590
0.82352942
0.82745099
0.81960785
0.80000001
0.81176472
0.81960785
0.80392158
0.78823531
0.80000001
0.81568629
0.69803923
0.46274510
0.31764707
0.58039218
0.77647060
0.76862746
0.78039217
0.78039217
0.77254903
0.77647060
0.76078433
0.75294119
0.72941178
0.71764708
0.73725492
0.56078434
0.38039216
0.35686275
0.16862746
0.38431373
0.57647061
0.77254903
0.82352942
0.82745099
0.82352942
0.80784315
0.80784315
0.80784315
0.79215688
0.78431374
0.79607844
0.80392158
0.73725492
0.47058824
0.32549021
0.58431375
0.76078433
0.74117649
0.75686276
0.75686276
0.72941178
0.72549021
0.71764708
0.71764708
0.70588237
0.69411767
0.72156864
0.67843139
0.38431373
0.29019609
0.21568628
0.52156866
0.57647061
0.78039217
0.81176472
0.80784315
0.81176472
0.80000001
0.79607844
0.80784315
0.80784315
0.78823531
0.78431374
0.80000001
0.74509805
0.43921569
0.28627452
0.59215689
0.75294119
0.73725492
0.75686276
0.75686276
0.73333335
0.73333335
0.73333335
0.73333335
0.71372551
0.69411767
0.72156864
0.75686276
0.47843137
0.23529412
0.23921569
0.63921571
0.58823532
0.75686276
0.78431374
0.78431374
0.80392158
0.79607844
0.78431374
0.78823531
0.80000001
0.78039217
0.78431374
0.78431374
0.74117649
0.42352942
0.28627452
0.63529414
0.74901962
0.73333335
0.72941178
0.74117649
0.73725492
0.74117649
0.74509805
0.74117649
0.73333335
0.72156864
0.73725492
0.75686276
0.52156866
0.22745098
0.30980393
0.70980394
0.60392159
0.77254903
0.80000001
0.78823531
0.81176472
0.81568629
0.80784315
0.80392158
0.79607844
0.78039217
0.78431374
0.76470590
0.76470590
0.48627451
0.32941177
0.66666669
0.72941178
0.72156864
0.72156864
0.72549021
0.74117649
0.74509805
0.74117649
0.72549021
0.72549021
0.73725492
0.74117649
0.74509805
0.70980394
0.36470589
0.38039216
0.76078433
0.60392159
0.79607844
0.82745099
0.79607844
0.80392158
0.80784315
0.80784315
0.80000001
0.78431374
0.77254903
0.76470590
0.74901962
0.75294119
0.56862748
0.39215687
0.67450982
0.74509805
0.74901962
0.74509805
0.75294119
0.76078433
0.77647060
0.75686276
0.73725492
0.72941178
0.72941178
0.73333335
0.72156864
0.83529413
0.60000002
0.46274510
0.79215688
0.58823532
0.75686276
0.77647060
0.75294119
0.75294119
0.75294119
0.74901962
0.74901962
0.74901962
0.74509805
0.74509805
0.74901962
0.75686276
0.60000002
0.43921569
0.66274512
0.73725492
0.74117649
0.75294119
0.74901962
0.74901962
0.74901962
0.74117649
0.72941178
0.72156864
0.73333335
0.74117649
0.72549021
0.84313726
0.83529413
0.70588237
0.76862746
0.64313728
0.71764708
0.74117649
0.75294119
0.74117649
0.73725492
0.73333335
0.73725492
0.73725492
0.72156864
0.71764708
0.72549021
0.73333335
0.58823532
0.42352942
0.63529414
0.69803923
0.68235296
0.69411767
0.69411767
0.69411767
0.69019610
0.68627453
0.67843139
0.68627453
0.71764708
0.72549021
0.72549021
0.85490197
0.90588236
0.81960785
0.73725492
0.68627453
0.74117649
0.78431374
0.81176472
0.80000001
0.78039217
0.76470590
0.76078433
0.73725492
0.71764708
0.71764708
0.71372551
0.70980394
0.52156866
0.40392157
0.67058825
0.67058825
0.65490198
0.67058825
0.67843139
0.68235296
0.66666669
0.64705884
0.61960787
0.63137257
0.66274512
0.68235296
0.70588237
0.86274511
0.89411765
0.79215688
0.71372551
0.75686276
0.78823531
0.81960785
0.83921570
0.80000001
0.77647060
0.81960785
0.81568629
0.78823531
0.76862746
0.79215688
0.77647060
0.74901962
0.56862748
0.49411765
0.67450982
0.64313728
0.61176473
0.65490198
0.69019610
0.70196080
0.70196080
0.68627453
0.67058825
0.65098041
0.67450982
0.69019610
0.72549021
0.86274511
0.84313726
0.72156864
0.68235296
0.82352942
0.79607844
0.80392158
0.80784315
0.80000001
0.79215688
0.80392158
0.79607844
0.79215688
0.78431374
0.79607844
0.78823531
0.76862746
0.61568630
0.52549022
0.65098041
0.68235296
0.69411767
0.70196080
0.72549021
0.73333335
0.73333335
0.72941178
0.71764708
0.69411767
0.70196080
0.70588237
0.78431374
0.85098040
0.81176472
0.74901962
0.72549021
0.95294118
0.94509804
0.95686275
0.84705883
0.70980394
0.71372551
0.90980393
0.95294118
0.95294118
0.94901961
0.95294118
0.95686275
0.96078432
0.95686275
0.93333334
0.93333334
0.93725491
0.94509804
0.94117647
0.93725491
0.93725491
0.94117647
0.93725491
0.93725491
0.94117647
0.93725491
0.93725491
0.92549020
0.92549020
0.91764706
0.91764706
0.96078432
0.95686275
0.94117647
0.95294118
0.85490197
0.47450981
0.54509807
0.77254903
0.90588236
0.83921570
0.90980393
0.97254902
0.95686275
0.94901961
0.96078432
0.93725491
0.92549020
0.92549020
0.92941177
0.93725491
0.93725491
0.92549020
0.93333334
0.93725491
0.93333334
0.93333334
0.93725491
0.93725491
0.92549020
0.92156863
0.91372550
0.91764706
0.95686275
0.78431374
0.88627452
0.95686275
0.87058824
0.54901963
0.53333336
0.60000002
0.78039217
0.53725493
0.52156866
0.78039217
0.93333334
0.96078432
0.94901961
0.93725491
0.92549020
0.92156863
0.92549020
0.93333334
0.93725491
0.92549020
0.92549020
0.92941177
0.92549020
0.93333334
0.93725491
0.94117647
0.92941177
0.91764706
0.90980393
0.91764706
0.94901961
0.64705884
0.88235295
0.92941177
0.81176472
0.63529414
0.48627451
0.51372552
0.60000002
0.59607846
0.48235294
0.42352942
0.56078434
0.82352942
0.94901961
0.92549020
0.91764706
0.91764706
0.92156863
0.92941177
0.92941177
0.92549020
0.92549020
0.92549020
0.92156863
0.92941177
0.92941177
0.93333334
0.91372550
0.90196079
0.89803922
0.90196079
0.93725491
0.79607844
0.94509804
0.93333334
0.78823531
0.56862748
0.49803922
0.44705883
0.45882353
0.56862748
0.65098041
0.58431375
0.34509805
0.42352942
0.69803923
0.90196079
0.92941177
0.91764706
0.91764706
0.92549020
0.92549020
0.92156863
0.91764706
0.92156863
0.92156863
0.91764706
0.91764706
0.92549020
0.90980393
0.89803922
0.88627452
0.89019608
0.93333334
0.85098040
0.94117647
0.90588236
0.74901962
0.60000002
0.49411765
0.37254903
0.38431373
0.49803922
0.58039218
0.72549021
0.61960787
0.38431373
0.30588236
0.54509807
0.83137256
0.91764706
0.91764706
0.91764706
0.92156863
0.91764706
0.91764706
0.91764706
0.91372550
0.91764706
0.91372550
0.90980393
0.90980393
0.89803922
0.89803922
0.90196079
0.94117647
0.74901962
0.86666667
0.78039217
0.58431375
0.52156866
0.43529412
0.30588236
0.36470589
0.50196081
0.55294120
0.64705884
0.69019610
0.63529414
0.41176471
0.27450982
0.52156866
0.82745099
0.90588236
0.91372550
0.91764706
0.91372550
0.90980393
0.91372550
0.90980393
0.91764706
0.92156863
0.91372550
0.92549020
0.91372550
0.90588236
0.91764706
0.94117647
0.78823531
0.80000001
0.62352943
0.57254905
0.45098040
0.42745098
0.52156866
0.45098040
0.53333336
0.58823532
0.63137257
0.66666669
0.65882355
0.56862748
0.50588238
0.68627453
0.84705883
0.87843138
0.90588236
0.91372550
0.90196079
0.89803922
0.92156863
0.92156863
0.92941177
0.93725491
0.93333334
0.92549020
0.90588236
0.87450981
0.89411765
0.92941177
0.82745099
0.70980394
0.49803922
0.56078434
0.42352942
0.66274512
0.92941177
0.69019610
0.52549022
0.61568630
0.64313728
0.60392159
0.54509807
0.63529414
0.71764708
0.82352942
0.88627452
0.83137256
0.86274511
0.87450981
0.83921570
0.86666667
0.92549020
0.91764706
0.93333334
0.91372550
0.90196079
0.88235295
0.91764706
0.91372550
0.84705883
0.78039217
0.78431374
0.60784316
0.47450981
0.61176473
0.78823531
0.87058824
0.92549020
0.88235295
0.60392159
0.54901963
0.60784316
0.50588238
0.50196081
0.68627453
0.66666669
0.69803923
0.75294119
0.75686276
0.79215688
0.83529413
0.79607844
0.86274511
0.92156863
0.90980393
0.92941177
0.91372550
0.91764706
0.93725491
0.88627452
0.82745099
0.90196079
0.65490198
0.70980394
0.60392159
0.53333336
0.75294119
0.93333334
0.90588236
0.89803922
0.91764706
0.80392158
0.57254905
0.53333336
0.45490196
0.54117650
0.69019610
0.63529414
0.66274512
0.67450982
0.70196080
0.74117649
0.80392158
0.82352942
0.87058824
0.89411765
0.86666667
0.89803922
0.92549020
0.93333334
0.93725491
0.90980393
0.84313726
0.91372550
0.67843139
0.60000002
0.45882353
0.56078434
0.82745099
0.91372550
0.89803922
0.89803922
0.90196079
0.91372550
0.74509805
0.49411765
0.48627451
0.69019610
0.79607844
0.71764708
0.67843139
0.61568630
0.65490198
0.62352943
0.67450982
0.82745099
0.87843138
0.83921570
0.73333335
0.80784315
0.90588236
0.92941177
0.93725491
0.94117647
0.92156863
0.91764706
0.68627453
0.55294120
0.50980395
0.72549021
0.87058824
0.89803922
0.89411765
0.88627452
0.88627452
0.89803922
0.81960785
0.51372552
0.61568630
0.83921570
0.87450981
0.71764708
0.62352943
0.53725493
0.58823532
0.54509807
0.61568630
0.82745099
0.85882354
0.76078433
0.58823532
0.70588237
0.86666667
0.90588236
0.92156863
0.92941177
0.92549020
0.92156863
0.63137257
0.54509807
0.64705884
0.86274511
0.87450981
0.89019608
0.89411765
0.88627452
0.87450981
0.87843138
0.83137256
0.58039218
0.76470590
0.90980393
0.89019608
0.66274512
0.56862748
0.51372552
0.51372552
0.50980395
0.61568630
0.79215688
0.84705883
0.65882355
0.51372552
0.53725493
0.74117649
0.89411765
0.91372550
0.92549020
0.88235295
0.86274511
0.52156866
0.54117650
0.67843139
0.84705883
0.87058824
0.89019608
0.89411765
0.88235295
0.86666667
0.85490197
0.83137256
0.66666669
0.79215688
0.86274511
0.87058824
0.61568630
0.57647061
0.56078434
0.50196081
0.55686277
0.68627453
0.76862746
0.82352942
0.57647061
0.41960785
0.38823530
0.54117650
0.79607844
0.89019608
0.89803922
0.81176472
0.70588237
0.36862746
0.55294120
0.72941178
0.83921570
0.84705883
0.85882354
0.85490197
0.85098040
0.83137256
0.82745099
0.81960785
0.68627453
0.66666669
0.79215688
0.72156864
0.49019608
0.54901963
0.59607846
0.63529414
0.73725492
0.80392158
0.83921570
0.80000001
0.56862748
0.37647060
0.34117648
0.39215687
0.58431375
0.80392158
0.81568629
0.74117649
0.46666667
0.26274511
0.41176471
0.63137257
0.81176472
0.82745099
0.83137256
0.81960785
0.82352942
0.81960785
0.80000001
0.79607844
0.70588237
0.56470591
0.60392159
0.49411765
0.42352942
0.60000002
0.59607846
0.71764708
0.83137256
0.81960785
0.81176472
0.77647060
0.56470591
0.46666667
0.54117650
0.45098040
0.41960785
0.56862748
0.58039218
0.49803922
0.30588236
0.20392157
0.40784314
0.61568630
0.79607844
0.81568629
0.81568629
0.80000001
0.80392158
0.81176472
0.79607844
0.78431374
0.77254903
0.63921571
0.52941179
0.40000001
0.42352942
0.62352943
0.56078434
0.56470591
0.70196080
0.69019610
0.66666669
0.60392159
0.60784316
0.73725492
0.78431374
0.74509805
0.48627451
0.32941177
0.32549021
0.32156864
0.20000000
0.20784314
0.50588238
0.69411767
0.81960785
0.81960785
0.83137256
0.81176472
0.80392158
0.80000001
0.80392158
0.78823531
0.78823531
0.74901962
0.57647061
0.47843137
0.31372550
0.42352942
0.56078434
0.50196081
0.59607846
0.66666669
0.70196080
0.72156864
0.76470590
0.80000001
0.80392158
0.81568629
0.67450982
0.42745098
0.44313726
0.38823530
0.18039216
0.22352941
0.50980395
0.73333335
0.84313726
0.83529413
0.85882354
0.82745099
0.81960785
0.81960785
0.81960785
0.80784315
0.80000001
0.77254903
0.56470591
0.42352942
0.26274511
0.47450981
0.74117649
0.72549021
0.73725492
0.76470590
0.78039217
0.78431374
0.78823531
0.79607844
0.81960785
0.81960785
0.75294119
0.51764709
0.53725493
0.44313726
0.18431373
0.25882354
0.52156866
0.73333335
0.80392158
0.79607844
0.81960785
0.80784315
0.81176472
0.81568629
0.81176472
0.80392158
0.80392158
0.80392158
0.63529414
0.40000001
0.29019609
0.55294120
0.77254903
0.76470590
0.76470590
0.76078433
0.78431374
0.79607844
0.78823531
0.78823531
0.79215688
0.78431374
0.76078433
0.50588238
0.47450981
0.43137255
0.16862746
0.29411766
0.56078434
0.76470590
0.82352942
0.82745099
0.81960785
0.80000001
0.81176472
0.81960785
0.80392158
0.78823531
0.80000001
0.81568629
0.69803923
0.46274510
0.31764707
0.58039218
0.77647060
0.76862746
0.78039217
0.78039217
0.77254903
0.77647060
0.76078433
0.75294119
0.72941178
0.71764708
0.73725492
0.56078434
0.38039216
0.35686275
0.16862746
0.38431373
0.57647061
0.77254903
0.82352942
0.82745099
0.82352942
0.80784315
0.80784315
0.80784315
0.79215688
0.78431374
0.79607844
0.80392158
0.73725492
0.47058824
0.32549021
0.58431375
0.76078433
0.74117649
0.75686276
0.75686276
0.72941178
0.72549021
0.71764708
0.71764708
0.70588237
0.69411767
0.72156864
0.67843139
0.38431373
0.29019609
0.21568628
0.52156866
0.57647061
0.78039217
0.81176472
0.80784315
0.81176472
0.80000001
0.79607844
0.80784315
0.80784315
0.78823531
0.78431374
0.80000001
0.74509805
0.43921569
0.28627452
0.59215689
0.75294119
0.73725492
0.75686276
0.75686276
0.73333335
0.73333335
0.73333335
0.73333335
0.71372551
0.69411767
0.72156864
0.75686276
0.47843137
0.23529412
0.23921569
0.63921571
0.58823532
0.75686276
0.78431374
0.78431374
0.80392158
0.79607844
0.78431374
0.78823531
0.80000001
0.78039217
0.78431374
0.78431374
0.74117649
0.42352942
0.28627452
0.63529414
0.74901962
0.73333335
0.72941178
0.74117649
0.73725492
0.74117649
0.74509805
0.74117649
0.73333335
0.72156864
0.73725492
0.75686276
0.52156866
0.22745098
0.30980393
0.70980394
0.60392159
0.77254903
0.80000001
0.78823531
0.81176472
0.81568629
0.80784315
0.80392158
0.79607844
0.78039217
0.78431374
0.76470590
0.76470590
0.48627451
0.32941177
0.66666669
0.72941178
0.72156864
0.72156864
0.72549021
0.74117649
0.74509805
0.74117649
0.72549021
0.72549021
0.73725492
0.74117649
0.74509805
0.70980394
0.36470589
0.38039216
0.76078433
0.60392159
0.79607844
0.82745099
0.79607844
0.80392158
0.80784315
0.80784315
0.80000001
0.78431374
0.77254903
0.76470590
0.74901962
0.75294119
0.56862748
0.39215687
0.67450982
0.74509805
0.74901962
0.74509805
0.75294119
0.76078433
0.77647060
0.75686276
0.73725492
0.72941178
0.72941178
0.73333335
0.72156864
0.83529413
0.60000002
0.46274510
0.79215688
0.58823532
0.75686276
0.77647060
0.75294119
0.75294119
0.75294119
0.74901962
0.74901962
0.74901962
0.74509805
0.74509805
0.74901962
0.75686276
0.60000002
0.43921569
0.66274512
0.73725492
0.74117649
0.75294119
0.74901962
0.74901962
0.74901962
0.74117649
0.72941178
0.72156864
0.73333335
0.74117649
0.72549021
0.84313726
0.83529413
0.70588237
0.76862746
0.64313728
0.71764708
0.74117649
0.75294119
0.74117649
0.73725492
0.73333335
0.73725492
0.73725492
0.72156864
0.71764708
0.72549021
0.73333335
0.58823532
0.42352942
0.63529414
0.69803923
0.68235296
0.69411767
0.69411767
0.69411767
0.69019610
0.68627453
0.67843139
0.68627453
0.71764708
0.72549021
0.72549021
0.85490197
0.90588236
0.81960785
0.73725492
0.68627453
0.74117649
0.78431374
0.81176472
0.80000001
0.78039217
0.76470590
0.76078433
0.73725492
0.71764708
0.71764708
0.71372551
0.70980394
0.52156866
0.40392157
0.67058825
0.67058825
0.65490198
0.67058825
0.67843139
0.68235296
0.66666669
0.64705884
0.61960787
0.63137257
0.66274512
0.68235296
0.70588237
0.86274511
0.89411765
0.79215688
0.71372551
0.75686276
0.78823531
0.81960785
0.83921570
0.80000001
0.77647060
0.81960785
0.81568629
0.78823531
0.76862746
0.79215688
0.77647060
0.74901962
0.56862748
0.49411765
0.67450982
0.64313728
0.61176473
0.65490198
0.69019610
0.70196080
0.70196080
0.68627453
0.67058825
0.65098041
0.67450982
0.69019610
0.72549021
0.86274511
0.84313726
0.72156864
0.68235296
0.82352942
0.79607844
0.80392158
0.80784315
0.80000001
0.79215688
0.80392158
0.79607844
0.79215688
0.78431374
0.79607844
0.78823531
0.76862746
0.61568630
0.52549022
0.65098041
0.68235296
0.69411767
0.70196080
0.72549021
0.73333335
0.73333335
0.72941178
0.71764708
0.69411767
0.70196080
0.70588237
0.78431374
0.85098040
0.81176472
0.74901962
0.72549021
1 0 0 0 0 0 0 -1 0 0 0
0 1 0 0 0 0 0 -1 0 0 0
0 0 1 0 0 0 0 -1 0 0 0
0 0 0 1 0 0 0 -1 0 0 0
0 0 0 0 1 0 0 -1 0 0 0
0 0 0 0 0 1 0 -1 0 0 0
0 0 0 0 0 0 1 -1 0 0 0
0 0 0 0 0 0 0 -1 1 0 0
0 0 0 0 0 0 0 -1 0 1 0
