0.38039216
0.36862746
0.38039216
0.36078432
0.34117648
0.38039216
0.42352942
0.41568628
0.41176471
0.42745098
0.41176471
0.38823530
0.37254903
0.35294119
0.40000001
0.42745098
0.41960785
0.42352942
0.43137255
0.42352942
0.40392157
0.40392157
0.38823530
0.35294119
0.33333334
0.34117648
0.34509805
0.32549021
0.31764707
0.31764707
0.32156864
0.32156864
0.37647060
0.35294119
0.33725491
0.32156864
0.30588236
0.33333334
0.37254903
0.38039216
0.38823530
0.42745098
0.44313726
0.36470589
0.33333334
0.32156864
0.37254903
0.40784314
0.40000001
0.38039216
0.39215687
0.41176471
0.39215687
0.37647060
0.34901962
0.32156864
0.31764707
0.34509805
0.34901962
0.32941177
0.32941177
0.34901962
0.35686275
0.34901962
0.36862746
0.32941177
0.31764707
0.31764707
0.30588236
0.31372550
0.32941177
0.32941177
0.32549021
0.39607844
0.43529412
0.32549021
0.34509805
0.34509805
0.38431373
0.43529412
0.43137255
0.40392157
0.39215687
0.40392157
0.39215687
0.35686275
0.32941177
0.32156864
0.32156864
0.33725491
0.33725491
0.33333334
0.34117648
0.36078432
0.36470589
0.35686275
0.35686275
0.32156864
0.31764707
0.32549021
0.34901962
0.37647060
0.36862746
0.34117648
0.32941177
0.38431373
0.43921569
0.36470589
0.41960785
0.39607844
0.39215687
0.42352942
0.41568628
0.40000001
0.38039216
0.37647060
0.36470589
0.34117648
0.32549021
0.33333334
0.38039216
0.38431373
0.36470589
0.36078432
0.34509805
0.33725491
0.34117648
0.34901962
0.35686275
0.34117648
0.33725491
0.34509805
0.36862746
0.39215687
0.40000001
0.38431373
0.40000001
0.45490196
0.50588238
0.42745098
0.41960785
0.41568628
0.40392157
0.39607844
0.38431373
0.36862746
0.35294119
0.36470589
0.36470589
0.36078432
0.35294119
0.36078432
0.40784314
0.43137255
0.42352942
0.38431373
0.34509805
0.32941177
0.35294119
0.35294119
0.33333334
0.32941177
0.34901962
0.36078432
0.36862746
0.36078432
0.34509805
0.36470589
0.40784314
0.46666667
0.52156866
0.43137255
0.42352942
0.44313726
0.42352942
0.43529412
0.39607844
0.37254903
0.35686275
0.37647060
0.38431373
0.39215687
0.38823530
0.38039216
0.37647060
0.40784314
0.43137255
0.39215687
0.36862746
0.36470589
0.40392157
0.37254903
0.33333334
0.31764707
0.35294119
0.37254903
0.37254903
0.33725491
0.37254903
0.39215687
0.44313726
0.47450981
0.52156866
0.42352942
0.42745098
0.41568628
0.38823530
0.41568628
0.40392157
0.38039216
0.36470589
0.37254903
0.37647060
0.37647060
0.38823530
0.39215687
0.35294119
0.34509805
0.39215687
0.41960785
0.42352942
0.41568628
0.40000001
0.37647060
0.33333334
0.32941177
0.34509805
0.36862746
0.26274511
0.16078432
0.30588236
0.43529412
0.53725493
0.59215689
0.60000002
0.49411765
0.47450981
0.43137255
0.40000001
0.39215687
0.38823530
0.36862746
0.34901962
0.34509805
0.34117648
0.34509805
0.36862746
0.39215687
0.34901962
0.34117648
0.37647060
0.40784314
0.40784314
0.38431373
0.36078432
0.35686275
0.32941177
0.31372550
0.33333334
0.38039216
0.33333334
0.18431373
0.31764707
0.50196081
0.62745100
0.68627453
0.65882355
0.50588238
0.48235294
0.47058824
0.43529412
0.42745098
0.41960785
0.38823530
0.36078432
0.34901962
0.34509805
0.34509805
0.34901962
0.35686275
0.34901962
0.34509805
0.36470589
0.41176471
0.38431373
0.36078432
0.36078432
0.39215687
0.36078432
0.34509805
0.34509805
0.41568628
0.42745098
0.39215687
0.53725493
0.55686277
0.67058825
0.76470590
0.78039217
0.54901963
0.37647060
0.41960785
0.45882353
0.45098040
0.43921569
0.41176471
0.37254903
0.36470589
0.36078432
0.34117648
0.34117648
0.34509805
0.34509805
0.35686275
0.39215687
0.44705883
0.42352942
0.38431373
0.40000001
0.43529412
0.35294119
0.36862746
0.36862746
0.41568628
0.45098040
0.50588238
0.59607846
0.60784316
0.72941178
0.73333335
0.82352942
0.69803923
0.46274510
0.59607846
0.61960787
0.53725493
0.48627451
0.45882353
0.41176471
0.35686275
0.34117648
0.33333334
0.32941177
0.33725491
0.36078432
0.39215687
0.40784314
0.43137255
0.42352942
0.40392157
0.40784314
0.40392157
0.37254903
0.35686275
0.36862746
0.44705883
0.51764709
0.58431375
0.75294119
0.76862746
0.69803923
0.64705884
0.72549021
0.72549021
0.59607846
0.89411765
0.87843138
0.60000002
0.46274510
0.43529412
0.43921569
0.35294119
0.32549021
0.32549021
0.33725491
0.34117648
0.34901962
0.36862746
0.37254903
0.36862746
0.37254903
0.38431373
0.38039216
0.37254903
0.50980395
0.46666667
0.41568628
0.50980395
0.60784316
0.69411767
0.79607844
0.72156864
0.59215689
0.58823532
0.66666669
0.67843139
0.61960787
0.89019608
0.69803923
0.43921569
0.41568628
0.39607844
0.43921569
0.40000001
0.34509805
0.33333334
0.32941177
0.33333334
0.33333334
0.35294119
0.35686275
0.34509805
0.34509805
0.34509805
0.34509805
0.34901962
0.77647060
0.66666669
0.45882353
0.56862748
0.61960787
0.65490198
0.67450982
0.67843139
0.66666669
0.50980395
0.45490196
0.52549022
0.56470591
0.60392159
0.41960785
0.37254903
0.40392157
0.42352942
0.42745098
0.38431373
0.36862746
0.38039216
0.36078432
0.37254903
0.38039216
0.39215687
0.39215687
0.36078432
0.35686275
0.35686275
0.34117648
0.34901962
0.87058824
0.75686276
0.41960785
0.35686275
0.60000002
0.84313726
0.79607844
0.73725492
0.83529413
0.66274512
0.50980395
0.44705883
0.43921569
0.43921569
0.47843137
0.41960785
0.27058825
0.25882354
0.32549021
0.35686275
0.37254903
0.37254903
0.37254903
0.37647060
0.39215687
0.41568628
0.41176471
0.40392157
0.39215687
0.39607844
0.38823530
0.36470589
0.88235295
0.81176472
0.50980395
0.55294120
0.75686276
0.94117647
0.91764706
0.85098040
0.83921570
0.70588237
0.68235296
0.59215689
0.47058824
0.46666667
0.60392159
0.55294120
0.33725491
0.25882354
0.24705882
0.25490198
0.31764707
0.39607844
0.38823530
0.37254903
0.36078432
0.37254903
0.38039216
0.39215687
0.38823530
0.38039216
0.38823530
0.36862746
0.89019608
0.76862746
0.54901963
0.70196080
0.74901962
0.76470590
0.76078433
0.70196080
0.65882355
0.51764709
0.54117650
0.58039218
0.43529412
0.41176471
0.65490198
0.68235296
0.49019608
0.37254903
0.35294119
0.30980393
0.28627452
0.34509805
0.38039216
0.38039216
0.36470589
0.36470589
0.38823530
0.36078432
0.35686275
0.35686275
0.35686275
0.35294119
0.83921570
0.72549021
0.54509807
0.49803922
0.54509807
0.70588237
0.75294119
0.74901962
0.83137256
0.59215689
0.47450981
0.55686277
0.36078432
0.29019609
0.67843139
0.69411767
0.43529412
0.33725491
0.35686275
0.37254903
0.39215687
0.41960785
0.36862746
0.36470589
0.34901962
0.34509805
0.39607844
0.35294119
0.34509805
0.35686275
0.34901962
0.34901962
0.72941178
0.77647060
0.61960787
0.60392159
0.72941178
0.90588236
0.94901961
0.94901961
0.87843138
0.75294119
0.74117649
0.73725492
0.63137257
0.53333336
0.72549021
0.72549021
0.44705883
0.32549021
0.34901962
0.34117648
0.39607844
0.52941179
0.39215687
0.32941177
0.37254903
0.35686275
0.39215687
0.40000001
0.38823530
0.33333334
0.34117648
0.34509805
0.64705884
0.66274512
0.63137257
0.78823531
0.80784315
0.78431374
0.73725492
0.67058825
0.46274510
0.41960785
0.52156866
0.51764709
0.55686277
0.53333336
0.53333336
0.59215689
0.45882353
0.36862746
0.36862746
0.37254903
0.38431373
0.38039216
0.36862746
0.31764707
0.47843137
0.47058824
0.42745098
0.52156866
0.42352942
0.34117648
0.37254903
0.39607844
0.52941179
0.53725493
0.44313726
0.37254903
0.43921569
0.43137255
0.41176471
0.26666668
0.18431373
0.13725491
0.14509805
0.14509805
0.16470589
0.17647059
0.19607843
0.23921569
0.28627452
0.34509805
0.37647060
0.37647060
0.37254903
0.35686275
0.44705883
0.34509805
0.50588238
0.54117650
0.44705883
0.54901963
0.39215687
0.36078432
0.40000001
0.43137255
0.46274510
0.56862748
0.38823530
0.15294118
0.28235295
0.35294119
0.31372550
0.18823530
0.14117648
0.10196079
0.11372549
0.09019608
0.08627451
0.09803922
0.10980392
0.12941177
0.19607843
0.22745098
0.27058825
0.22352941
0.25490198
0.41960785
0.41176471
0.26666668
0.35294119
0.38039216
0.34509805
0.38039216
0.32941177
0.38823530
0.37647060
0.37254903
0.51372552
0.58823532
0.38039216
0.15294118
0.18039216
0.21176471
0.17254902
0.14509805
0.13725491
0.09019608
0.09803922
0.07450981
0.07058824
0.09411765
0.11764706
0.15294118
0.23137255
0.27843139
0.25882354
0.20000000
0.22745098
0.47058824
0.39215687
0.25098041
0.24705882
0.26274511
0.29411766
0.25098041
0.43137255
0.49803922
0.43529412
0.49803922
0.57254905
0.59607846
0.38039216
0.11764706
0.12156863
0.12941177
0.13333334
0.14117648
0.12941177
0.07450981
0.08627451
0.07450981
0.06274510
0.09411765
0.12549020
0.16862746
0.23137255
0.27058825
0.24705882
0.17647059
0.19607843
0.47843137
0.49411765
0.27843139
0.19607843
0.23137255
0.27843139
0.26274511
0.42745098
0.51372552
0.50196081
0.56078434
0.41176471
0.42745098
0.33333334
0.17647059
0.18039216
0.21568628
0.21960784
0.18823530
0.12156863
0.08627451
0.09803922
0.09019608
0.09803922
0.12941177
0.16078432
0.20000000
0.21568628
0.21176471
0.28235295
0.28235295
0.31764707
0.63137257
0.69803923
0.38431373
0.23529412
0.28627452
0.30980393
0.23137255
0.21960784
0.35686275
0.37254903
0.37647060
0.23529412
0.22745098
0.25098041
0.23529412
0.32156864
0.45882353
0.44705883
0.31764707
0.23921569
0.25882354
0.25882354
0.25098041
0.25882354
0.26274511
0.30196080
0.32941177
0.29411766
0.26666668
0.38431373
0.66666669
0.69411767
0.79607844
0.82745099
0.68627453
0.61960787
0.61960787
0.57254905
0.38039216
0.22352941
0.24313726
0.24313726
0.24313726
0.23529412
0.23137255
0.22352941
0.21176471
0.23529412
0.47058824
0.47843137
0.34509805
0.36078432
0.38431373
0.34117648
0.31764707
0.29411766
0.28235295
0.32941177
0.35686275
0.34509805
0.32156864
0.27450982
0.30588236
0.36078432
0.45098040
0.53725493
0.60784316
0.64705884
0.67843139
0.66274512
0.40784314
0.17647059
0.21176471
0.20784314
0.21176471
0.36470589
0.34901962
0.29803923
0.23529412
0.23137255
0.34901962
0.37254903
0.27450982
0.33333334
0.34901962
0.27450982
0.23529412
0.20784314
0.20000000
0.21960784
0.22745098
0.23137255
0.20392157
0.19215687
0.25098041
0.28627452
0.38431373
0.42745098
0.42352942
0.44705883
0.48627451
0.48235294
0.30980393
0.18823530
0.21960784
0.20784314
0.21176471
0.42352942
0.39215687
0.33333334
0.20784314
0.19215687
0.30196080
0.30588236
0.21176471
0.19607843
0.18431373
0.14509805
0.12549020
0.10980392
0.10588235
0.11372549
0.11764706
0.10980392
0.10588235
0.14509805
0.23921569
0.33725491
0.50196081
0.52941179
0.45882353
0.40784314
0.40784314
0.43529412
0.35294119
0.23921569
0.25098041
0.23529412
0.21568628
0.45490196
0.40784314
0.33333334
0.21568628
0.18039216
0.29803923
0.27843139
0.19607843
0.17254902
0.15294118
0.11764706
0.09019608
0.10980392
0.09803922
0.09803922
0.09803922
0.10196079
0.11372549
0.14117648
0.19607843
0.25882354
0.40784314
0.43529412
0.32156864
0.27843139
0.29019609
0.29803923
0.27058825
0.21960784
0.21176471
0.20784314
0.19607843
0.47058824
0.40784314
0.32941177
0.23921569
0.22352941
0.28235295
0.25882354
0.18823530
0.15686275
0.13333334
0.12156863
0.11764706
0.13725491
0.14117648
0.14509805
0.13725491
0.13333334
0.13725491
0.16078432
0.19607843
0.22352941
0.30588236
0.32549021
0.24313726
0.21568628
0.23529412
0.22745098
0.20784314
0.19607843
0.19607843
0.23921569
0.21176471
0.45098040
0.38431373
0.30588236
0.23921569
0.25098041
0.27450982
0.25098041
0.18823530
0.14117648
0.12941177
0.14117648
0.14901961
0.14901961
0.15294118
0.16078432
0.14901961
0.14117648
0.13333334
0.14117648
0.15686275
0.17647059
0.21176471
0.23529412
0.19607843
0.18039216
0.18431373
0.18823530
0.20784314
0.25882354
0.26274511
0.23137255
0.17647059
0.47058824
0.47058824
0.48235294
0.47450981
0.45490196
0.48235294
0.51372552
0.50588238
0.48627451
0.47450981
0.47450981
0.46274510
0.47058824
0.47450981
0.50980395
0.50980395
0.50196081
0.50980395
0.51372552
0.50196081
0.47450981
0.48235294
0.47843137
0.45490196
0.43921569
0.44313726
0.44313726
0.41568628
0.41176471
0.43137255
0.43529412
0.43529412
0.45882353
0.46274510
0.47058824
0.45882353
0.43921569
0.45490196
0.48235294
0.48235294
0.46666667
0.48235294
0.51372552
0.45490196
0.45490196
0.46666667
0.50588238
0.50980395
0.48627451
0.46666667
0.47450981
0.49019608
0.48235294
0.48627451
0.46666667
0.44313726
0.43137255
0.44313726
0.44705883
0.43137255
0.42745098
0.44705883
0.45098040
0.44705883
0.44705883
0.45098040
0.47058824
0.47058824
0.44313726
0.44313726
0.44705883
0.45490196
0.45490196
0.50196081
0.56078434
0.46274510
0.47843137
0.49411765
0.52156866
0.54509807
0.51372552
0.48627451
0.47058824
0.48235294
0.49019608
0.47450981
0.45490196
0.45490196
0.43921569
0.43137255
0.43137255
0.43921569
0.44313726
0.45490196
0.45490196
0.45098040
0.45490196
0.44705883
0.46274510
0.46666667
0.47450981
0.49411765
0.47450981
0.47450981
0.47843137
0.50980395
0.58823532
0.51764709
0.54117650
0.53333336
0.52156866
0.51764709
0.49803922
0.48235294
0.46274510
0.45882353
0.45490196
0.44313726
0.43529412
0.45490196
0.49411765
0.48235294
0.46666667
0.46274510
0.45098040
0.44313726
0.44705883
0.45490196
0.48235294
0.46274510
0.46274510
0.46666667
0.47843137
0.49411765
0.49019608
0.48627451
0.49803922
0.53725493
0.60392159
0.54117650
0.52156866
0.53333336
0.51372552
0.47450981
0.46274510
0.45098040
0.43921569
0.45098040
0.43921569
0.43529412
0.43921569
0.45882353
0.50980395
0.53333336
0.52549022
0.48627451
0.45490196
0.45098040
0.47843137
0.47843137
0.45882353
0.44705883
0.46274510
0.47058824
0.47450981
0.45490196
0.45098040
0.47058824
0.49019608
0.53333336
0.60392159
0.53333336
0.54117650
0.56862748
0.52941179
0.50588238
0.46274510
0.45098040
0.43529412
0.45490196
0.45490196
0.45882353
0.46274510
0.45882353
0.47058824
0.50980395
0.53333336
0.49803922
0.47450981
0.47450981
0.51372552
0.48235294
0.44313726
0.42352942
0.46274510
0.47843137
0.46274510
0.42352942
0.48235294
0.50588238
0.52941179
0.54509807
0.60392159
0.53333336
0.55686277
0.55686277
0.51372552
0.49803922
0.47058824
0.44705883
0.43137255
0.43921569
0.44313726
0.44705883
0.45882353
0.46274510
0.43529412
0.45098040
0.49411765
0.52549022
0.52549022
0.50588238
0.49019608
0.46666667
0.43529412
0.42745098
0.45098040
0.45098040
0.31372550
0.20000000
0.36078432
0.49803922
0.58431375
0.61568630
0.63529414
0.55686277
0.57254905
0.55686277
0.53725493
0.50588238
0.46666667
0.43529412
0.41960785
0.41176471
0.40784314
0.41568628
0.43921569
0.46274510
0.43137255
0.44313726
0.47843137
0.50588238
0.50196081
0.46666667
0.44313726
0.43921569
0.42745098
0.40784314
0.43529412
0.44705883
0.35294119
0.17647059
0.30588236
0.50588238
0.62745100
0.66274512
0.64313728
0.52156866
0.53725493
0.57254905
0.56470591
0.54901963
0.49803922
0.45490196
0.42745098
0.41568628
0.41568628
0.41568628
0.41960785
0.42745098
0.42745098
0.43529412
0.45490196
0.50196081
0.47450981
0.43529412
0.43529412
0.46666667
0.45490196
0.43529412
0.43921569
0.47450981
0.42745098
0.34901962
0.47450981
0.51372552
0.64313728
0.70980394
0.73333335
0.52941179
0.38823530
0.48627451
0.55686277
0.54509807
0.51372552
0.47843137
0.43921569
0.43529412
0.43137255
0.41176471
0.41176471
0.41568628
0.41960785
0.43529412
0.47450981
0.52941179
0.50196081
0.45098040
0.46666667
0.50196081
0.43921569
0.45098040
0.45490196
0.48235294
0.45882353
0.44705883
0.50196081
0.54117650
0.69019610
0.66274512
0.76470590
0.66666669
0.45098040
0.62745100
0.66666669
0.58039218
0.54509807
0.52549022
0.47450981
0.42352942
0.41176471
0.40392157
0.40000001
0.40784314
0.43529412
0.46666667
0.47843137
0.50196081
0.49411765
0.46274510
0.46666667
0.46274510
0.43137255
0.41568628
0.44313726
0.50588238
0.52156866
0.53333336
0.66274512
0.69803923
0.65490198
0.58431375
0.66666669
0.68627453
0.57647061
0.90196079
0.89019608
0.61568630
0.51372552
0.50588238
0.50980395
0.43137255
0.40392157
0.40000001
0.40784314
0.41176471
0.41960785
0.43921569
0.43921569
0.43921569
0.44313726
0.44705883
0.43921569
0.43137255
0.50980395
0.47843137
0.47058824
0.54117650
0.59215689
0.65490198
0.72156864
0.65098041
0.54509807
0.53725493
0.61568630
0.63529414
0.59607846
0.88627452
0.70196080
0.45098040
0.46666667
0.46666667
0.51764709
0.49411765
0.43529412
0.41568628
0.40392157
0.40784314
0.40392157
0.41960785
0.42352942
0.41176471
0.41568628
0.41568628
0.41176471
0.41568628
0.74901962
0.65098041
0.49019608
0.58039218
0.59607846
0.61176473
0.60392159
0.61176473
0.61568630
0.45882353
0.40000001
0.47058824
0.52549022
0.57254905
0.40000001
0.36470589
0.43921569
0.47843137
0.48627451
0.46274510
0.44705883
0.45490196
0.43137255
0.44313726
0.44705883
0.45882353
0.45882353
0.43137255
0.42745098
0.42745098
0.41176471
0.41960785
0.81568629
0.71372551
0.41568628
0.34509805
0.56470591
0.80392158
0.73725492
0.67450982
0.78431374
0.60784316
0.45098040
0.38431373
0.36862746
0.37647060
0.42745098
0.38431373
0.28235295
0.28627452
0.36078432
0.41176471
0.43137255
0.42745098
0.43529412
0.44313726
0.45882353
0.48627451
0.47843137
0.47450981
0.46274510
0.46666667
0.45490196
0.43529412
0.79607844
0.73333335
0.47450981
0.52156866
0.71372551
0.90196079
0.87058824
0.79607844
0.78823531
0.65098041
0.62352943
0.52941179
0.38431373
0.39215687
0.54901963
0.50980395
0.34117648
0.27843139
0.27843139
0.29803923
0.35294119
0.42352942
0.43137255
0.43137255
0.42745098
0.43921569
0.45098040
0.46274510
0.46274510
0.45098040
0.45882353
0.43921569
0.79215688
0.68235296
0.50980395
0.66274512
0.69411767
0.71764708
0.71764708
0.65490198
0.60784316
0.46274510
0.48627451
0.52156866
0.36078432
0.34901962
0.61176473
0.65490198
0.50196081
0.40000001
0.38823530
0.36078432
0.30980393
0.36078432
0.41176471
0.43137255
0.43137255
0.43529412
0.46274510
0.43529412
0.43137255
0.42745098
0.42745098
0.42352942
0.75294119
0.64705884
0.50980395
0.46274510
0.49019608
0.66666669
0.71764708
0.71372551
0.79607844
0.54117650
0.42352942
0.50196081
0.29803923
0.23921569
0.64313728
0.67843139
0.45882353
0.38431373
0.41568628
0.44705883
0.41568628
0.40000001
0.38823530
0.41568628
0.41176471
0.41568628
0.47058824
0.42352942
0.41960785
0.43137255
0.41960785
0.41960785
0.69019610
0.70196080
0.56862748
0.59215689
0.70980394
0.89019608
0.93333334
0.94901961
0.89019608
0.72156864
0.69411767
0.69411767
0.56862748
0.47450981
0.68235296
0.69803923
0.46274510
0.38431373
0.43529412
0.44313726
0.41568628
0.40392157
0.38823530
0.42745098
0.41568628
0.42352942
0.45882353
0.45098040
0.43529412
0.41568628
0.42745098
0.43137255
0.61176473
0.58431375
0.59607846
0.81960785
0.83529413
0.81176472
0.76470590
0.72549021
0.54117650
0.43921569
0.51764709
0.52549022
0.54117650
0.51764709
0.52549022
0.58823532
0.47058824
0.40000001
0.41176471
0.41960785
0.38039216
0.23137255
0.36470589
0.43529412
0.49411765
0.47843137
0.44313726
0.54117650
0.45490196
0.42745098
0.46274510
0.48235294
0.46666667
0.45882353
0.45098040
0.47450981
0.53725493
0.52549022
0.50588238
0.39607844
0.32941177
0.22352941
0.21176471
0.21960784
0.22745098
0.23529412
0.24705882
0.28627452
0.30980393
0.32941177
0.33333334
0.32549021
0.30588236
0.21176471
0.40392157
0.39607844
0.46666667
0.45882353
0.39215687
0.52941179
0.41960785
0.43529412
0.47843137
0.50980395
0.38823530
0.49019608
0.43137255
0.31764707
0.44705883
0.51764709
0.47843137
0.37254903
0.33333334
0.23137255
0.22352941
0.21960784
0.20392157
0.20784314
0.20000000
0.20392157
0.21960784
0.17254902
0.16078432
0.10588235
0.11372549
0.23921569
0.29411766
0.19607843
0.24705882
0.24705882
0.22745098
0.33333334
0.35294119
0.43921569
0.43137255
0.42352942
0.44313726
0.50588238
0.43137255
0.35294119
0.38823530
0.41960785
0.38039216
0.35294119
0.32156864
0.21568628
0.20000000
0.20000000
0.20000000
0.20392157
0.20392157
0.21568628
0.25098041
0.21568628
0.13725491
0.09411765
0.09411765
0.32156864
0.25882354
0.12549020
0.14117648
0.14509805
0.16470589
0.19607843
0.45882353
0.51764709
0.45098040
0.51372552
0.52156866
0.50980395
0.42745098
0.32549021
0.34509805
0.34901962
0.35294119
0.34901962
0.28627452
0.16862746
0.16078432
0.17254902
0.17254902
0.17647059
0.17647059
0.19607843
0.24705882
0.21176471
0.14117648
0.10980392
0.13725491
0.44313726
0.43921569
0.19607843
0.14901961
0.15686275
0.16470589
0.21568628
0.45882353
0.50588238
0.48235294
0.54509807
0.37254903
0.36470589
0.34117648
0.29019609
0.33333334
0.33333334
0.32549021
0.29411766
0.17647059
0.10980392
0.10588235
0.10588235
0.12156863
0.12941177
0.12156863
0.14117648
0.15294118
0.12549020
0.19215687
0.23921569
0.31372550
0.64705884
0.67843139
0.34509805
0.19607843
0.19215687
0.19215687
0.18823530
0.26274511
0.36470589
0.37254903
0.38039216
0.19215687
0.19607843
0.22745098
0.22352941
0.34117648
0.39607844
0.34509805
0.25882354
0.16078432
0.17647059
0.16078432
0.15294118
0.17254902
0.15686275
0.16078432
0.16862746
0.12941177
0.12549020
0.28235295
0.60392159
0.68235296
0.79215688
0.78431374
0.64313728
0.56862748
0.50980395
0.44705883
0.33333334
0.27058825
0.29411766
0.29019609
0.29803923
0.19215687
0.20000000
0.20000000
0.15686275
0.16470589
0.30196080
0.23921569
0.17254902
0.21176471
0.23137255
0.18431373
0.16862746
0.16862746
0.14117648
0.16470589
0.17254902
0.16862746
0.16470589
0.14901961
0.20784314
0.31764707
0.41960785
0.47450981
0.55686277
0.61176473
0.61960787
0.57647061
0.36470589
0.20392157
0.27843139
0.27058825
0.27058825
0.31764707
0.31764707
0.27450982
0.19215687
0.17254902
0.17254902
0.11372549
0.07843138
0.18431373
0.20784314
0.14117648
0.11764706
0.10980392
0.09803922
0.10196079
0.10588235
0.12941177
0.12156863
0.12549020
0.19607843
0.25098041
0.33725491
0.36078432
0.37254903
0.42745098
0.47058824
0.44313726
0.28235295
0.20000000
0.29411766
0.28235295
0.26666668
0.37647060
0.36078432
0.30980393
0.20392157
0.20784314
0.20392157
0.12941177
0.09019608
0.10588235
0.10980392
0.09019608
0.09019608
0.08235294
0.07843138
0.08235294
0.09019608
0.10196079
0.10980392
0.15686275
0.25098041
0.32549021
0.45490196
0.47450981
0.42745098
0.40784314
0.41176471
0.43529412
0.34901962
0.25882354
0.32156864
0.29803923
0.25490198
0.40784314
0.37647060
0.30980393
0.22352941
0.22745098
0.25490198
0.17647059
0.13333334
0.10588235
0.11372549
0.10588235
0.09803922
0.10588235
0.09803922
0.10588235
0.10980392
0.12156863
0.12941177
0.15294118
0.20392157
0.25098041
0.37254903
0.40392157
0.32549021
0.29411766
0.29019609
0.31764707
0.30588236
0.25882354
0.27058825
0.24705882
0.20000000
0.43137255
0.38039216
0.31372550
0.24313726
0.25490198
0.25882354
0.20784314
0.15686275
0.10980392
0.10588235
0.11372549
0.12549020
0.13333334
0.14117648
0.15294118
0.14901961
0.13725491
0.13333334
0.14901961
0.17647059
0.21568628
0.29803923
0.32156864
0.26274511
0.23529412
0.23921569
0.26274511
0.26274511
0.23921569
0.22745098
0.25490198
0.20784314
0.42745098
0.37254903
0.30980393
0.25490198
0.27450982
0.28627452
0.25882354
0.19607843
0.14117648
0.13333334
0.14901961
0.15686275
0.16470589
0.17647059
0.18039216
0.16862746
0.16078432
0.14901961
0.15294118
0.16470589
0.18823530
0.23137255
0.25098041
0.21568628
0.20000000
0.21568628
0.23529412
0.24313726
0.27058825
0.26274511
0.23529412
0.18431373
0.55294120
0.54509807
0.55294120
0.56078434
0.54901963
0.56470591
0.58823532
0.54901963
0.53725493
0.52549022
0.49803922
0.56862748
0.57647061
0.58039218
0.59607846
0.55294120
0.52549022
0.54901963
0.58039218
0.60000002
0.55686277
0.54509807
0.54509807
0.52156866
0.50588238
0.50588238
0.52549022
0.52941179
0.53333336
0.52156866
0.52549022
0.52549022
0.54509807
0.54117650
0.54117650
0.55294120
0.54509807
0.54901963
0.57254905
0.54117650
0.52941179
0.54117650
0.53333336
0.55686277
0.57647061
0.58823532
0.60392159
0.56862748
0.53725493
0.53333336
0.56470591
0.60000002
0.54509807
0.51764709
0.52156866
0.52549022
0.52549022
0.53725493
0.53333336
0.50980395
0.50196081
0.51372552
0.52156866
0.51372552
0.54509807
0.53333336
0.54117650
0.56470591
0.55686277
0.54509807
0.54117650
0.54117650
0.57647061
0.60784316
0.61568630
0.59215689
0.60784316
0.61960787
0.62352943
0.60784316
0.58431375
0.57254905
0.56862748
0.58823532
0.53725493
0.49411765
0.50980395
0.54117650
0.54901963
0.53725493
0.51764709
0.49019608
0.48627451
0.50588238
0.50588238
0.50196081
0.55686277
0.53725493
0.54509807
0.56470591
0.57647061
0.58823532
0.55686277
0.56862748
0.62745100
0.63529414
0.65490198
0.64705884
0.66274512
0.65098041
0.61568630
0.58039218
0.56470591
0.56078434
0.54117650
0.54117650
0.50588238
0.48235294
0.49411765
0.53333336
0.58431375
0.57647061
0.53725493
0.50980395
0.48627451
0.49411765
0.49803922
0.50588238
0.58039218
0.56078434
0.56078434
0.55686277
0.56470591
0.57254905
0.55686277
0.56078434
0.61960787
0.62352943
0.63137257
0.62352943
0.62352943
0.63921571
0.59215689
0.52156866
0.51764709
0.51372552
0.49411765
0.50196081
0.50196081
0.50588238
0.50588238
0.52156866
0.57254905
0.60000002
0.58823532
0.54117650
0.50588238
0.50980395
0.54117650
0.54117650
0.55686277
0.55294120
0.55294120
0.55686277
0.54117650
0.51372552
0.53333336
0.58039218
0.60000002
0.58431375
0.61960787
0.60784316
0.63921571
0.67843139
0.62352943
0.56470591
0.52156866
0.50588238
0.48627451
0.50588238
0.51764709
0.52549022
0.52156866
0.50980395
0.52156866
0.57254905
0.59607846
0.56078434
0.54117650
0.54509807
0.58431375
0.55294120
0.54117650
0.53333336
0.54509807
0.55686277
0.51372552
0.45098040
0.55686277
0.63529414
0.62745100
0.56862748
0.62745100
0.60392159
0.65098041
0.67058825
0.62352943
0.58823532
0.53725493
0.50980395
0.49411765
0.50196081
0.49803922
0.49019608
0.50588238
0.50980395
0.49019608
0.51764709
0.56078434
0.59215689
0.59215689
0.57647061
0.56078434
0.53725493
0.53333336
0.53333336
0.52941179
0.52941179
0.35686275
0.18431373
0.35294119
0.53725493
0.61568630
0.60000002
0.61960787
0.58039218
0.61960787
0.64313728
0.64313728
0.60392159
0.53725493
0.49803922
0.48235294
0.47450981
0.46274510
0.46274510
0.48627451
0.50980395
0.48235294
0.50196081
0.53725493
0.56862748
0.56470591
0.53333336
0.50980395
0.50588238
0.51764709
0.50980395
0.50588238
0.51764709
0.37254903
0.11372549
0.22745098
0.45490196
0.58431375
0.59607846
0.58431375
0.48627451
0.52941179
0.61568630
0.64705884
0.63921571
0.56862748
0.51764709
0.49019608
0.47843137
0.46666667
0.46274510
0.46666667
0.47450981
0.47843137
0.49019608
0.50980395
0.55686277
0.52941179
0.49019608
0.49411765
0.52156866
0.53725493
0.52941179
0.50588238
0.52941179
0.41960785
0.25098041
0.34901962
0.40392157
0.53725493
0.60784316
0.64313728
0.45098040
0.33333334
0.47843137
0.58823532
0.59215689
0.56862748
0.54117650
0.50196081
0.49803922
0.48627451
0.45882353
0.45882353
0.46274510
0.46666667
0.48235294
0.52156866
0.57647061
0.54901963
0.50196081
0.52156866
0.55294120
0.51372552
0.54117650
0.51764709
0.51372552
0.42352942
0.32549021
0.36862746
0.40392157
0.54117650
0.54509807
0.66274512
0.55686277
0.35294119
0.57254905
0.64313728
0.56862748
0.58823532
0.58823532
0.53725493
0.48627451
0.46274510
0.45098040
0.44705883
0.45490196
0.47843137
0.50588238
0.51764709
0.54509807
0.53725493
0.50980395
0.50980395
0.50588238
0.50196081
0.49019608
0.50196081
0.51764709
0.45490196
0.39607844
0.52156866
0.55294120
0.49411765
0.45490196
0.55294120
0.56470591
0.45882353
0.81568629
0.82745099
0.56078434
0.54117650
0.57254905
0.57647061
0.49411765
0.46274510
0.45882353
0.46274510
0.46274510
0.46666667
0.49019608
0.48627451
0.48235294
0.48627451
0.49019608
0.48235294
0.47450981
0.52156866
0.48627451
0.48627451
0.51764709
0.49411765
0.49803922
0.55294120
0.49019608
0.38823530
0.40000001
0.49019608
0.51372552
0.47058824
0.77647060
0.60784316
0.37647060
0.46666667
0.52156866
0.58431375
0.54509807
0.49803922
0.49019608
0.47058824
0.45882353
0.46274510
0.49411765
0.48627451
0.46274510
0.45882353
0.46274510
0.45882353
0.46274510
0.61960787
0.53725493
0.40784314
0.51372552
0.49019608
0.45098040
0.43529412
0.46274510
0.48235294
0.33333334
0.29411766
0.36862746
0.41176471
0.46666667
0.30196080
0.28627452
0.41960785
0.51372552
0.54117650
0.49803922
0.49019608
0.50980395
0.48627451
0.49411765
0.50980395
0.53333336
0.52156866
0.47843137
0.46666667
0.47450981
0.45882353
0.46666667
0.59215689
0.52941179
0.28627452
0.25882354
0.45882353
0.64313728
0.57254905
0.53333336
0.67058825
0.50588238
0.36470589
0.30588236
0.27450982
0.28627452
0.33725491
0.30196080
0.24705882
0.30196080
0.39607844
0.42352942
0.43921569
0.45098040
0.46666667
0.49019608
0.52156866
0.54901963
0.53725493
0.51372552
0.49803922
0.50980395
0.50588238
0.48235294
0.60392159
0.57254905
0.36862746
0.43921569
0.59607846
0.74117649
0.71372551
0.66666669
0.67450982
0.54509807
0.53725493
0.45098040
0.30980393
0.30980393
0.45490196
0.41568628
0.29803923
0.29019609
0.30588236
0.30588236
0.32941177
0.40392157
0.44313726
0.47058824
0.48627451
0.49803922
0.49803922
0.49411765
0.49019608
0.49411765
0.50588238
0.48627451
0.64313728
0.54901963
0.40784314
0.57254905
0.57254905
0.56078434
0.56862748
0.51764709
0.47450981
0.34117648
0.37647060
0.42745098
0.29411766
0.27058825
0.50588238
0.54901963
0.45882353
0.41960785
0.42745098
0.37647060
0.26666668
0.30196080
0.40392157
0.46666667
0.48627451
0.48235294
0.49803922
0.45882353
0.45098040
0.47450981
0.47450981
0.47058824
0.60784316
0.49803922
0.37254903
0.34509805
0.36078432
0.50588238
0.56862748
0.56862748
0.63921571
0.40392157
0.29411766
0.39607844
0.23529412
0.16078432
0.53725493
0.56470591
0.42745098
0.41568628
0.46274510
0.47843137
0.36078432
0.32549021
0.36862746
0.45098040
0.46666667
0.45882353
0.49803922
0.44313726
0.43529412
0.47058824
0.46274510
0.46274510
0.52941179
0.54901963
0.41568628
0.44313726
0.56470591
0.73725492
0.78431374
0.78039217
0.71372551
0.59215689
0.58431375
0.58823532
0.49803922
0.40392157
0.59607846
0.61568630
0.46666667
0.42745098
0.48235294
0.48627451
0.39607844
0.34117648
0.36078432
0.46274510
0.47058824
0.45098040
0.48627451
0.47843137
0.46274510
0.44313726
0.45490196
0.45882353
0.46274510
0.45490196
0.45098040
0.65098041
0.66666669
0.64313728
0.59607846
0.53333336
0.34509805
0.30588236
0.41176471
0.40784314
0.45098040
0.43137255
0.43529412
0.50588238
0.46274510
0.41960785
0.43921569
0.45882353
0.38039216
0.18039216
0.32156864
0.44313726
0.51372552
0.47450981
0.43921569
0.53725493
0.45490196
0.45490196
0.49411765
0.51764709
0.35294119
0.34901962
0.31372550
0.28627452
0.33725491
0.32549021
0.30588236
0.17254902
0.10980392
0.07450981
0.09019608
0.08627451
0.11372549
0.12156863
0.13725491
0.18039216
0.25098041
0.30980393
0.33333334
0.33725491
0.31372550
0.16862746
0.35294119
0.37254903
0.43529412
0.41568628
0.34117648
0.46274510
0.36862746
0.47058824
0.52156866
0.54901963
0.29411766
0.39215687
0.29019609
0.10196079
0.21176471
0.28235295
0.24313726
0.12941177
0.10980392
0.07843138
0.09803922
0.07450981
0.07058824
0.07843138
0.07843138
0.08627451
0.12156863
0.11372549
0.13333334
0.09019608
0.12941177
0.20000000
0.23921569
0.17254902
0.18823530
0.16862746
0.14509805
0.22352941
0.25490198
0.45098040
0.45490196
0.44705883
0.32549021
0.39215687
0.27450982
0.11372549
0.12941177
0.16078432
0.12156863
0.10196079
0.10980392
0.07450981
0.08235294
0.06274510
0.06274510
0.07058824
0.08235294
0.09803922
0.12941177
0.12549020
0.08235294
0.04705882
0.07450981
0.24313726
0.18431373
0.09803922
0.06666667
0.05490196
0.08235294
0.08627451
0.34117648
0.47450981
0.41568628
0.47843137
0.37647060
0.37647060
0.25098041
0.07450981
0.07450981
0.07843138
0.08235294
0.09411765
0.09411765
0.04705882
0.05882353
0.05098039
0.04313726
0.05490196
0.06666667
0.09019608
0.12156863
0.10980392
0.06666667
0.03921569
0.06274510
0.29411766
0.32156864
0.14509805
0.06274510
0.07058824
0.09411765
0.12156863
0.34117648
0.40392157
0.38823530
0.45098040
0.23529412
0.23921569
0.19215687
0.09411765
0.09019608
0.07843138
0.06666667
0.07843138
0.05098039
0.02745098
0.03529412
0.03529412
0.03921569
0.04705882
0.05098039
0.06274510
0.05098039
0.02745098
0.09803922
0.13725491
0.20784314
0.49411765
0.54509807
0.26274511
0.10980392
0.10588235
0.12156863
0.12549020
0.19215687
0.27450982
0.29019609
0.30980393
0.08627451
0.08235294
0.10980392
0.10196079
0.16862746
0.19607843
0.14901961
0.09411765
0.06274510
0.09019608
0.09411765
0.09411765
0.10588235
0.09019608
0.09411765
0.09411765
0.05490196
0.03921569
0.18431373
0.49803922
0.58039218
0.67843139
0.66274512
0.54117650
0.47843137
0.41176471
0.36470589
0.28235295
0.23921569
0.24705882
0.25098041
0.27843139
0.09019608
0.09019608
0.08235294
0.06666667
0.06274510
0.17254902
0.13333334
0.05882353
0.09019608
0.11764706
0.08627451
0.07843138
0.08627451
0.05882353
0.07450981
0.08235294
0.10588235
0.10588235
0.08235294
0.14509805
0.24313726
0.31372550
0.34901962
0.44705883
0.51372552
0.50980395
0.48235294
0.30196080
0.17254902
0.24705882
0.25098041
0.26666668
0.20784314
0.20392157
0.15686275
0.10196079
0.07450981
0.07843138
0.05882353
0.01568628
0.09411765
0.12156863
0.06666667
0.05490196
0.06274510
0.04705882
0.03921569
0.03921569
0.07058824
0.06274510
0.06666667
0.12941177
0.17647059
0.23529412
0.23921569
0.26666668
0.33333334
0.36862746
0.34901962
0.21960784
0.18039216
0.28627452
0.27843139
0.27058825
0.26666668
0.24705882
0.19215687
0.09803922
0.08627451
0.09803922
0.06274510
0.03921569
0.06274510
0.07058824
0.05882353
0.06274510
0.07843138
0.06666667
0.05490196
0.05098039
0.05098039
0.05098039
0.09411765
0.19215687
0.25882354
0.37254903
0.37647060
0.34117648
0.34117648
0.34901962
0.36470589
0.30588236
0.25098041
0.32156864
0.29803923
0.25098041
0.29803923
0.26274511
0.19215687
0.10196079
0.07843138
0.12156863
0.08235294
0.07058824
0.06666667
0.07843138
0.07450981
0.07058824
0.08627451
0.06666667
0.05882353
0.05490196
0.07450981
0.09019608
0.11372549
0.16470589
0.21568628
0.32156864
0.33333334
0.25882354
0.26274511
0.28235295
0.28235295
0.28627452
0.27058825
0.27450982
0.23921569
0.18431373
0.32156864
0.27058825
0.20000000
0.11764706
0.10588235
0.12156863
0.09803922
0.06666667
0.04313726
0.04705882
0.06274510
0.07450981
0.07843138
0.07843138
0.07450981
0.07058824
0.09803922
0.11372549
0.13333334
0.16470589
0.20000000
0.26274511
0.27058825
0.22745098
0.22745098
0.24705882
0.24705882
0.24313726
0.21568628
0.18039216
0.20392157
0.15686275
0.32156864
0.26666668
0.20000000
0.12941177
0.14117648
0.15294118
0.12941177
0.08627451
0.05882353
0.06274510
0.09019608
0.10588235
0.10588235
0.10980392
0.11764706
0.10588235
0.11764706
0.12156863
0.13725491
0.16078432
0.18039216
0.19607843
0.21176471
0.20392157
0.19215687
0.19215687
0.21176471
0.17254902
0.14117648
0.13333334
0.12549020
0.10196079
1 0 0 0 0 0 0 0 -1 0 0
0 1 0 0 0 0 0 0 -1 0 0
0 0 1 0 0 0 0 0 -1 0 0
0 0 0 1 0 0 0 0 -1 0 0
0 0 0 0 1 0 0 0 -1 0 0
0 0 0 0 0 1 0 0 -1 0 0
0 0 0 0 0 0 1 0 -1 0 0
0 0 0 0 0 0 0 1 -1 0 0
0 0 0 0 0 0 0 0 -1 1 0
