0.28235295
0.28235295
0.28627452
0.28235295
0.28235295
0.27843139
0.27843139
0.27843139
0.27843139
0.27843139
0.27843139
0.28627452
0.27843139
0.27058825
0.27450982
0.27058825
0.27058825
0.27058825
0.26666668
0.28235295
0.29803923
0.29019609
0.34509805
0.34901962
0.36470589
0.43921569
0.52941179
0.48235294
0.25098041
0.24705882
0.26274511
0.26666668
0.29019609
0.29019609
0.29019609
0.28627452
0.29019609
0.28627452
0.28235295
0.28627452
0.28627452
0.28235295
0.27843139
0.27843139
0.27450982
0.27843139
0.28235295
0.28235295
0.27843139
0.27450982
0.28235295
0.31372550
0.27843139
0.32941177
0.31764707
0.36078432
0.67843139
0.62745100
0.38039216
0.46274510
0.36078432
0.30196080
0.27058825
0.27058825
0.30196080
0.30588236
0.30588236
0.30588236
0.29803923
0.28627452
0.29019609
0.30588236
0.31764707
0.34117648
0.38039216
0.44705883
0.41960785
0.32549021
0.30588236
0.31372550
0.30588236
0.32941177
0.33333334
0.32549021
0.30980393
0.43529412
0.30196080
0.42352942
0.87058824
0.76078433
0.48235294
0.50980395
0.51764709
0.39215687
0.29019609
0.28235295
0.31764707
0.31764707
0.30980393
0.30196080
0.31372550
0.43921569
0.37254903
0.40392157
0.40784314
0.38823530
0.34117648
0.39607844
0.39607844
0.20784314
0.17647059
0.40392157
0.36078432
0.34509805
0.31764707
0.30588236
0.32156864
0.49411765
0.34117648
0.50980395
0.93725491
0.92941177
0.66274512
0.57254905
0.47058824
0.38039216
0.30588236
0.30196080
0.33333334
0.35294119
0.39215687
0.45098040
0.42745098
0.53725493
0.23529412
0.21176471
0.14901961
0.12549020
0.13725491
0.13333334
0.09803922
0.17254902
0.23921569
0.43921569
0.34901962
0.28235295
0.31764707
0.35294119
0.33333334
0.51764709
0.33333334
0.41960785
0.87843138
0.81568629
0.70196080
0.50196081
0.41176471
0.32549021
0.29411766
0.31764707
0.40392157
0.32549021
0.38823530
0.40784314
0.18431373
0.15686275
0.10588235
0.12941177
0.14901961
0.19215687
0.24313726
0.22745098
0.14509805
0.36862746
0.34901962
0.29019609
0.34901962
0.34901962
0.25882354
0.36078432
0.45098040
0.55294120
0.40784314
0.43137255
0.75686276
0.71372551
0.69803923
0.40784314
0.43529412
0.33725491
0.29019609
0.33725491
0.26666668
0.11764706
0.12549020
0.14509805
0.16078432
0.16862746
0.20000000
0.20000000
0.20784314
0.22352941
0.22745098
0.16078432
0.15294118
0.35686275
0.28235295
0.33333334
0.19607843
0.27450982
0.32941177
0.21568628
0.31764707
0.56470591
0.38431373
0.37647060
0.64313728
0.74509805
0.70980394
0.38039216
0.38431373
0.34117648
0.29019609
0.35294119
0.23137255
0.19215687
0.19215687
0.20784314
0.20392157
0.19215687
0.19215687
0.18431373
0.21960784
0.22745098
0.18039216
0.11372549
0.23921569
0.28235295
0.25098041
0.33333334
0.06666667
0.03529412
0.27843139
0.30980393
0.10980392
0.48627451
0.30980393
0.29411766
0.46274510
0.79215688
0.74117649
0.40784314
0.37647060
0.36862746
0.32549021
0.36078432
0.21568628
0.22352941
0.21568628
0.19607843
0.19215687
0.18823530
0.18823530
0.21568628
0.25882354
0.20000000
0.13333334
0.09411765
0.36470589
0.35686275
0.48235294
0.50588238
0.26666668
0.20784314
0.16470589
0.34509805
0.27450982
0.42745098
0.31764707
0.34117648
0.49019608
0.50980395
0.43529412
0.29019609
0.30980393
0.36862746
0.28235295
0.30588236
0.20784314
0.18039216
0.16470589
0.16470589
0.16470589
0.17254902
0.21960784
0.27450982
0.20784314
0.12941177
0.17254902
0.33725491
0.57254905
0.66666669
0.77254903
0.74117649
0.63137257
0.49803922
0.41176471
0.32941177
0.40000001
0.46666667
0.37254903
0.24313726
0.64313728
0.33725491
0.27450982
0.31764707
0.21568628
0.25490198
0.25490198
0.23137255
0.33333334
0.31372550
0.30196080
0.29803923
0.29019609
0.29803923
0.38431373
0.36862746
0.36862746
0.29803923
0.36078432
0.50196081
0.55686277
0.60784316
0.64313728
0.64313728
0.60000002
0.51372552
0.47058824
0.43921569
0.36862746
0.35686275
0.29411766
0.36862746
0.75294119
0.58431375
0.54117650
0.42745098
0.36470589
0.35294119
0.33333334
0.26666668
0.35686275
0.37647060
0.41568628
0.45490196
0.41960785
0.40392157
0.40000001
0.40000001
0.51372552
0.52941179
0.50196081
0.51372552
0.55294120
0.57647061
0.61176473
0.58039218
0.55294120
0.51764709
0.46666667
0.43529412
0.38823530
0.37647060
0.31372550
0.26274511
0.62745100
0.77254903
0.72156864
0.64705884
0.48627451
0.48235294
0.37647060
0.32156864
0.29019609
0.30196080
0.34901962
0.41176471
0.46274510
0.44313726
0.41960785
0.39607844
0.29411766
0.38431373
0.49803922
0.53725493
0.59215689
0.63921571
0.67450982
0.67058825
0.60784316
0.53333336
0.48235294
0.45098040
0.43529412
0.40000001
0.33333334
0.13333334
0.29411766
0.40000001
0.54117650
0.46666667
0.47058824
0.58039218
0.36078432
0.34117648
0.30980393
0.34901962
0.41568628
0.45882353
0.48235294
0.45098040
0.39215687
0.35294119
0.23529412
0.32941177
0.44705883
0.54509807
0.72549021
0.65490198
0.82745099
0.76470590
0.65490198
0.53333336
0.45490196
0.42352942
0.43137255
0.42352942
0.40392157
0.16470589
0.29019609
0.23529412
0.43529412
0.28627452
0.43137255
0.63529414
0.38431373
0.37254903
0.34509805
0.32156864
0.28235295
0.32549021
0.38431373
0.36470589
0.38431373
0.36862746
0.25882354
0.31764707
0.43137255
0.52549022
0.59607846
0.52941179
0.65098041
0.63921571
0.55294120
0.45882353
0.41176471
0.40392157
0.40784314
0.42352942
0.41960785
0.36862746
0.26666668
0.21568628
0.36078432
0.30980393
0.40784314
0.58823532
0.40000001
0.39215687
0.23137255
0.24313726
0.30196080
0.41176471
0.46274510
0.43529412
0.45098040
0.41176471
0.36078432
0.46666667
0.53333336
0.63137257
0.60392159
0.74117649
0.81960785
0.74117649
0.58039218
0.43529412
0.42352942
0.46274510
0.50980395
0.50588238
0.47058824
0.34901962
0.28235295
0.23921569
0.32941177
0.25882354
0.33333334
0.57254905
0.40392157
0.42745098
0.07450981
0.36470589
0.47450981
0.53725493
0.64313728
0.65490198
0.51764709
0.38039216
0.32549021
0.49803922
0.44313726
0.71372551
0.65490198
0.79607844
0.88627452
0.78823531
0.61176473
0.49411765
0.44313726
0.50980395
0.56470591
0.57647061
0.57647061
0.29019609
0.30588236
0.21960784
0.33333334
0.27843139
0.27450982
0.47843137
0.43529412
0.50980395
0.05490196
0.26666668
0.27058825
0.27450982
0.30588236
0.29803923
0.27843139
0.19215687
0.17647059
0.40784314
0.41960785
0.59215689
0.61568630
0.76078433
0.85490197
0.79607844
0.64313728
0.50196081
0.39607844
0.59215689
0.60784316
0.61960787
0.58039218
0.29019609
0.32156864
0.19215687
0.29411766
0.28235295
0.29411766
0.47450981
0.45098040
0.53725493
0.10196079
0.06666667
0.09411765
0.09411765
0.08627451
0.07450981
0.11372549
0.05882353
0.13333334
0.38823530
0.46274510
0.49803922
0.57647061
0.73725492
0.81568629
0.74509805
0.61568630
0.49019608
0.33333334
0.63921571
0.61568630
0.60784316
0.60784316
0.27843139
0.30196080
0.21568628
0.30196080
0.27450982
0.35294119
0.54509807
0.45882353
0.53333336
0.21568628
0.09411765
0.05882353
0.05882353
0.06666667
0.05882353
0.06274510
0.04313726
0.11372549
0.17254902
0.22745098
0.40392157
0.54117650
0.71764708
0.80392158
0.68627453
0.54117650
0.47450981
0.32941177
0.55686277
0.52549022
0.53725493
0.63529414
0.31764707
0.29803923
0.23529412
0.32549021
0.28627452
0.40392157
0.55686277
0.45098040
0.61568630
0.23921569
0.20392157
0.18823530
0.16078432
0.12549020
0.10588235
0.08627451
0.07450981
0.09411765
0.09411765
0.30980393
0.52156866
0.60392159
0.72549021
0.81960785
0.66274512
0.51764709
0.43137255
0.32156864
0.43137255
0.43921569
0.52549022
0.60392159
0.32156864
0.31764707
0.23921569
0.31764707
0.29803923
0.41176471
0.56862748
0.43529412
0.61176473
0.25098041
0.23921569
0.20784314
0.21960784
0.15686275
0.12549020
0.09803922
0.09411765
0.09411765
0.19215687
0.38039216
0.43529412
0.55686277
0.71764708
0.80000001
0.62745100
0.45490196
0.36862746
0.29803923
0.32156864
0.49803922
0.57254905
0.65490198
0.32549021
0.31372550
0.26274511
0.31372550
0.34901962
0.37647060
0.54117650
0.47450981
0.58823532
0.26274511
0.25882354
0.22745098
0.26666668
0.20784314
0.14901961
0.10980392
0.09803922
0.05490196
0.20784314
0.31372550
0.38039216
0.50588238
0.74509805
0.84705883
0.66666669
0.46274510
0.45098040
0.29411766
0.44313726
0.57254905
0.63921571
0.65490198
0.34901962
0.27450982
0.26666668
0.29411766
0.38431373
0.39607844
0.52156866
0.54901963
0.59215689
0.27058825
0.25882354
0.24705882
0.28627452
0.24705882
0.21568628
0.14901961
0.19607843
0.21176471
0.30196080
0.29019609
0.37254903
0.48627451
0.81176472
0.85882354
0.68627453
0.45098040
0.53333336
0.43137255
0.54901963
0.61960787
0.66274512
0.62352943
0.31372550
0.32941177
0.37254903
0.27843139
0.37647060
0.35686275
0.55294120
0.60784316
0.57647061
0.27058825
0.26666668
0.26274511
0.25098041
0.27058825
0.33333334
0.25490198
0.34117648
0.43921569
0.49411765
0.35294119
0.42352942
0.51372552
0.80784315
0.82352942
0.63921571
0.44705883
0.54901963
0.54901963
0.59607846
0.62745100
0.68627453
0.60000002
0.25882354
0.27058825
0.25882354
0.20392157
0.22745098
0.23137255
0.51764709
0.66666669
0.49019608
0.29019609
0.29803923
0.32156864
0.32549021
0.31764707
0.36078432
0.27058825
0.18039216
0.18431373
0.31372550
0.41176471
0.47058824
0.50980395
0.67843139
0.74509805
0.56862748
0.41176471
0.53333336
0.52549022
0.55294120
0.58823532
0.65882355
0.52941179
0.30196080
0.20000000
0.22352941
0.17254902
0.16078432
0.26274511
0.52156866
0.65490198
0.45098040
0.30980393
0.32549021
0.36078432
0.32156864
0.27843139
0.31764707
0.24313726
0.16078432
0.14901961
0.23137255
0.34117648
0.35686275
0.43529412
0.63529414
0.70980394
0.52941179
0.33725491
0.52941179
0.54509807
0.58823532
0.63137257
0.70980394
0.47843137
0.34901962
0.18039216
0.20784314
0.12156863
0.14901961
0.31764707
0.54901963
0.62745100
0.21960784
0.32156864
0.34509805
0.34509805
0.32549021
0.30980393
0.32156864
0.33333334
0.32941177
0.27058825
0.32941177
0.29803923
0.30196080
0.38431373
0.59607846
0.74901962
0.60000002
0.35686275
0.56078434
0.57647061
0.61960787
0.63921571
0.70980394
0.36862746
0.12941177
0.10588235
0.12941177
0.16470589
0.19607843
0.29803923
0.51764709
0.28235295
0.05490196
0.32156864
0.31764707
0.32156864
0.30196080
0.28627452
0.36862746
0.38039216
0.34901962
0.23921569
0.32941177
0.28627452
0.29411766
0.38431373
0.66274512
0.71764708
0.59607846
0.39607844
0.57647061
0.59215689
0.62352943
0.66666669
0.67450982
0.22745098
0.03921569
0.09019608
0.12156863
0.16078432
0.14509805
0.43137255
0.24705882
0.08235294
0.11372549
0.29411766
0.30980393
0.31372550
0.21176471
0.14901961
0.18823530
0.22745098
0.21960784
0.20392157
0.28627452
0.29019609
0.32156864
0.39607844
0.57254905
0.58823532
0.52549022
0.38823530
0.54509807
0.55686277
0.56078434
0.48235294
0.30196080
0.13333334
0.15294118
0.21568628
0.27450982
0.10588235
0.16862746
0.25098041
0.07450981
0.10196079
0.12156863
0.27843139
0.29019609
0.33333334
0.31372550
0.22352941
0.20392157
0.16470589
0.12156863
0.18039216
0.27450982
0.32549021
0.25098041
0.17254902
0.15294118
0.23529412
0.37647060
0.44705883
0.43921569
0.54509807
0.43921569
0.24705882
0.23529412
0.27058825
0.27058825
0.35294119
0.21960784
0.10980392
0.11372549
0.08627451
0.09411765
0.10588235
0.11764706
0.27058825
0.29803923
0.30588236
0.27450982
0.26274511
0.25490198
0.27058825
0.31372550
0.37254903
0.47450981
0.50980395
0.22352941
0.18039216
0.29411766
0.43137255
0.49019608
0.47450981
0.53333336
0.66274512
0.50980395
0.43137255
0.51372552
0.52941179
0.41176471
0.19607843
0.02352941
0.06274510
0.07058824
0.07843138
0.08627451
0.10196079
0.12941177
0.36862746
0.36470589
0.36078432
0.36078432
0.36078432
0.35686275
0.35686275
0.35294119
0.35294119
0.35294119
0.34901962
0.35686275
0.34901962
0.34509805
0.34509805
0.34117648
0.34117648
0.33725491
0.33725491
0.33725491
0.33725491
0.34509805
0.40392157
0.39215687
0.40392157
0.47058824
0.55686277
0.49411765
0.30980393
0.32941177
0.32941177
0.33333334
0.37647060
0.37647060
0.37254903
0.36862746
0.36862746
0.36862746
0.36470589
0.36470589
0.36078432
0.35686275
0.35294119
0.34901962
0.34901962
0.36078432
0.35686275
0.35294119
0.35294119
0.34901962
0.35686275
0.36470589
0.27450982
0.35686275
0.38039216
0.40392157
0.69019610
0.65882355
0.40784314
0.49019608
0.41568628
0.36470589
0.34117648
0.34117648
0.39215687
0.39215687
0.38823530
0.38823530
0.38823530
0.37647060
0.37254903
0.38039216
0.39607844
0.41568628
0.44313726
0.49803922
0.47450981
0.37647060
0.36078432
0.37254903
0.38039216
0.38823530
0.38039216
0.38039216
0.32549021
0.47450981
0.36470589
0.45882353
0.87058824
0.77647060
0.50588238
0.55294120
0.55686277
0.44313726
0.35686275
0.35686275
0.40392157
0.40784314
0.39607844
0.38823530
0.40392157
0.49411765
0.41960785
0.46666667
0.46666667
0.43529412
0.38039216
0.41176471
0.40392157
0.22352941
0.18431373
0.41960785
0.39607844
0.40392157
0.39215687
0.38039216
0.34901962
0.52941179
0.40000001
0.53333336
0.93725491
0.92156863
0.66666669
0.61960787
0.51372552
0.43137255
0.37254903
0.38039216
0.43137255
0.44705883
0.45490196
0.49019608
0.45490196
0.50980395
0.23921569
0.23921569
0.17647059
0.14901961
0.15294118
0.14901961
0.10588235
0.17254902
0.25490198
0.45098040
0.38823530
0.33725491
0.38039216
0.41960785
0.36862746
0.56078434
0.40392157
0.46666667
0.87843138
0.82745099
0.69803923
0.54117650
0.45098040
0.38039216
0.36862746
0.40000001
0.47058824
0.38431373
0.37254903
0.34509805
0.18431373
0.14901961
0.11372549
0.14901961
0.17254902
0.22352941
0.28235295
0.25882354
0.17254902
0.37647060
0.38431373
0.33333334
0.36470589
0.36078432
0.29803923
0.38431373
0.48235294
0.58823532
0.48235294
0.51372552
0.76078433
0.74509805
0.69803923
0.45882353
0.47058824
0.37647060
0.36078432
0.41960785
0.29803923
0.14117648
0.13333334
0.15294118
0.18823530
0.21568628
0.23921569
0.25098041
0.25490198
0.27058825
0.27450982
0.19607843
0.17647059
0.36470589
0.32941177
0.37254903
0.20784314
0.27450982
0.33725491
0.23529412
0.34509805
0.58431375
0.43529412
0.44313726
0.67058825
0.77254903
0.72156864
0.43921569
0.43921569
0.38823530
0.35686275
0.43529412
0.25490198
0.21960784
0.24313726
0.26274511
0.25098041
0.25098041
0.23921569
0.22745098
0.26666668
0.27450982
0.21568628
0.14509805
0.24313726
0.28627452
0.30980393
0.35686275
0.08235294
0.03137255
0.27843139
0.30588236
0.11764706
0.49803922
0.34901962
0.34509805
0.50196081
0.81568629
0.74509805
0.45098040
0.43137255
0.43529412
0.38823530
0.43921569
0.26666668
0.28627452
0.27058825
0.26274511
0.25098041
0.23921569
0.23529412
0.26274511
0.30588236
0.23921569
0.16470589
0.10980392
0.36862746
0.37647060
0.50196081
0.52156866
0.27843139
0.21960784
0.18039216
0.34509805
0.27843139
0.41568628
0.32156864
0.36862746
0.51764709
0.52941179
0.43529412
0.30980393
0.32941177
0.39215687
0.31764707
0.37647060
0.25882354
0.24313726
0.21568628
0.21960784
0.20784314
0.21176471
0.28627452
0.34117648
0.24705882
0.16078432
0.20000000
0.36862746
0.58431375
0.67843139
0.76862746
0.74901962
0.64313728
0.52156866
0.43529412
0.35294119
0.42352942
0.46666667
0.38039216
0.24313726
0.64705884
0.34901962
0.27058825
0.32941177
0.23921569
0.29411766
0.30980393
0.30196080
0.42745098
0.40784314
0.38823530
0.38431373
0.36078432
0.37254903
0.49803922
0.45882353
0.40000001
0.32549021
0.38039216
0.50588238
0.55686277
0.60784316
0.63921571
0.64313728
0.59607846
0.50980395
0.46274510
0.44313726
0.37254903
0.36078432
0.29803923
0.36078432
0.74509805
0.58823532
0.55294120
0.45098040
0.42352942
0.41176471
0.41176471
0.34509805
0.46666667
0.48627451
0.51764709
0.54117650
0.51764709
0.50588238
0.49803922
0.49019608
0.56470591
0.58431375
0.50980395
0.51372552
0.54901963
0.57647061
0.61568630
0.57647061
0.54901963
0.51372552
0.46274510
0.43529412
0.39215687
0.37647060
0.32156864
0.26274511
0.63137257
0.80392158
0.75686276
0.69803923
0.54901963
0.52941179
0.44313726
0.41176471
0.35686275
0.36862746
0.41176471
0.46666667
0.51764709
0.49803922
0.48627451
0.46666667
0.34509805
0.43921569
0.49803922
0.53725493
0.58823532
0.63921571
0.67450982
0.66666669
0.60784316
0.53725493
0.48235294
0.45098040
0.43529412
0.40784314
0.33725491
0.14117648
0.31372550
0.42745098
0.58039218
0.48627451
0.50980395
0.60000002
0.41176471
0.43529412
0.38823530
0.42745098
0.48627451
0.51764709
0.53725493
0.50588238
0.45882353
0.40392157
0.27450982
0.35686275
0.45098040
0.54901963
0.72941178
0.66666669
0.83529413
0.76862746
0.67058825
0.55294120
0.47450981
0.44313726
0.46274510
0.45882353
0.42745098
0.17647059
0.32156864
0.25882354
0.50588238
0.32156864
0.49411765
0.67058825
0.43921569
0.47058824
0.42352942
0.38039216
0.32156864
0.34901962
0.41568628
0.40392157
0.42745098
0.40784314
0.28627452
0.34117648
0.43137255
0.52156866
0.59215689
0.53725493
0.65882355
0.64705884
0.56078434
0.46666667
0.42352942
0.41960785
0.44705883
0.46666667
0.44705883
0.37647060
0.29019609
0.23137255
0.40784314
0.33725491
0.46666667
0.61568630
0.44705883
0.48235294
0.27843139
0.25490198
0.30196080
0.40392157
0.46274510
0.43529412
0.44313726
0.40784314
0.35294119
0.46274510
0.51372552
0.61960787
0.60392159
0.75294119
0.82745099
0.74509805
0.58039218
0.42352942
0.41176471
0.48627451
0.54901963
0.55686277
0.50980395
0.38431373
0.30980393
0.25490198
0.36470589
0.26274511
0.35686275
0.58823532
0.44705883
0.50196081
0.09019608
0.36078432
0.47450981
0.52941179
0.62352943
0.63137257
0.50196081
0.36470589
0.31764707
0.49803922
0.45098040
0.70980394
0.65098041
0.80000001
0.88627452
0.78823531
0.60784316
0.48627451
0.43529412
0.53725493
0.62352943
0.63921571
0.63921571
0.35294119
0.33333334
0.23529412
0.36862746
0.27843139
0.28235295
0.49411765
0.48235294
0.58431375
0.06666667
0.25882354
0.27058825
0.27058825
0.29803923
0.28627452
0.27058825
0.19215687
0.16862746
0.39215687
0.40784314
0.58039218
0.61568630
0.76862746
0.85882354
0.79607844
0.63529414
0.49019608
0.39607844
0.59607846
0.66666669
0.67058825
0.62352943
0.34117648
0.34509805
0.20000000
0.32549021
0.28627452
0.30588236
0.48235294
0.48627451
0.60000002
0.12549020
0.06274510
0.09803922
0.09411765
0.08627451
0.07450981
0.10980392
0.06274510
0.11764706
0.34901962
0.42352942
0.48627451
0.57647061
0.74117649
0.81568629
0.74509805
0.60000002
0.47450981
0.32941177
0.61568630
0.63137257
0.61960787
0.60392159
0.31764707
0.32549021
0.22352941
0.33725491
0.28235295
0.35686275
0.54509807
0.46666667
0.55294120
0.25098041
0.10980392
0.06666667
0.06274510
0.07058824
0.05882353
0.06274510
0.04313726
0.10980392
0.15686275
0.21960784
0.40392157
0.53725493
0.71372551
0.79607844
0.67450982
0.51764709
0.44705883
0.32549021
0.53333336
0.51372552
0.51372552
0.62352943
0.36078432
0.31764707
0.23921569
0.36470589
0.29019609
0.40392157
0.55686277
0.44705883
0.61960787
0.28235295
0.23921569
0.20392157
0.18039216
0.14509805
0.11764706
0.09411765
0.07843138
0.09019608
0.09019608
0.30980393
0.51764709
0.60000002
0.71764708
0.80392158
0.65490198
0.49411765
0.40784314
0.32156864
0.41568628
0.43921569
0.50588238
0.58431375
0.36470589
0.34117648
0.24313726
0.35686275
0.29803923
0.41568628
0.57254905
0.41960785
0.60000002
0.30196080
0.28235295
0.23529412
0.24313726
0.18823530
0.14117648
0.12156863
0.10980392
0.09411765
0.18823530
0.37254903
0.42352942
0.55294120
0.70196080
0.78039217
0.60000002
0.41176471
0.34901962
0.29411766
0.31372550
0.48235294
0.55294120
0.60000002
0.34509805
0.34509805
0.26274511
0.35294119
0.34901962
0.38039216
0.53725493
0.44705883
0.57254905
0.31764707
0.31372550
0.26274511
0.28627452
0.23921569
0.17254902
0.14117648
0.12549020
0.06274510
0.20392157
0.30980393
0.37254903
0.50588238
0.72941178
0.83529413
0.61176473
0.39215687
0.43137255
0.29019609
0.42352942
0.53725493
0.61960787
0.60392159
0.35686275
0.29803923
0.26666668
0.33333334
0.38823530
0.39215687
0.51372552
0.52156866
0.57647061
0.32156864
0.31372550
0.29411766
0.31372550
0.27450982
0.24705882
0.18431373
0.22352941
0.21960784
0.29803923
0.29411766
0.36862746
0.49019608
0.80392158
0.85098040
0.62745100
0.38039216
0.51372552
0.41960785
0.52156866
0.58039218
0.63137257
0.58039218
0.33333334
0.34117648
0.38039216
0.30196080
0.37254903
0.35294119
0.54117650
0.57647061
0.55686277
0.32156864
0.31764707
0.32156864
0.30980393
0.31764707
0.39215687
0.31372550
0.36470589
0.44705883
0.49803922
0.35294119
0.41960785
0.51764709
0.80784315
0.80784315
0.60392159
0.39607844
0.52549022
0.52156866
0.56470591
0.58823532
0.64313728
0.56078434
0.30196080
0.27058825
0.27450982
0.22745098
0.23529412
0.24705882
0.50588238
0.63921571
0.49019608
0.34509805
0.35686275
0.38431373
0.39215687
0.38039216
0.43921569
0.33333334
0.20784314
0.20784314
0.32941177
0.41176471
0.46274510
0.51372552
0.68235296
0.72941178
0.54509807
0.36862746
0.50196081
0.49803922
0.52156866
0.54509807
0.61960787
0.50196081
0.33725491
0.21176471
0.27058825
0.20784314
0.17647059
0.27843139
0.50980395
0.62745100
0.43921569
0.36862746
0.39215687
0.43137255
0.40000001
0.34117648
0.38431373
0.30196080
0.20784314
0.20000000
0.26666668
0.35294119
0.36078432
0.44313726
0.63921571
0.70196080
0.50588238
0.29019609
0.49411765
0.51764709
0.54901963
0.60000002
0.65490198
0.47843137
0.38431373
0.20000000
0.23137255
0.13333334
0.14509805
0.32549021
0.52549022
0.60000002
0.20392157
0.38039216
0.40784314
0.40784314
0.40784314
0.36470589
0.38431373
0.39607844
0.39215687
0.33725491
0.36470589
0.31372550
0.32156864
0.39607844
0.59607846
0.74117649
0.57254905
0.31372550
0.52941179
0.54509807
0.58431375
0.60784316
0.64705884
0.36078432
0.14117648
0.10980392
0.12941177
0.16470589
0.19607843
0.29411766
0.49803922
0.27058825
0.05490196
0.37254903
0.37254903
0.38039216
0.35294119
0.31372550
0.41568628
0.44313726
0.40000001
0.27843139
0.34901962
0.30588236
0.30588236
0.39215687
0.67058825
0.71372551
0.56862748
0.36078432
0.55294120
0.56078434
0.58823532
0.62745100
0.63921571
0.20784314
0.03921569
0.09019608
0.12156863
0.16078432
0.14509805
0.41176471
0.23529412
0.08235294
0.10980392
0.34901962
0.36470589
0.36470589
0.23921569
0.16078432
0.19215687
0.23921569
0.23137255
0.21568628
0.29411766
0.30588236
0.33725491
0.41568628
0.58823532
0.58431375
0.50980395
0.36470589
0.52941179
0.53333336
0.52941179
0.45490196
0.28627452
0.13725491
0.17254902
0.22352941
0.26666668
0.10196079
0.16470589
0.23921569
0.07058824
0.09803922
0.11764706
0.33725491
0.35294119
0.38823530
0.36078432
0.25882354
0.21176471
0.16470589
0.12156863
0.18039216
0.28235295
0.34509805
0.26666668
0.17647059
0.15686275
0.24313726
0.37647060
0.44705883
0.43529412
0.54117650
0.43921569
0.25098041
0.25490198
0.30196080
0.29019609
0.35294119
0.20392157
0.10196079
0.10980392
0.07843138
0.09019608
0.10588235
0.11764706
0.32941177
0.36078432
0.36078432
0.32549021
0.30196080
0.28235295
0.29019609
0.31764707
0.37647060
0.47058824
0.50980395
0.22745098
0.19215687
0.30980393
0.43921569
0.49803922
0.48627451
0.52941179
0.66274512
0.51764709
0.43921569
0.52941179
0.52941179
0.40000001
0.18431373
0.02352941
0.06274510
0.06666667
0.07450981
0.08627451
0.10196079
0.12941177
0.68627453
0.68235296
0.67450982
0.67058825
0.67058825
0.67058825
0.66666669
0.66274512
0.66274512
0.66274512
0.65882355
0.65490198
0.65098041
0.65490198
0.65098041
0.64313728
0.64705884
0.64313728
0.64313728
0.64313728
0.52549022
0.61176473
0.60392159
0.58823532
0.61568630
0.61960787
0.67843139
0.61176473
0.60000002
0.63137257
0.64313728
0.65490198
0.69019610
0.68627453
0.68235296
0.68627453
0.68627453
0.67450982
0.68235296
0.67843139
0.67058825
0.67058825
0.66666669
0.65882355
0.66274512
0.67843139
0.66666669
0.66666669
0.66274512
0.66666669
0.65490198
0.60392159
0.30980393
0.52156866
0.62352943
0.60392159
0.79607844
0.69411767
0.60000002
0.61568630
0.62745100
0.63921571
0.65882355
0.66274512
0.70588237
0.70196080
0.70980394
0.70196080
0.69411767
0.69803923
0.70588237
0.69803923
0.70980394
0.72941178
0.70980394
0.72941178
0.69411767
0.63137257
0.61960787
0.65490198
0.69803923
0.64705884
0.61960787
0.62352943
0.41960785
0.63529414
0.65882355
0.63137257
0.88235295
0.79607844
0.64705884
0.67843139
0.68627453
0.62352943
0.68627453
0.68235296
0.71764708
0.71372551
0.72156864
0.72156864
0.70588237
0.74901962
0.69803923
0.73725492
0.69803923
0.62745100
0.51764709
0.49411765
0.42745098
0.22352941
0.29411766
0.50980395
0.60000002
0.63137257
0.67843139
0.68235296
0.49411765
0.68627453
0.69019610
0.68627453
0.92549020
0.92941177
0.71764708
0.73725492
0.66274512
0.61176473
0.67058825
0.70588237
0.75294119
0.74901962
0.75294119
0.67058825
0.64313728
0.43137255
0.29019609
0.33333334
0.24705882
0.18823530
0.16470589
0.14509805
0.11764706
0.16470589
0.29411766
0.49803922
0.48235294
0.52941179
0.60784316
0.63529414
0.57647061
0.70980394
0.70588237
0.69019610
0.87843138
0.85490197
0.74117649
0.68627453
0.61568630
0.58039218
0.63529414
0.72941178
0.72549021
0.51372552
0.45490196
0.21568628
0.18431373
0.09019608
0.11372549
0.14901961
0.18039216
0.25098041
0.32549021
0.29803923
0.22745098
0.36470589
0.46666667
0.44705883
0.41176471
0.41960785
0.41568628
0.46666667
0.58039218
0.67450982
0.70196080
0.70588237
0.78431374
0.81960785
0.74117649
0.62352943
0.63921571
0.57647061
0.60000002
0.75294119
0.40000001
0.15686275
0.12549020
0.15686275
0.22745098
0.28235295
0.32549021
0.33725491
0.33725491
0.34117648
0.33333334
0.24705882
0.22745098
0.34117648
0.47058824
0.47058824
0.25490198
0.27450982
0.36862746
0.29019609
0.41960785
0.63137257
0.58431375
0.58431375
0.69019610
0.85098040
0.76470590
0.64313728
0.63529414
0.60000002
0.58039218
0.76078433
0.25882354
0.27058825
0.31372550
0.38039216
0.37647060
0.35294119
0.34509805
0.32941177
0.32941177
0.33725491
0.27843139
0.19607843
0.27058825
0.31372550
0.46666667
0.44705883
0.11372549
0.08627451
0.27058825
0.30980393
0.16078432
0.50980395
0.45098040
0.51372552
0.60000002
0.86666667
0.77647060
0.61176473
0.62745100
0.56862748
0.55686277
0.72941178
0.34509805
0.42745098
0.40392157
0.38431373
0.36078432
0.33725491
0.32941177
0.33333334
0.36862746
0.30588236
0.21960784
0.18039216
0.38431373
0.43921569
0.61960787
0.58431375
0.34509805
0.31372550
0.27058825
0.39215687
0.29411766
0.42745098
0.35294119
0.42352942
0.57647061
0.56078434
0.47058824
0.34509805
0.39215687
0.50196081
0.47058824
0.61176473
0.40000001
0.36470589
0.33725491
0.31764707
0.30588236
0.29803923
0.34117648
0.38431373
0.30980393
0.20000000
0.26666668
0.48627451
0.67450982
0.71372551
0.76470590
0.74901962
0.69803923
0.62745100
0.57254905
0.50588238
0.53333336
0.49411765
0.41176471
0.26274511
0.66666669
0.39607844
0.32156864
0.37647060
0.33725491
0.45098040
0.54117650
0.53333336
0.58431375
0.56078434
0.52941179
0.50588238
0.49019608
0.48627451
0.56470591
0.50980395
0.44705883
0.36078432
0.43137255
0.56470591
0.58431375
0.60000002
0.61960787
0.63137257
0.60392159
0.53725493
0.52156866
0.50980395
0.45098040
0.40784314
0.33333334
0.34901962
0.72941178
0.58823532
0.61176473
0.55294120
0.63921571
0.65098041
0.65098041
0.59215689
0.64705884
0.65882355
0.67450982
0.68627453
0.66666669
0.66666669
0.65882355
0.63921571
0.63137257
0.67450982
0.54509807
0.52549022
0.56078434
0.57254905
0.59607846
0.56470591
0.54509807
0.52156866
0.48627451
0.49411765
0.46274510
0.44313726
0.36470589
0.27450982
0.67450982
0.85098040
0.88627452
0.82745099
0.76078433
0.71372551
0.66274512
0.68627453
0.53725493
0.53725493
0.55294120
0.57647061
0.61568630
0.60000002
0.59215689
0.57254905
0.41176471
0.52549022
0.50196081
0.54509807
0.59607846
0.63529414
0.65882355
0.64705884
0.60392159
0.55294120
0.50980395
0.50588238
0.49411765
0.45882353
0.40392157
0.18823530
0.41568628
0.47058824
0.66274512
0.55686277
0.54901963
0.66274512
0.60392159
0.68235296
0.56078434
0.58039218
0.60392159
0.60784316
0.61568630
0.57647061
0.53333336
0.49411765
0.32156864
0.43529412
0.47450981
0.59215689
0.77254903
0.70196080
0.83529413
0.79607844
0.72549021
0.64705884
0.60000002
0.57647061
0.60000002
0.59607846
0.57647061
0.23921569
0.41176471
0.29019609
0.62352943
0.36078432
0.52156866
0.72549021
0.61568630
0.72549021
0.58039218
0.49803922
0.40000001
0.40784314
0.47450981
0.46274510
0.47843137
0.46666667
0.32941177
0.38431373
0.45490196
0.55294120
0.62745100
0.57254905
0.68235296
0.70196080
0.63137257
0.54901963
0.51764709
0.54901963
0.59607846
0.60784316
0.58039218
0.43137255
0.39607844
0.26274511
0.52549022
0.37254903
0.49411765
0.66666669
0.59607846
0.71764708
0.36862746
0.30196080
0.29803923
0.40000001
0.45098040
0.43137255
0.43529412
0.38823530
0.36470589
0.45098040
0.48235294
0.61568630
0.61960787
0.76862746
0.83529413
0.77647060
0.62352943
0.48627451
0.46274510
0.59607846
0.69019610
0.70196080
0.63529414
0.47450981
0.43137255
0.29019609
0.47450981
0.32156864
0.40784314
0.61568630
0.56470591
0.71764708
0.10980392
0.36078432
0.46666667
0.50196081
0.55294120
0.55686277
0.46274510
0.35686275
0.31764707
0.55294120
0.51764709
0.71372551
0.67058825
0.81176472
0.87843138
0.81176472
0.62745100
0.52941179
0.48627451
0.64705884
0.76862746
0.80392158
0.79607844
0.48235294
0.44705883
0.26274511
0.46274510
0.32941177
0.34901962
0.54509807
0.60000002
0.77647060
0.08235294
0.25882354
0.26666668
0.26274511
0.28235295
0.27450982
0.26666668
0.18823530
0.16862746
0.41176471
0.43921569
0.58039218
0.62352943
0.76470590
0.85098040
0.80784315
0.63921571
0.51764709
0.45490196
0.66274512
0.77254903
0.76470590
0.70980394
0.46666667
0.43921569
0.23921569
0.42352942
0.33333334
0.34509805
0.52549022
0.56470591
0.72941178
0.18039216
0.05882353
0.09019608
0.09803922
0.08627451
0.07843138
0.11372549
0.07058824
0.10980392
0.28627452
0.35294119
0.47058824
0.58431375
0.72549021
0.79607844
0.72941178
0.58431375
0.47843137
0.37647060
0.61568630
0.65882355
0.61960787
0.57647061
0.43137255
0.40784314
0.25882354
0.42352942
0.32549021
0.38039216
0.54509807
0.50196081
0.56862748
0.35686275
0.16078432
0.08627451
0.07843138
0.08235294
0.07058824
0.07058824
0.04313726
0.10196079
0.14901961
0.21568628
0.40392157
0.54509807
0.69803923
0.77254903
0.65882355
0.50588238
0.44705883
0.35294119
0.52941179
0.49803922
0.48235294
0.58039218
0.47058824
0.39607844
0.27058825
0.44313726
0.32941177
0.42352942
0.54117650
0.45882353
0.59607846
0.41960785
0.35686275
0.30196080
0.25490198
0.21176471
0.17647059
0.14901961
0.10588235
0.12156863
0.11764706
0.30980393
0.50980395
0.60000002
0.69411767
0.77254903
0.63137257
0.48627451
0.43137255
0.36078432
0.45098040
0.43921569
0.49411765
0.52941179
0.46666667
0.41960785
0.27450982
0.43529412
0.33333334
0.42352942
0.54509807
0.41176471
0.56078434
0.43137255
0.40392157
0.34901962
0.34509805
0.29803923
0.23921569
0.21568628
0.17254902
0.14509805
0.21568628
0.36862746
0.41568628
0.55294120
0.67450982
0.73725492
0.56470591
0.40000001
0.36470589
0.32156864
0.32549021
0.45490196
0.49803922
0.50588238
0.40784314
0.41960785
0.28627452
0.41960785
0.37254903
0.37647060
0.51764709
0.43137255
0.50196081
0.44313726
0.42745098
0.38039216
0.38431373
0.35294119
0.29019609
0.25098041
0.21568628
0.11764706
0.23137255
0.33333334
0.39607844
0.52156866
0.70588237
0.79215688
0.57254905
0.38823530
0.40784314
0.29019609
0.40000001
0.49019608
0.52941179
0.50980395
0.36470589
0.39215687
0.28627452
0.40784314
0.39607844
0.40392157
0.48235294
0.49411765
0.50980395
0.44705883
0.43137255
0.42352942
0.40392157
0.36862746
0.36078432
0.30196080
0.29019609
0.25098041
0.32156864
0.32941177
0.41568628
0.50588238
0.77647060
0.79607844
0.58823532
0.37254903
0.46666667
0.38431373
0.47843137
0.52156866
0.52941179
0.49019608
0.38823530
0.42352942
0.38039216
0.37647060
0.38823530
0.38431373
0.50980395
0.51764709
0.50588238
0.44705883
0.44313726
0.44705883
0.42352942
0.41960785
0.50980395
0.42745098
0.41176471
0.46274510
0.49411765
0.37254903
0.45882353
0.53725493
0.79607844
0.77254903
0.56470591
0.38039216
0.48235294
0.47058824
0.49803922
0.51764709
0.52156866
0.46666667
0.37254903
0.32549021
0.32156864
0.30980393
0.30196080
0.30588236
0.46666667
0.53333336
0.49019608
0.46666667
0.47058824
0.50196081
0.50196081
0.48627451
0.55686277
0.43921569
0.29019609
0.28235295
0.36078432
0.41176471
0.45098040
0.52549022
0.69411767
0.69803923
0.50980395
0.36078432
0.46666667
0.44313726
0.47058824
0.48235294
0.51764709
0.41176471
0.44705883
0.29803923
0.33333334
0.30196080
0.25098041
0.34117648
0.45490196
0.54901963
0.43529412
0.47843137
0.49411765
0.53725493
0.49803922
0.44705883
0.50196081
0.41176471
0.30980393
0.31764707
0.33725491
0.38823530
0.38823530
0.47843137
0.65882355
0.67058825
0.46274510
0.28627452
0.43137255
0.43921569
0.47450981
0.49019608
0.53333336
0.44705883
0.48627451
0.25490198
0.28235295
0.17647059
0.19215687
0.34901962
0.48235294
0.50196081
0.17647059
0.49019608
0.50980395
0.50980395
0.50588238
0.47450981
0.48627451
0.49019608
0.48235294
0.45490196
0.43529412
0.36862746
0.38039216
0.45882353
0.63921571
0.70980394
0.52549022
0.31764707
0.46274510
0.47450981
0.49803922
0.50588238
0.52941179
0.32156864
0.18823530
0.16470589
0.16078432
0.20000000
0.27450982
0.30196080
0.43529412
0.24313726
0.07058824
0.48627451
0.47843137
0.48235294
0.42745098
0.37647060
0.48627451
0.52549022
0.47450981
0.37254903
0.40392157
0.33725491
0.36862746
0.45098040
0.69019610
0.68235296
0.53333336
0.36862746
0.48627451
0.49803922
0.50588238
0.52156866
0.51372552
0.19215687
0.05490196
0.11764706
0.16470589
0.18431373
0.16862746
0.36470589
0.19607843
0.12549020
0.14117648
0.45490196
0.46666667
0.46274510
0.30196080
0.17647059
0.21176471
0.27450982
0.27450982
0.26274511
0.35294119
0.35686275
0.38823530
0.46666667
0.61568630
0.56862748
0.48627451
0.38039216
0.45490196
0.47450981
0.47058824
0.39215687
0.29019609
0.21176471
0.25490198
0.30196080
0.29411766
0.10196079
0.16078432
0.23137255
0.09019608
0.12941177
0.15294118
0.44313726
0.45098040
0.48627451
0.45098040
0.30980393
0.25490198
0.19215687
0.14901961
0.21176471
0.34509805
0.40784314
0.31764707
0.22745098
0.20000000
0.27450982
0.40784314
0.48235294
0.45882353
0.53725493
0.44313726
0.30588236
0.31372550
0.37254903
0.37254903
0.37647060
0.20392157
0.12549020
0.12941177
0.09803922
0.11764706
0.14509805
0.14901961
0.43529412
0.46274510
0.46666667
0.42352942
0.39215687
0.38431373
0.36078432
0.32156864
0.38039216
0.49411765
0.52549022
0.24705882
0.24705882
0.36862746
0.49019608
0.55294120
0.51764709
0.58039218
0.65490198
0.52941179
0.47058824
0.53725493
0.51372552
0.40392157
0.19607843
0.02745098
0.07843138
0.09019608
0.09803922
0.11372549
0.13725491
0.15686275
1 0 0 0 0 0 0 0 0 -1 0
0 1 0 0 0 0 0 0 0 -1 0
0 0 1 0 0 0 0 0 0 -1 0
0 0 0 1 0 0 0 0 0 -1 0
0 0 0 0 1 0 0 0 0 -1 0
0 0 0 0 0 1 0 0 0 -1 0
0 0 0 0 0 0 1 0 0 -1 0
0 0 0 0 0 0 0 1 0 -1 0
0 0 0 0 0 0 0 0 1 -1 0
