0.62352943
0.63137257
0.61568630
0.64705884
0.66666669
0.65490198
0.60000002
0.60784316
0.65490198
0.67058825
0.63529414
0.61568630
0.63529414
0.65098041
0.66666669
0.65490198
0.65098041
0.64313728
0.63921571
0.65490198
0.65882355
0.72156864
0.69019610
0.67058825
0.71372551
0.75686276
0.74117649
0.69019610
0.69803923
0.72156864
0.72941178
0.76862746
0.58039218
0.61176473
0.59215689
0.64705884
0.65098041
0.61568630
0.56078434
0.56862748
0.61176473
0.63529414
0.65098041
0.61568630
0.63529414
0.65882355
0.64313728
0.61568630
0.61960787
0.63529414
0.64313728
0.61960787
0.61960787
0.66274512
0.65490198
0.63529414
0.71764708
0.74509805
0.72549021
0.70980394
0.74117649
0.71764708
0.73725492
0.76470590
0.52549022
0.56862748
0.57254905
0.61568630
0.56862748
0.58039218
0.56470591
0.52941179
0.57647061
0.63921571
0.66666669
0.74117649
0.82352942
0.78823531
0.74509805
0.64313728
0.59607846
0.58823532
0.60392159
0.60784316
0.67058825
0.66274512
0.63137257
0.62745100
0.65098041
0.66666669
0.69803923
0.71764708
0.72549021
0.69411767
0.69019610
0.68627453
0.54901963
0.59607846
0.67058825
0.65490198
0.60000002
0.62745100
0.60392159
0.52941179
0.56862748
0.60000002
0.60000002
0.87450981
0.76862746
0.67843139
0.63137257
0.66666669
0.63529414
0.58823532
0.59607846
0.55686277
0.60000002
0.65882355
0.63137257
0.61568630
0.61960787
0.60000002
0.63921571
0.67843139
0.66274512
0.69019610
0.66274512
0.65490198
0.56078434
0.63921571
0.69019610
0.65098041
0.64705884
0.64313728
0.64313728
0.60784316
0.59607846
0.49019608
0.45098040
0.49411765
0.12941177
0.08235294
0.08627451
0.20392157
0.39607844
0.61568630
0.60392159
0.58039218
0.59607846
0.59215689
0.56470591
0.46274510
0.54117650
0.58039218
0.61176473
0.61960787
0.61960787
0.61568630
0.63137257
0.62352943
0.60392159
0.67450982
0.63529414
0.63529414
0.65882355
0.63137257
0.64705884
0.71372551
0.63529414
0.45882353
0.58823532
0.34901962
0.17254902
0.03137255
0.01960784
0.00392157
0.07450981
0.46274510
0.69019610
0.60784316
0.48235294
0.31372550
0.30980393
0.25490198
0.32156864
0.51372552
0.61960787
0.56862748
0.58431375
0.62352943
0.65490198
0.70196080
0.61176473
0.66274512
0.61960787
0.61960787
0.60000002
0.61568630
0.66274512
0.71372551
0.62745100
0.52941179
0.79607844
0.46666667
0.14901961
0.05098039
0.00784314
0.00784314
0.05882353
0.27450982
0.74117649
0.78431374
0.61568630
0.36078432
0.17647059
0.21176471
0.34509805
0.45098040
0.57647061
0.55686277
0.59607846
0.63137257
0.64313728
0.73333335
0.61176473
0.62352943
0.60392159
0.64705884
0.58823532
0.60392159
0.63529414
0.63529414
0.58431375
0.54901963
0.70196080
0.71372551
0.31764707
0.05490196
0.00784314
0.00392157
0.03921569
0.10196079
0.42352942
0.74901962
0.79607844
0.75686276
0.41960785
0.20392157
0.44313726
0.62352943
0.56862748
0.56078434
0.61568630
0.63921571
0.60392159
0.66274512
0.62352943
0.63137257
0.67058825
0.71372551
0.69411767
0.67450982
0.63921571
0.61960787
0.45098040
0.44705883
0.47058824
0.55686277
0.71764708
0.23921569
0.00000000
0.00392157
0.01176471
0.06274510
0.25098041
0.65098041
0.70196080
0.67058825
0.68235296
0.27450982
0.21176471
0.61960787
0.73725492
0.53333336
0.52549022
0.54509807
0.44313726
0.44313726
0.57254905
0.67058825
0.70980394
0.61568630
0.61176473
0.70196080
0.65098041
0.61960787
0.63137257
0.61176473
0.56862748
0.52549022
0.74509805
0.41960785
0.00392157
0.01176471
0.01176471
0.01568628
0.25098041
0.70588237
0.90196079
0.76470590
0.59607846
0.41176471
0.18823530
0.44705883
0.69411767
0.45882353
0.37647060
0.40392157
0.37254903
0.36862746
0.43137255
0.54117650
0.58039218
0.44313726
0.50196081
0.60784316
0.61568630
0.68627453
0.72941178
0.74901962
0.78431374
0.79215688
0.79607844
0.54509807
0.05098039
0.03137255
0.07843138
0.12549020
0.32156864
0.78039217
0.94509804
0.95686275
0.71372551
0.43529412
0.40000001
0.50196081
0.65098041
0.45490196
0.31372550
0.36470589
0.37647060
0.37647060
0.32549021
0.34901962
0.35686275
0.32549021
0.34509805
0.45490196
0.67843139
0.78039217
0.73725492
0.71372551
0.79215688
0.83529413
0.82745099
0.66274512
0.10588235
0.01176471
0.12549020
0.43137255
0.55686277
0.87058824
0.97254902
0.97254902
0.89803922
0.53333336
0.47058824
0.62745100
0.69019610
0.51372552
0.31764707
0.32941177
0.31764707
0.32549021
0.30980393
0.30588236
0.32156864
0.30980393
0.27843139
0.44313726
0.74509805
0.81960785
0.76862746
0.70196080
0.72156864
0.74117649
0.81960785
0.58431375
0.06666667
0.01960784
0.20000000
0.51764709
0.71372551
0.89411765
0.98431373
0.97254902
0.92941177
0.65098041
0.48235294
0.64705884
0.70588237
0.55294120
0.34509805
0.30196080
0.28235295
0.28627452
0.29411766
0.28627452
0.29803923
0.31764707
0.34509805
0.52549022
0.78823531
0.83921570
0.82352942
0.77254903
0.73333335
0.73333335
0.78431374
0.41568628
0.03921569
0.12156863
0.33725491
0.56470591
0.80392158
0.90980393
0.96862745
0.95294118
0.89411765
0.63921571
0.47843137
0.65490198
0.72549021
0.56470591
0.31764707
0.29019609
0.28235295
0.29411766
0.26274511
0.29019609
0.29019609
0.31764707
0.38039216
0.63137257
0.81960785
0.84313726
0.84313726
0.80000001
0.77647060
0.78039217
0.76470590
0.49019608
0.20000000
0.35294119
0.53725493
0.63137257
0.83921570
0.92941177
0.94509804
0.92941177
0.82745099
0.53725493
0.38431373
0.62352943
0.71372551
0.54117650
0.30196080
0.30196080
0.27450982
0.29019609
0.28235295
0.27843139
0.30980393
0.27843139
0.36470589
0.67058825
0.81960785
0.84705883
0.84313726
0.81176472
0.78823531
0.79607844
0.79607844
0.70196080
0.49803922
0.57254905
0.69019610
0.69411767
0.85882354
0.92549020
0.91372550
0.88235295
0.74117649
0.38039216
0.27450982
0.54901963
0.67843139
0.45490196
0.26274511
0.29019609
0.27843139
0.29411766
0.29411766
0.29411766
0.30980393
0.29803923
0.45490196
0.72156864
0.80392158
0.83137256
0.83921570
0.81568629
0.78039217
0.79215688
0.81568629
0.82352942
0.76078433
0.74901962
0.77647060
0.73725492
0.85098040
0.90196079
0.86274511
0.81176472
0.57254905
0.23921569
0.15294118
0.40000001
0.64705884
0.44313726
0.24313726
0.27058825
0.25098041
0.28627452
0.32156864
0.29411766
0.30196080
0.32549021
0.50980395
0.72156864
0.76862746
0.78431374
0.79215688
0.78039217
0.74509805
0.76862746
0.80784315
0.81960785
0.81176472
0.80000001
0.78039217
0.76862746
0.82745099
0.85490197
0.81568629
0.68235296
0.30980393
0.14117648
0.10588235
0.34901962
0.58431375
0.39607844
0.21568628
0.24313726
0.24313726
0.24705882
0.31764707
0.28235295
0.29411766
0.33725491
0.44313726
0.64705884
0.72156864
0.72156864
0.72941178
0.73725492
0.70980394
0.71764708
0.75294119
0.76862746
0.78039217
0.76078433
0.75686276
0.78039217
0.80784315
0.80392158
0.77254903
0.56078434
0.16862746
0.10588235
0.16078432
0.44313726
0.55686277
0.28627452
0.20784314
0.23529412
0.23529412
0.25098041
0.26666668
0.25882354
0.27843139
0.30980393
0.32156864
0.52156866
0.67450982
0.67058825
0.67843139
0.70196080
0.67843139
0.66666669
0.69803923
0.72941178
0.73725492
0.72156864
0.74509805
0.78431374
0.79607844
0.75686276
0.70588237
0.47450981
0.13725491
0.11372549
0.25490198
0.50980395
0.52549022
0.25882354
0.18823530
0.20392157
0.20784314
0.24313726
0.21568628
0.25098041
0.25882354
0.25490198
0.24313726
0.38823530
0.61568630
0.64313728
0.64705884
0.65882355
0.63921571
0.63137257
0.66274512
0.68235296
0.67843139
0.71372551
0.74509805
0.76470590
0.76862746
0.70196080
0.57647061
0.33725491
0.07058824
0.18039216
0.32549021
0.47450981
0.50196081
0.23137255
0.18039216
0.16470589
0.16862746
0.22352941
0.28235295
0.27450982
0.24705882
0.27843139
0.22352941
0.32156864
0.52549022
0.61568630
0.61568630
0.62745100
0.61568630
0.60392159
0.62745100
0.63137257
0.64705884
0.69803923
0.71372551
0.71372551
0.71372551
0.63137257
0.49803922
0.20000000
0.04705882
0.20784314
0.32549021
0.50980395
0.56470591
0.30588236
0.22745098
0.19215687
0.15686275
0.20784314
0.28235295
0.26666668
0.26666668
0.29411766
0.30588236
0.30196080
0.38823530
0.57254905
0.60000002
0.60784316
0.61960787
0.60784316
0.61568630
0.62745100
0.64705884
0.65882355
0.65098041
0.65490198
0.64313728
0.61568630
0.51372552
0.20000000
0.10588235
0.23137255
0.28235295
0.48627451
0.55686277
0.32549021
0.27058825
0.24313726
0.21960784
0.20000000
0.26666668
0.26274511
0.28627452
0.28627452
0.29803923
0.25882354
0.24313726
0.45098040
0.59215689
0.59607846
0.60392159
0.60392159
0.61176473
0.62352943
0.63137257
0.61568630
0.57647061
0.57254905
0.57647061
0.61960787
0.58823532
0.33333334
0.23529412
0.21176471
0.25882354
0.47843137
0.54509807
0.30588236
0.26666668
0.27843139
0.24313726
0.27450982
0.25098041
0.26666668
0.25490198
0.22352941
0.23529412
0.21568628
0.20392157
0.32549021
0.53333336
0.54901963
0.56862748
0.58431375
0.57254905
0.59215689
0.59215689
0.55294120
0.50196081
0.50588238
0.56078434
0.65098041
0.65882355
0.50196081
0.21568628
0.18823530
0.23921569
0.41176471
0.52549022
0.31372550
0.25098041
0.27058825
0.24313726
0.27450982
0.23921569
0.26274511
0.23921569
0.20784314
0.19607843
0.21568628
0.23137255
0.30588236
0.53725493
0.52941179
0.42352942
0.46666667
0.51372552
0.49411765
0.50588238
0.40392157
0.40392157
0.58823532
0.62352943
0.66666669
0.65882355
0.48627451
0.19215687
0.17647059
0.21960784
0.30980393
0.36470589
0.25882354
0.22352941
0.21960784
0.22352941
0.26274511
0.26274511
0.24705882
0.20392157
0.22352941
0.19215687
0.18431373
0.20000000
0.25490198
0.52549022
0.61176473
0.32941177
0.13333334
0.25098041
0.28235295
0.30196080
0.19215687
0.44313726
0.70980394
0.65098041
0.63921571
0.56862748
0.37647060
0.21568628
0.21960784
0.20392157
0.21960784
0.25490198
0.21960784
0.20392157
0.21960784
0.21960784
0.24313726
0.26666668
0.23529412
0.23921569
0.22352941
0.18039216
0.12156863
0.14901961
0.20000000
0.45098040
0.60784316
0.33725491
0.10588235
0.06666667
0.07058824
0.10196079
0.14117648
0.53725493
0.69019610
0.64705884
0.55294120
0.45098040
0.32941177
0.23921569
0.24313726
0.20000000
0.20000000
0.24705882
0.24313726
0.21960784
0.22352941
0.19607843
0.21960784
0.24705882
0.24313726
0.23921569
0.23529412
0.19607843
0.16078432
0.15294118
0.21568628
0.44313726
0.46666667
0.24313726
0.14901961
0.16862746
0.12941177
0.11764706
0.16078432
0.54901963
0.62745100
0.53333336
0.35686275
0.31372550
0.26274511
0.23529412
0.20392157
0.18431373
0.21176471
0.21960784
0.25490198
0.22745098
0.17647059
0.16470589
0.19215687
0.22745098
0.24705882
0.23921569
0.22352941
0.19215687
0.16078432
0.20000000
0.25098041
0.26666668
0.21568628
0.16470589
0.17254902
0.16862746
0.15686275
0.15294118
0.21568628
0.54509807
0.57254905
0.36862746
0.18823530
0.22745098
0.23921569
0.20784314
0.17647059
0.20392157
0.20784314
0.20784314
0.22352941
0.23137255
0.18431373
0.17647059
0.19215687
0.20392157
0.20392157
0.18823530
0.21176471
0.18039216
0.14901961
0.17647059
0.18039216
0.14901961
0.16862746
0.16470589
0.15294118
0.13333334
0.14901961
0.16862746
0.23137255
0.43137255
0.38431373
0.26666668
0.20392157
0.21568628
0.19607843
0.18039216
0.16078432
0.17254902
0.19215687
0.21568628
0.22352941
0.22352941
0.23529412
0.21176471
0.20392157
0.26666668
0.23137255
0.23529412
0.22352941
0.21176471
0.16862746
0.17254902
0.19607843
0.21176471
0.20392157
0.18823530
0.17647059
0.15294118
0.15686275
0.20000000
0.22745098
0.25490198
0.21568628
0.20784314
0.20000000
0.20784314
0.22352941
0.21568628
0.21176471
0.21176471
0.20784314
0.22745098
0.21176471
0.23529412
0.22352941
0.23137255
0.21568628
0.76862746
0.80392158
0.77647060
0.79607844
0.82352942
0.81960785
0.76862746
0.77254903
0.80784315
0.82352942
0.80000001
0.78431374
0.80000001
0.81960785
0.83529413
0.81176472
0.80784315
0.80000001
0.79607844
0.81176472
0.80784315
0.86666667
0.83921570
0.81960785
0.85098040
0.87450981
0.85882354
0.81568629
0.81568629
0.83529413
0.86274511
0.87450981
0.77647060
0.83529413
0.80000001
0.84705883
0.85882354
0.83529413
0.78823531
0.77647060
0.80000001
0.82745099
0.85490197
0.82352942
0.81960785
0.85882354
0.85882354
0.83921570
0.83529413
0.84705883
0.85490197
0.83137256
0.81960785
0.85490197
0.85098040
0.83529413
0.89803922
0.89803922
0.87843138
0.86274511
0.89019608
0.86274511
0.90196079
0.90980393
0.72549021
0.79607844
0.78431374
0.81960785
0.78039217
0.79607844
0.78431374
0.75294119
0.80000001
0.83529413
0.82745099
0.86666667
0.92156863
0.90980393
0.90588236
0.83921570
0.80784315
0.80000001
0.81568629
0.81960785
0.86666667
0.85490197
0.82352942
0.82352942
0.83921570
0.84705883
0.87843138
0.89411765
0.89411765
0.85882354
0.88235295
0.85882354
0.72549021
0.79607844
0.85882354
0.83921570
0.78823531
0.81568629
0.79215688
0.74117649
0.79215688
0.77254903
0.69803923
0.91764706
0.80000001
0.72549021
0.72156864
0.79215688
0.81176472
0.79607844
0.81176472
0.76862746
0.79607844
0.84705883
0.81960785
0.80784315
0.81960785
0.80000001
0.83137256
0.86666667
0.85098040
0.87058824
0.86666667
0.83529413
0.72941178
0.82745099
0.86274511
0.82352942
0.82352942
0.81960785
0.81960785
0.79607844
0.78431374
0.61960787
0.50588238
0.50980395
0.16862746
0.12549020
0.14117648
0.27058825
0.52156866
0.81176472
0.83529413
0.79215688
0.78431374
0.76862746
0.74117649
0.64313728
0.73333335
0.78823531
0.80784315
0.81960785
0.81960785
0.81568629
0.83529413
0.78823531
0.77254903
0.86274511
0.80784315
0.80392158
0.83529413
0.80784315
0.82352942
0.89411765
0.78823531
0.53333336
0.59607846
0.34117648
0.19607843
0.05098039
0.03921569
0.02352941
0.13725491
0.58431375
0.84313726
0.74509805
0.59215689
0.41568628
0.40392157
0.34509805
0.44313726
0.68627453
0.81568629
0.77647060
0.78431374
0.81960785
0.85490197
0.86666667
0.78039217
0.85098040
0.79215688
0.79215688
0.77647060
0.79215688
0.83921570
0.86666667
0.70980394
0.53333336
0.77254903
0.47450981
0.19215687
0.08235294
0.01568628
0.00784314
0.07843138
0.33725491
0.82745099
0.85490197
0.67843139
0.42352942
0.23529412
0.26666668
0.41960785
0.57254905
0.74509805
0.75686276
0.79607844
0.82745099
0.84313726
0.89411765
0.78039217
0.81176472
0.77647060
0.81568629
0.76470590
0.78039217
0.81568629
0.75686276
0.58431375
0.49019608
0.67843139
0.76862746
0.40392157
0.11764706
0.03137255
0.01176471
0.05490196
0.15686275
0.49803922
0.80784315
0.85098040
0.81960785
0.47843137
0.26666668
0.50980395
0.70196080
0.69803923
0.74509805
0.82352942
0.83529413
0.80392158
0.82352942
0.78431374
0.81960785
0.84313726
0.87058824
0.85882354
0.84313726
0.81568629
0.73333335
0.44313726
0.36862746
0.39215687
0.54901963
0.79607844
0.31764707
0.04313726
0.01568628
0.02745098
0.09803922
0.30588236
0.70980394
0.75294119
0.72156864
0.74117649
0.35686275
0.29803923
0.69411767
0.82745099
0.68627453
0.72156864
0.72549021
0.63529414
0.60784316
0.72941178
0.86274511
0.88235295
0.77647060
0.77647060
0.86274511
0.80784315
0.73725492
0.67058825
0.58431375
0.50196081
0.49019608
0.80392158
0.49803922
0.05098039
0.01960784
0.01960784
0.03921569
0.29019609
0.75686276
0.94117647
0.80000001
0.65098041
0.49803922
0.28235295
0.52156866
0.76862746
0.58823532
0.56470591
0.57254905
0.55686277
0.53725493
0.60000002
0.74117649
0.76470590
0.61960787
0.68235296
0.76470590
0.74117649
0.78823531
0.80784315
0.80000001
0.80392158
0.81176472
0.86274511
0.62352943
0.10196079
0.04313726
0.10196079
0.15686275
0.35686275
0.81960785
0.97254902
0.98431373
0.76078433
0.50588238
0.48235294
0.57647061
0.72156864
0.58039218
0.49411765
0.53333336
0.56470591
0.54901963
0.50196081
0.55686277
0.55294120
0.51764709
0.52941179
0.60000002
0.77647060
0.85882354
0.82745099
0.81568629
0.87058824
0.88627452
0.89411765
0.74117649
0.15294118
0.02352941
0.16470589
0.47843137
0.59215689
0.89019608
0.98823529
0.99215686
0.93333334
0.59215689
0.54901963
0.69803923
0.76078433
0.63529414
0.49411765
0.49803922
0.50980395
0.49803922
0.49803922
0.52156866
0.52156866
0.50588238
0.46274510
0.58039218
0.82745099
0.87843138
0.84705883
0.81568629
0.81568629
0.80392158
0.89019608
0.66274512
0.11372549
0.03529412
0.25098041
0.57254905
0.74509805
0.90980393
0.99215686
0.98823529
0.96078432
0.70588237
0.55686277
0.71372551
0.77254903
0.66666669
0.51764709
0.47450981
0.47450981
0.45882353
0.47843137
0.50588238
0.49803922
0.50980395
0.51764709
0.65098041
0.85490197
0.88627452
0.88627452
0.85098040
0.82352942
0.81960785
0.86274511
0.48627451
0.09019608
0.16470589
0.39215687
0.61960787
0.84705883
0.94509804
0.99215686
0.98431373
0.95294118
0.72156864
0.56470591
0.71372551
0.78431374
0.67450982
0.49019608
0.47450981
0.48235294
0.46274510
0.44313726
0.49803922
0.48627451
0.50588238
0.54509807
0.74901962
0.88627452
0.89019608
0.89803922
0.86666667
0.85490197
0.86666667
0.84313726
0.56078434
0.25490198
0.40392157
0.59607846
0.68627453
0.89019608
0.96470588
0.98039216
0.96862745
0.89411765
0.61960787
0.46666667
0.68235296
0.77254903
0.65490198
0.47843137
0.49019608
0.47843137
0.45882353
0.46274510
0.48627451
0.49803922
0.46274510
0.52941179
0.78039217
0.88627452
0.89019608
0.88627452
0.87058824
0.85882354
0.87058824
0.87450981
0.76862746
0.55294120
0.61960787
0.74509805
0.74901962
0.90588236
0.96078432
0.95686275
0.93725491
0.80392158
0.45098040
0.34901962
0.60784316
0.73725492
0.56862748
0.43921569
0.47450981
0.48235294
0.46274510
0.47450981
0.50196081
0.49803922
0.48235294
0.61176473
0.82745099
0.87058824
0.87058824
0.87058824
0.85882354
0.83921570
0.86274511
0.89411765
0.89019608
0.81568629
0.80000001
0.83529413
0.79607844
0.89803922
0.93725491
0.91764706
0.88235295
0.63921571
0.29803923
0.21960784
0.46666667
0.70980394
0.56470591
0.42352942
0.45490196
0.45490196
0.45490196
0.49803922
0.50588238
0.49803922
0.50588238
0.65490198
0.81960785
0.84313726
0.84313726
0.83921570
0.83529413
0.80784315
0.83529413
0.88235295
0.89019608
0.87450981
0.85490197
0.83529413
0.81960785
0.87058824
0.89411765
0.87450981
0.75686276
0.37647060
0.20392157
0.17254902
0.41960785
0.66666669
0.53333336
0.39607844
0.43529412
0.44705883
0.41960785
0.49019608
0.49019608
0.49803922
0.51372552
0.58823532
0.75294119
0.80392158
0.79607844
0.79607844
0.80392158
0.78039217
0.78823531
0.82352942
0.83921570
0.85098040
0.83137256
0.80784315
0.82745099
0.85490197
0.85098040
0.83137256
0.63137257
0.23921569
0.17647059
0.23529412
0.52156866
0.66274512
0.44313726
0.38431373
0.42745098
0.44313726
0.41960785
0.43529412
0.47058824
0.48235294
0.50196081
0.48627451
0.64313728
0.76470590
0.74509805
0.75294119
0.77647060
0.75294119
0.74117649
0.76862746
0.80000001
0.80784315
0.78823531
0.80392158
0.83921570
0.85098040
0.81176472
0.76862746
0.54901963
0.21176471
0.19607843
0.33333334
0.58823532
0.63529414
0.41568628
0.36470589
0.39215687
0.41176471
0.41568628
0.38823530
0.45882353
0.46274510
0.45490196
0.43137255
0.53333336
0.72156864
0.72156864
0.72156864
0.73333335
0.71372551
0.70588237
0.73333335
0.75294119
0.74901962
0.78431374
0.81960785
0.83529413
0.83921570
0.77254903
0.64705884
0.41176471
0.14901961
0.26666668
0.41176471
0.55686277
0.60784316
0.38431373
0.35294119
0.34901962
0.37254903
0.39215687
0.45490196
0.48627451
0.45098040
0.48235294
0.42352942
0.48235294
0.65098041
0.70588237
0.69411767
0.70588237
0.69019610
0.67843139
0.69411767
0.70196080
0.71764708
0.76862746
0.79215688
0.79607844
0.78823531
0.70980394
0.57254905
0.27450982
0.12549020
0.29803923
0.41960785
0.59607846
0.67058825
0.45490196
0.39607844
0.37647060
0.36078432
0.37647060
0.45490196
0.47450981
0.46274510
0.49019608
0.50196081
0.47450981
0.52941179
0.68235296
0.68627453
0.68627453
0.69019610
0.67450982
0.67450982
0.68627453
0.70588237
0.72549021
0.72549021
0.73333335
0.71764708
0.69019610
0.58039218
0.26666668
0.18823530
0.33333334
0.39607844
0.58431375
0.64705884
0.45882353
0.44313726
0.43137255
0.41960785
0.36862746
0.44313726
0.47058824
0.47843137
0.47843137
0.49411765
0.43921569
0.39607844
0.57254905
0.68627453
0.67843139
0.67450982
0.66666669
0.67843139
0.69019610
0.69411767
0.68235296
0.65098041
0.65098041
0.65098041
0.69019610
0.65882355
0.40392157
0.32156864
0.32549021
0.39215687
0.59215689
0.63921571
0.43921569
0.44313726
0.46666667
0.44705883
0.44313726
0.42352942
0.46666667
0.44313726
0.41568628
0.43137255
0.39607844
0.36078432
0.45490196
0.63529414
0.63921571
0.64705884
0.66274512
0.65490198
0.67450982
0.67843139
0.63921571
0.58431375
0.58431375
0.63529414
0.72549021
0.73333335
0.58431375
0.32549021
0.32156864
0.38431373
0.54117650
0.63921571
0.46274510
0.43529412
0.45882353
0.44705883
0.44313726
0.41176471
0.46666667
0.42745098
0.40000001
0.39215687
0.39607844
0.39215687
0.44705883
0.65490198
0.63921571
0.52156866
0.56078434
0.61568630
0.59607846
0.60784316
0.50196081
0.48627451
0.66274512
0.69803923
0.73725492
0.73725492
0.58823532
0.31372550
0.31764707
0.37647060
0.45490196
0.49803922
0.42745098
0.41960785
0.41176471
0.42745098
0.43137255
0.43137255
0.44313726
0.38431373
0.40784314
0.38039216
0.36470589
0.36862746
0.40000001
0.65098041
0.72941178
0.43921569
0.24313726
0.36078432
0.39215687
0.41176471
0.29803923
0.52549022
0.78431374
0.72941178
0.72156864
0.66274512
0.49411765
0.35686275
0.37647060
0.37254903
0.38039216
0.40784314
0.40000001
0.39607844
0.40784314
0.42352942
0.41960785
0.42352942
0.42352942
0.41176471
0.38823530
0.35294119
0.29411766
0.32156864
0.34901962
0.56470591
0.71764708
0.46274510
0.23921569
0.18823530
0.19215687
0.22352941
0.25490198
0.61960787
0.76470590
0.73725492
0.65882355
0.56862748
0.46666667
0.40000001
0.42352942
0.38431373
0.38039216
0.41960785
0.41960785
0.39607844
0.40784314
0.40392157
0.41176471
0.40392157
0.43137255
0.41176471
0.39607844
0.36862746
0.33333334
0.32549021
0.37254903
0.57647061
0.59607846
0.38039216
0.29411766
0.30196080
0.25882354
0.25098041
0.28627452
0.63921571
0.71372551
0.64313728
0.48627451
0.45098040
0.40784314
0.40000001
0.38823530
0.37254903
0.39215687
0.39607844
0.43137255
0.40000001
0.35294119
0.36078432
0.37254903
0.38039216
0.43529412
0.40784314
0.38823530
0.36470589
0.33333334
0.37254903
0.41568628
0.42352942
0.37254903
0.32549021
0.33333334
0.31372550
0.29803923
0.29803923
0.35686275
0.65098041
0.67843139
0.50196081
0.34117648
0.37254903
0.38431373
0.37254903
0.35686275
0.38823530
0.38823530
0.38431373
0.40000001
0.40000001
0.34509805
0.36470589
0.36078432
0.35686275
0.38823530
0.35294119
0.37647060
0.35294119
0.32156864
0.34901962
0.35294119
0.32549021
0.34509805
0.34509805
0.32941177
0.29411766
0.30588236
0.32941177
0.38823530
0.56470591
0.51764709
0.41568628
0.36862746
0.36862746
0.34117648
0.34117648
0.33725491
0.35294119
0.36862746
0.39215687
0.40392157
0.39215687
0.38823530
0.38823530
0.36078432
0.41176471
0.38823530
0.38431373
0.38039216
0.37647060
0.33333334
0.33725491
0.35686275
0.36862746
0.35686275
0.32941177
0.31764707
0.30588236
0.30980393
0.36078432
0.38823530
0.40000001
0.36078432
0.35686275
0.35686275
0.34901962
0.35686275
0.35294119
0.35294119
0.36470589
0.36862746
0.38823530
0.37254903
0.38823530
0.35686275
0.37647060
0.35294119
0.53725493
0.54117650
0.52941179
0.58431375
0.60784316
0.56862748
0.48235294
0.49019608
0.56078434
0.59607846
0.55294120
0.51372552
0.53333336
0.54117650
0.57254905
0.58823532
0.58823532
0.58039218
0.57647061
0.59215689
0.58039218
0.62745100
0.58431375
0.55294120
0.61568630
0.68627453
0.65882355
0.60000002
0.59607846
0.62352943
0.66666669
0.71372551
0.47058824
0.50196081
0.48235294
0.57647061
0.58823532
0.50980395
0.40784314
0.41568628
0.49411765
0.52156866
0.55294120
0.52156866
0.53333336
0.56078434
0.53725493
0.50980395
0.53725493
0.56078434
0.56862748
0.54509807
0.54509807
0.58039218
0.56470591
0.53333336
0.61176473
0.64313728
0.62352943
0.60784316
0.63921571
0.61568630
0.63921571
0.68235296
0.43529412
0.47450981
0.48235294
0.54901963
0.50196081
0.49019608
0.44705883
0.40784314
0.45882353
0.52156866
0.58823532
0.70588237
0.79215688
0.76862746
0.70588237
0.56470591
0.50588238
0.49803922
0.51764709
0.51764709
0.61176473
0.62352943
0.57647061
0.56470591
0.56470591
0.56470591
0.60784316
0.63921571
0.65882355
0.61960787
0.59215689
0.60392159
0.46274510
0.51764709
0.60000002
0.58039218
0.52549022
0.54901963
0.52156866
0.43921569
0.46666667
0.52549022
0.58431375
0.90196079
0.81176472
0.73333335
0.67058825
0.65882355
0.58431375
0.50980395
0.49803922
0.45882353
0.51372552
0.58039218
0.54509807
0.51372552
0.50588238
0.50196081
0.57647061
0.61960787
0.58823532
0.61960787
0.57254905
0.58039218
0.45098040
0.56470591
0.61568630
0.55294120
0.56078434
0.55686277
0.55686277
0.51764709
0.53333336
0.49803922
0.49803922
0.54509807
0.20392157
0.14901961
0.14117648
0.25490198
0.41960785
0.58039218
0.51372552
0.49411765
0.52941179
0.54509807
0.53725493
0.41960785
0.45098040
0.48235294
0.54509807
0.52941179
0.48627451
0.51372552
0.53725493
0.54117650
0.49411765
0.60000002
0.56078434
0.53333336
0.57254905
0.54509807
0.56078434
0.65490198
0.64313728
0.49019608
0.61960787
0.38039216
0.23529412
0.07843138
0.05098039
0.02745098
0.10196079
0.46274510
0.66274512
0.58823532
0.49019608
0.37254903
0.41176471
0.36470589
0.38431373
0.47450981
0.49411765
0.43137255
0.49019608
0.53333336
0.56470591
0.63137257
0.49803922
0.58431375
0.54901963
0.52156866
0.51372552
0.52941179
0.57254905
0.66274512
0.63137257
0.54117650
0.81960785
0.50980395
0.22352941
0.10588235
0.03529412
0.01960784
0.08235294
0.31372550
0.78823531
0.83529413
0.65490198
0.42352942
0.29019609
0.33333334
0.46274510
0.49411765
0.48235294
0.43529412
0.52549022
0.55294120
0.56470591
0.67058825
0.50196081
0.54509807
0.52941179
0.54509807
0.50196081
0.51764709
0.54901963
0.54901963
0.50980395
0.50980395
0.73333335
0.80000001
0.42352942
0.13333334
0.03921569
0.01568628
0.05882353
0.16862746
0.52941179
0.85882354
0.88235295
0.85098040
0.54117650
0.31372550
0.56078434
0.73725492
0.58431375
0.50196081
0.53725493
0.56862748
0.53725493
0.61176473
0.54509807
0.55686277
0.59215689
0.61568630
0.59215689
0.57254905
0.55686277
0.56862748
0.41176471
0.39215687
0.42745098
0.57647061
0.82745099
0.33725491
0.04705882
0.01568628
0.01960784
0.10980392
0.34901962
0.77254903
0.80784315
0.78823531
0.82352942
0.40392157
0.34117648
0.75294119
0.83529413
0.54509807
0.47843137
0.53333336
0.43529412
0.43921569
0.52549022
0.60784316
0.63529414
0.51764709
0.49411765
0.61176473
0.61960787
0.66274512
0.70196080
0.62745100
0.53725493
0.52549022
0.85490197
0.52549022
0.05490196
0.01960784
0.01960784
0.04705882
0.32549021
0.81176472
0.96862745
0.83921570
0.72156864
0.54901963
0.31764707
0.57647061
0.80784315
0.50588238
0.37254903
0.42352942
0.39215687
0.39215687
0.40000001
0.49019608
0.52549022
0.35294119
0.40392157
0.56862748
0.66666669
0.80784315
0.86666667
0.85882354
0.85882354
0.86666667
0.90980393
0.65098041
0.10588235
0.04705882
0.10980392
0.17647059
0.39215687
0.86274511
0.98431373
0.99215686
0.81176472
0.56470591
0.52549022
0.63921571
0.77647060
0.52941179
0.33333334
0.37647060
0.38431373
0.38823530
0.31372550
0.32156864
0.32156864
0.27058825
0.29803923
0.47058824
0.78823531
0.94117647
0.89411765
0.86666667
0.91764706
0.93725491
0.94509804
0.76470590
0.16078432
0.02745098
0.18039216
0.50196081
0.62352943
0.92156863
0.97647059
0.98823529
0.97647059
0.65490198
0.60000002
0.76862746
0.83529413
0.61960787
0.36862746
0.33333334
0.31764707
0.32156864
0.30588236
0.28235295
0.29019609
0.29019609
0.28235295
0.49019608
0.87058824
0.97254902
0.90980393
0.85490197
0.84705883
0.84313726
0.93725491
0.69019610
0.12549020
0.04313726
0.27843139
0.60392159
0.77647060
0.93333334
0.97647059
0.98039216
1.00000000
0.76862746
0.61568630
0.79607844
0.86274511
0.67450982
0.40784314
0.30196080
0.27450982
0.27843139
0.26666668
0.25098041
0.26666668
0.30588236
0.35686275
0.58039218
0.89803922
0.96862745
0.94901961
0.90588236
0.87450981
0.86666667
0.90588236
0.52156866
0.11764706
0.18823530
0.43529412
0.66274512
0.88235295
0.96862745
0.99215686
0.99215686
0.98431373
0.77647060
0.63137257
0.80392158
0.87058824
0.66274512
0.35686275
0.29803923
0.27843139
0.28627452
0.25882354
0.28235295
0.28627452
0.32156864
0.40784314
0.70588237
0.92941177
0.96078432
0.95686275
0.92156863
0.90588236
0.91372550
0.88627452
0.59607846
0.28627452
0.43137255
0.64313728
0.72941178
0.92549020
0.99607843
0.99607843
0.98823529
0.92549020
0.67058825
0.52549022
0.75686276
0.84313726
0.61960787
0.32549021
0.31372550
0.27450982
0.28235295
0.30196080
0.29411766
0.32549021
0.29803923
0.41960785
0.77254903
0.92941177
0.93725491
0.93333334
0.91372550
0.89803922
0.90980393
0.91764706
0.80392158
0.58431375
0.64705884
0.79215688
0.79215688
0.94117647
0.99215686
0.98039216
0.96470588
0.83529413
0.49411765
0.38823530
0.65882355
0.78431374
0.50980395
0.26666668
0.29411766
0.27843139
0.28627452
0.29803923
0.29411766
0.31372550
0.31372550
0.52941179
0.85098040
0.91372550
0.90588236
0.90980393
0.89803922
0.87450981
0.89803922
0.93725491
0.92941177
0.84705883
0.82745099
0.87843138
0.83921570
0.93333334
0.96862745
0.95294118
0.91764706
0.67058825
0.32941177
0.24313726
0.49019608
0.73333335
0.48235294
0.23137255
0.27450982
0.25098041
0.27843139
0.31764707
0.29019609
0.30196080
0.34509805
0.59215689
0.85490197
0.86666667
0.84705883
0.86274511
0.85882354
0.82745099
0.85882354
0.90588236
0.91372550
0.89411765
0.87450981
0.86666667
0.85882354
0.90980393
0.93333334
0.91764706
0.79607844
0.41176471
0.23529412
0.18823530
0.43921569
0.66666669
0.40392157
0.19215687
0.23921569
0.23137255
0.23529412
0.31764707
0.28235295
0.30980393
0.35294119
0.50980395
0.76862746
0.81960785
0.79215688
0.80392158
0.81176472
0.78431374
0.79607844
0.83137256
0.84705883
0.85882354
0.83921570
0.83137256
0.85882354
0.89411765
0.90196079
0.88235295
0.67058825
0.27450982
0.20392157
0.23921569
0.53725493
0.63921571
0.27450982
0.18823530
0.21960784
0.21568628
0.23529412
0.26666668
0.25882354
0.29411766
0.29803923
0.33725491
0.61176473
0.79607844
0.76862746
0.74509805
0.76862746
0.74509805
0.73725492
0.77647060
0.80784315
0.81568629
0.80000001
0.82352942
0.87058824
0.88627452
0.85882354
0.81568629
0.58039218
0.22745098
0.18823530
0.30588236
0.59607846
0.60784316
0.25490198
0.18431373
0.20000000
0.19607843
0.23921569
0.21960784
0.25098041
0.27450982
0.23921569
0.23529412
0.44705883
0.72941178
0.74509805
0.70196080
0.71372551
0.69411767
0.69019610
0.74117649
0.76078433
0.75686276
0.79215688
0.83137256
0.85882354
0.87058824
0.81568629
0.69019610
0.43137255
0.13333334
0.21568628
0.34509805
0.54117650
0.58039218
0.23529412
0.19607843
0.17254902
0.17254902
0.22745098
0.28627452
0.27843139
0.26274511
0.27843139
0.22352941
0.35686275
0.61568630
0.70588237
0.66666669
0.67843139
0.66274512
0.65882355
0.70196080
0.70980394
0.72549021
0.77647060
0.80392158
0.81568629
0.81960785
0.74901962
0.60784316
0.28627452
0.09411765
0.21960784
0.32549021
0.56862748
0.64313728
0.31764707
0.24705882
0.20392157
0.16470589
0.22352941
0.29019609
0.28235295
0.27058825
0.29803923
0.30980393
0.33333334
0.47058824
0.67843139
0.68235296
0.67843139
0.67450982
0.65882355
0.68627453
0.69803923
0.71764708
0.73333335
0.72941178
0.74509805
0.74117649
0.72549021
0.60392159
0.27450982
0.16470589
0.23137255
0.26666668
0.55294120
0.64313728
0.32156864
0.26274511
0.24705882
0.21568628
0.20392157
0.28235295
0.29019609
0.29019609
0.29019609
0.30196080
0.28627452
0.32156864
0.57254905
0.71372551
0.70196080
0.68627453
0.67450982
0.67843139
0.69411767
0.70196080
0.68627453
0.65098041
0.65490198
0.67450982
0.72156864
0.67058825
0.40392157
0.28627452
0.21176471
0.24313726
0.54117650
0.61568630
0.29411766
0.25490198
0.27450982
0.23529412
0.27058825
0.28235295
0.30196080
0.27058825
0.23529412
0.24313726
0.23137255
0.25882354
0.43921569
0.67843139
0.67450982
0.67450982
0.67450982
0.64313728
0.65882355
0.66274512
0.62352943
0.57647061
0.58823532
0.65882355
0.75686276
0.75294119
0.56470591
0.24705882
0.18431373
0.22352941
0.44705883
0.56078434
0.29019609
0.25490198
0.26666668
0.23921569
0.27058825
0.27843139
0.31372550
0.26666668
0.22745098
0.20000000
0.21960784
0.26666668
0.40000001
0.67450982
0.64705884
0.52156866
0.55294120
0.58431375
0.56078434
0.57254905
0.47058824
0.47450981
0.67058825
0.72156864
0.76862746
0.76078433
0.55294120
0.20392157
0.16470589
0.20784314
0.32549021
0.36470589
0.22352941
0.24313726
0.21960784
0.21568628
0.26274511
0.29803923
0.28627452
0.22745098
0.25098041
0.20784314
0.19607843
0.22745098
0.33333334
0.65098041
0.73333335
0.41568628
0.19215687
0.30980393
0.34117648
0.36078432
0.25098041
0.52156866
0.80000001
0.75686276
0.74901962
0.67450982
0.43529412
0.22745098
0.21568628
0.19607843
0.22352941
0.24705882
0.19607843
0.23137255
0.22352941
0.21960784
0.24705882
0.27450982
0.23921569
0.24705882
0.25098041
0.22352941
0.16470589
0.18823530
0.27058825
0.58431375
0.76078433
0.43137255
0.12549020
0.10196079
0.11372549
0.14117648
0.18431373
0.63529414
0.80392158
0.75686276
0.66274512
0.52156866
0.36862746
0.26274511
0.24705882
0.19607843
0.20000000
0.25098041
0.25882354
0.24313726
0.24313726
0.21176471
0.23921569
0.25882354
0.25098041
0.25098041
0.26666668
0.23921569
0.20784314
0.19215687
0.28235295
0.55686277
0.59215689
0.31764707
0.16862746
0.20392157
0.16470589
0.15294118
0.20784314
0.65490198
0.73725492
0.61176473
0.41176471
0.34117648
0.26666668
0.23137255
0.19607843
0.17254902
0.20784314
0.22352941
0.27058825
0.25098041
0.19215687
0.17647059
0.20392157
0.25098041
0.26666668
0.26666668
0.26274511
0.23529412
0.20392157
0.24313726
0.30980393
0.34901962
0.29411766
0.21960784
0.20000000
0.20392157
0.19607843
0.19215687
0.25882354
0.62352943
0.64705884
0.41176471
0.20784314
0.22352941
0.22745098
0.20392157
0.17254902
0.20000000
0.20392157
0.21176471
0.23921569
0.25098041
0.19215687
0.18039216
0.20000000
0.23921569
0.23529412
0.22352941
0.25490198
0.22352941
0.19215687
0.21960784
0.23137255
0.20392157
0.21176471
0.20392157
0.19215687
0.16862746
0.18431373
0.20392157
0.27058825
0.46666667
0.41568628
0.28627452
0.21568628
0.21960784
0.20000000
0.19607843
0.19215687
0.19215687
0.18823530
0.21960784
0.23921569
0.24313726
0.23137255
0.20784314
0.20000000
0.31372550
0.27450982
0.28235295
0.26666668
0.25490198
0.21568628
0.21568628
0.24313726
0.26274511
0.24313726
0.21960784
0.21176471
0.20000000
0.20000000
0.23921569
0.25490198
0.26274511
0.21960784
0.21176471
0.20784314
0.22352941
0.24313726
0.23921569
0.24313726
0.23137255
0.20784314
0.23137255
0.21960784
0.24313726
0.21568628
0.21960784
0.20392157
1 0 0 0 0 -1 0 0 0 0 0
0 1 0 0 0 -1 0 0 0 0 0
0 0 1 0 0 -1 0 0 0 0 0
0 0 0 1 0 -1 0 0 0 0 0
0 0 0 0 1 -1 0 0 0 0 0
0 0 0 0 0 -1 1 0 0 0 0
0 0 0 0 0 -1 0 1 0 0 0
0 0 0 0 0 -1 0 0 1 0 0
0 0 0 0 0 -1 0 0 0 1 0
