0.39215687
0.26666668
0.45490196
0.51764709
0.51372552
0.52941179
0.50980395
0.51372552
0.50196081
0.52156866
0.50588238
0.51764709
0.51764709
0.50980395
0.52156866
0.48235294
0.47450981
0.47843137
0.51372552
0.53725493
0.46666667
0.41960785
0.20000000
0.18823530
0.40784314
0.47843137
0.42352942
0.41176471
0.43921569
0.45098040
0.45882353
0.45098040
0.37647060
0.45098040
0.49019608
0.50196081
0.52549022
0.50980395
0.50588238
0.53333336
0.51764709
0.50980395
0.52549022
0.52549022
0.52941179
0.50196081
0.50196081
0.48627451
0.50588238
0.53725493
0.52156866
0.51372552
0.49411765
0.41568628
0.17254902
0.22352941
0.34117648
0.32549021
0.40392157
0.47843137
0.46666667
0.47058824
0.47450981
0.46274510
0.47450981
0.48627451
0.50196081
0.51764709
0.50588238
0.51764709
0.52941179
0.52941179
0.51764709
0.51372552
0.53333336
0.50980395
0.48235294
0.47843137
0.50196081
0.52156866
0.52549022
0.51372552
0.49411765
0.49019608
0.50196081
0.36078432
0.14509805
0.23137255
0.23137255
0.25098041
0.44705883
0.50980395
0.48627451
0.47450981
0.47058824
0.47450981
0.52941179
0.49803922
0.49411765
0.50588238
0.49411765
0.50588238
0.50980395
0.51372552
0.53725493
0.54509807
0.53333336
0.50196081
0.47450981
0.51372552
0.54509807
0.55686277
0.52549022
0.52941179
0.50980395
0.49019608
0.51372552
0.34117648
0.12941177
0.22745098
0.21960784
0.25098041
0.41176471
0.48235294
0.45490196
0.45882353
0.46274510
0.46666667
0.50588238
0.51372552
0.50588238
0.50588238
0.49411765
0.49803922
0.50980395
0.53333336
0.54117650
0.54509807
0.53725493
0.52549022
0.54117650
0.52549022
0.54117650
0.55294120
0.50588238
0.51372552
0.53333336
0.52549022
0.53333336
0.31764707
0.12941177
0.22352941
0.20784314
0.23137255
0.32156864
0.40392157
0.43529412
0.47450981
0.45098040
0.46274510
0.49019608
0.53333336
0.53725493
0.51372552
0.53333336
0.54509807
0.53333336
0.55294120
0.54509807
0.53333336
0.56078434
0.52549022
0.53333336
0.50980395
0.50196081
0.52549022
0.50980395
0.50980395
0.52156866
0.52156866
0.55294120
0.30196080
0.14117648
0.22745098
0.20392157
0.22352941
0.27843139
0.39607844
0.47843137
0.47450981
0.44313726
0.51764709
0.52549022
0.54117650
0.52156866
0.52549022
0.51372552
0.50980395
0.53725493
0.54901963
0.53725493
0.53333336
0.54117650
0.51372552
0.54117650
0.55686277
0.52156866
0.49411765
0.52156866
0.50588238
0.53333336
0.50980395
0.57254905
0.32549021
0.13725491
0.22352941
0.21568628
0.21176471
0.25490198
0.30588236
0.42745098
0.50588238
0.47058824
0.59607846
0.55294120
0.53725493
0.51764709
0.50196081
0.49803922
0.52156866
0.55686277
0.54117650
0.52549022
0.57254905
0.55294120
0.54901963
0.54901963
0.50196081
0.44705883
0.48627451
0.50980395
0.51372552
0.57254905
0.57647061
0.56470591
0.33725491
0.14901961
0.22352941
0.21960784
0.20000000
0.23529412
0.25098041
0.39607844
0.54901963
0.46274510
0.69411767
0.53725493
0.54509807
0.49411765
0.44705883
0.49803922
0.54901963
0.52941179
0.50196081
0.55294120
0.59607846
0.53333336
0.63529414
0.60000002
0.51764709
0.52941179
0.51372552
0.51372552
0.55294120
0.57647061
0.56470591
0.54117650
0.34901962
0.16078432
0.21568628
0.21176471
0.20000000
0.21960784
0.23137255
0.41176471
0.52156866
0.56862748
0.76862746
0.52941179
0.53725493
0.50980395
0.50196081
0.50980395
0.52156866
0.51764709
0.57254905
0.55686277
0.56078434
0.57254905
0.67843139
0.72549021
0.55686277
0.56862748
0.55294120
0.54509807
0.50588238
0.53333336
0.53333336
0.53725493
0.36078432
0.16470589
0.21176471
0.22352941
0.20784314
0.21568628
0.23529412
0.30196080
0.50980395
0.70980394
0.69411767
0.52941179
0.52156866
0.50196081
0.54117650
0.52941179
0.50588238
0.54117650
0.58823532
0.53725493
0.53725493
0.56862748
0.61960787
0.70588237
0.57254905
0.56470591
0.55686277
0.53725493
0.52549022
0.53725493
0.55686277
0.54901963
0.41960785
0.18823530
0.20784314
0.23137255
0.21176471
0.21176471
0.21960784
0.27450982
0.65490198
0.69411767
0.52156866
0.52156866
0.50196081
0.52549022
0.57254905
0.52941179
0.50588238
0.50196081
0.51764709
0.54901963
0.47058824
0.60392159
0.60784316
0.52156866
0.52549022
0.54509807
0.55294120
0.55686277
0.53725493
0.55686277
0.57254905
0.54509807
0.48627451
0.23137255
0.20784314
0.23137255
0.20392157
0.20392157
0.19215687
0.32549021
0.72941178
0.51372552
0.49019608
0.49411765
0.47450981
0.51372552
0.50588238
0.49019608
0.50196081
0.49019608
0.50980395
0.55686277
0.38431373
0.54901963
0.64705884
0.45882353
0.50588238
0.56862748
0.58823532
0.55294120
0.51372552
0.54509807
0.54901963
0.56470591
0.49803922
0.23529412
0.21960784
0.23137255
0.19215687
0.19607843
0.18039216
0.43921569
0.63921571
0.31764707
0.50588238
0.50980395
0.49803922
0.52156866
0.54901963
0.55686277
0.54117650
0.54901963
0.54901963
0.55294120
0.32941177
0.47450981
0.58823532
0.37647060
0.52549022
0.57254905
0.58039218
0.56470591
0.57254905
0.54509807
0.53725493
0.56862748
0.48235294
0.22745098
0.24313726
0.18039216
0.17254902
0.18431373
0.21960784
0.56470591
0.46666667
0.22745098
0.51764709
0.45490196
0.47450981
0.50196081
0.55294120
0.52941179
0.54901963
0.56862748
0.56470591
0.55686277
0.32156864
0.33333334
0.34901962
0.20000000
0.43137255
0.54509807
0.51764709
0.52156866
0.55686277
0.53725493
0.50588238
0.54117650
0.48235294
0.23921569
0.22352941
0.14117648
0.17647059
0.16078432
0.35294119
0.56862748
0.27058825
0.22352941
0.51764709
0.49411765
0.53725493
0.54901963
0.52941179
0.52156866
0.53333336
0.52549022
0.54901963
0.56078434
0.29411766
0.28627452
0.25490198
0.11764706
0.30588236
0.53725493
0.54901963
0.52941179
0.46274510
0.52156866
0.50588238
0.47450981
0.45882353
0.23529412
0.19607843
0.17254902
0.20392157
0.15686275
0.31372550
0.36078432
0.14901961
0.17254902
0.52941179
0.52549022
0.54901963
0.55294120
0.51372552
0.51764709
0.51764709
0.56078434
0.58039218
0.55686277
0.29411766
0.21176471
0.20000000
0.14509805
0.21568628
0.43921569
0.51764709
0.59215689
0.56078434
0.52156866
0.50980395
0.51372552
0.49411765
0.25490198
0.25882354
0.30196080
0.17647059
0.21176471
0.23137255
0.13333334
0.12156863
0.17254902
0.54509807
0.49019608
0.50588238
0.49803922
0.50196081
0.54901963
0.53725493
0.52549022
0.54117650
0.56078434
0.26274511
0.13725491
0.13725491
0.16470589
0.21960784
0.31372550
0.47843137
0.54901963
0.57647061
0.50588238
0.50980395
0.48627451
0.41176471
0.34117648
0.33333334
0.38823530
0.27450982
0.24313726
0.41176471
0.18431373
0.12156863
0.18823530
0.55294120
0.50588238
0.53725493
0.55686277
0.55686277
0.55686277
0.52941179
0.50980395
0.48235294
0.50196081
0.23921569
0.12156863
0.11764706
0.14901961
0.26274511
0.25490198
0.44313726
0.60784316
0.57254905
0.46666667
0.46666667
0.41568628
0.36470589
0.36078432
0.34509805
0.28235295
0.20784314
0.24705882
0.53333336
0.31764707
0.13333334
0.20392157
0.56470591
0.50196081
0.52156866
0.55294120
0.56862748
0.52549022
0.50588238
0.54117650
0.54117650
0.50588238
0.24313726
0.11372549
0.10196079
0.14117648
0.25882354
0.25490198
0.34901962
0.49803922
0.50588238
0.46274510
0.42352942
0.45098040
0.43921569
0.33725491
0.34901962
0.27843139
0.18823530
0.29803923
0.57254905
0.41176471
0.11372549
0.22352941
0.58823532
0.47450981
0.51764709
0.54117650
0.54509807
0.52156866
0.52941179
0.55686277
0.53725493
0.48627451
0.23921569
0.12549020
0.09803922
0.14901961
0.23529412
0.25098041
0.30588236
0.29411766
0.38431373
0.45882353
0.38823530
0.34117648
0.36470589
0.26274511
0.21568628
0.20000000
0.16078432
0.30588236
0.52941179
0.44313726
0.18431373
0.27058825
0.59215689
0.50196081
0.50196081
0.50588238
0.53333336
0.49019608
0.50196081
0.55294120
0.54117650
0.47843137
0.24313726
0.12941177
0.10588235
0.16078432
0.21176471
0.23137255
0.25882354
0.26274511
0.32941177
0.33333334
0.28627452
0.29411766
0.34117648
0.25490198
0.18039216
0.15686275
0.13725491
0.29411766
0.43137255
0.36470589
0.28235295
0.41176471
0.58039218
0.47450981
0.49803922
0.48235294
0.47843137
0.48627451
0.46274510
0.46666667
0.50588238
0.47843137
0.20392157
0.11372549
0.11372549
0.15686275
0.19607843
0.23137255
0.25882354
0.22745098
0.21568628
0.19215687
0.20000000
0.35294119
0.33333334
0.17647059
0.16078432
0.17254902
0.14117648
0.25882354
0.34901962
0.36470589
0.41960785
0.48235294
0.55686277
0.44705883
0.45098040
0.46274510
0.49019608
0.46274510
0.45882353
0.41960785
0.45490196
0.45098040
0.19215687
0.11372549
0.12156863
0.14901961
0.20000000
0.24313726
0.27450982
0.18431373
0.13333334
0.11764706
0.16862746
0.37254903
0.28627452
0.13333334
0.12156863
0.11764706
0.11372549
0.21960784
0.42352942
0.45490196
0.45098040
0.46666667
0.53333336
0.49411765
0.44705883
0.41176471
0.40784314
0.38823530
0.48627451
0.42745098
0.42745098
0.37647060
0.22352941
0.14901961
0.12941177
0.18039216
0.21176471
0.19607843
0.15686275
0.12941177
0.08235294
0.09411765
0.26666668
0.26666668
0.16078432
0.13333334
0.12156863
0.07843138
0.08627451
0.17647059
0.40392157
0.53725493
0.46666667
0.46666667
0.51764709
0.46666667
0.47058824
0.41176471
0.40000001
0.45882353
0.47843137
0.44705883
0.47843137
0.41176471
0.20392157
0.18431373
0.14509805
0.17647059
0.18431373
0.11764706
0.09019608
0.08235294
0.04705882
0.14509805
0.59607846
0.44313726
0.13725491
0.07450981
0.08627451
0.07843138
0.07058824
0.10196079
0.32156864
0.44313726
0.42352942
0.47058824
0.50588238
0.40392157
0.45098040
0.43921569
0.47450981
0.48627451
0.43529412
0.44705883
0.55294120
0.41176471
0.14117648
0.15294118
0.14117648
0.18823530
0.15294118
0.10588235
0.08627451
0.07058824
0.04705882
0.08627451
0.38431373
0.61176473
0.42745098
0.26666668
0.21960784
0.16078432
0.17254902
0.25098041
0.36862746
0.49019608
0.48235294
0.46274510
0.51372552
0.38823530
0.35686275
0.41176471
0.43529412
0.46666667
0.45098040
0.45098040
0.48235294
0.38823530
0.14117648
0.09803922
0.10980392
0.16470589
0.14509805
0.08627451
0.06666667
0.06666667
0.05882353
0.05490196
0.10196079
0.32549021
0.54509807
0.64313728
0.61960787
0.55686277
0.43529412
0.40000001
0.46274510
0.42745098
0.43137255
0.45882353
0.52941179
0.42352942
0.35294119
0.36470589
0.37254903
0.45098040
0.49411765
0.43529412
0.43921569
0.46666667
0.21568628
0.09019608
0.08627451
0.10980392
0.11372549
0.07058824
0.06274510
0.06274510
0.05490196
0.06274510
0.05882353
0.13333334
0.44313726
0.54117650
0.59607846
0.67058825
0.62745100
0.56862748
0.65098041
0.56470591
0.53333336
0.51372552
0.55294120
0.41568628
0.41960785
0.42745098
0.41568628
0.47058824
0.52549022
0.47058824
0.49019608
0.52156866
0.32549021
0.11764706
0.06274510
0.08627451
0.09803922
0.06274510
0.07058824
0.09019608
0.07843138
0.05882353
0.04705882
0.23921569
0.54117650
0.52549022
0.50196081
0.52941179
0.69411767
0.77647060
0.78039217
0.79215688
0.77254903
0.73725492
0.69803923
0.41960785
0.42745098
0.44313726
0.47058824
0.48627451
0.50588238
0.45882353
0.42745098
0.41960785
0.45490196
0.22352941
0.06274510
0.07058824
0.08235294
0.07450981
0.06666667
0.08235294
0.07843138
0.07058824
0.23529412
0.55294120
0.62745100
0.52156866
0.43921569
0.46666667
0.55686277
0.56470591
0.60000002
0.67058825
0.73725492
0.78823531
0.79215688
0.34901962
0.47058824
0.49019608
0.50588238
0.43137255
0.38039216
0.38431373
0.38823530
0.43921569
0.49411765
0.40000001
0.18823530
0.10588235
0.07058824
0.11764706
0.15294118
0.14509805
0.20000000
0.35686275
0.56078434
0.62745100
0.48627451
0.36470589
0.34901962
0.33333334
0.30980393
0.33333334
0.36470589
0.41568628
0.48627451
0.58431375
0.62745100
0.40392157
0.35686275
0.63529414
0.70980394
0.68627453
0.69019610
0.70980394
0.74509805
0.74509805
0.76078433
0.75686276
0.75294119
0.74901962
0.74509805
0.76470590
0.70588237
0.62352943
0.59607846
0.63529414
0.70196080
0.65882355
0.59215689
0.27058825
0.23137255
0.54509807
0.65882355
0.58039218
0.63137257
0.67843139
0.68235296
0.67843139
0.66666669
0.47058824
0.61176473
0.68627453
0.70980394
0.74509805
0.74509805
0.74509805
0.76470590
0.76078433
0.75294119
0.77254903
0.76862746
0.76862746
0.75294119
0.73725492
0.65490198
0.63529414
0.70588237
0.70980394
0.70588237
0.69803923
0.56470591
0.20784314
0.27058825
0.42352942
0.43921569
0.57254905
0.68235296
0.68627453
0.68627453
0.68235296
0.67450982
0.66666669
0.71372551
0.74509805
0.75294119
0.74509805
0.76078433
0.76470590
0.76470590
0.76078433
0.75294119
0.77254903
0.75294119
0.74117649
0.73333335
0.72549021
0.69411767
0.70980394
0.71372551
0.68235296
0.66666669
0.68627453
0.47843137
0.18039216
0.27058825
0.27843139
0.30588236
0.61176473
0.71764708
0.69803923
0.69411767
0.69019610
0.69019610
0.76078433
0.74117649
0.74509805
0.75294119
0.74117649
0.75686276
0.76078433
0.76078433
0.77647060
0.78431374
0.78039217
0.75294119
0.72156864
0.72549021
0.72549021
0.70196080
0.70980394
0.70980394
0.68235296
0.65490198
0.68235296
0.44313726
0.15686275
0.26274511
0.26274511
0.29411766
0.55294120
0.70588237
0.68235296
0.68627453
0.69019610
0.68235296
0.75294119
0.76078433
0.74901962
0.74117649
0.74117649
0.74901962
0.76470590
0.78039217
0.78431374
0.78039217
0.78431374
0.77647060
0.76078433
0.71764708
0.70196080
0.69803923
0.69019610
0.70588237
0.71372551
0.69019610
0.69411767
0.41176471
0.15294118
0.26274511
0.24313726
0.26274511
0.40000001
0.60000002
0.66666669
0.69803923
0.69019610
0.68235296
0.75294119
0.76470590
0.75686276
0.74117649
0.76078433
0.78039217
0.77647060
0.79215688
0.78431374
0.77254903
0.79215688
0.76078433
0.76470590
0.74509805
0.72156864
0.72549021
0.71372551
0.69019610
0.68627453
0.69803923
0.72549021
0.40000001
0.16470589
0.26666668
0.23529412
0.26274511
0.32156864
0.54901963
0.69803923
0.69019610
0.67843139
0.70196080
0.75686276
0.75294119
0.74901962
0.74509805
0.73725492
0.76078433
0.77647060
0.78431374
0.77647060
0.77647060
0.78039217
0.76078433
0.78431374
0.78823531
0.75294119
0.73725492
0.74901962
0.70980394
0.70196080
0.68627453
0.75686276
0.43137255
0.16862746
0.27058825
0.25490198
0.25882354
0.29019609
0.38039216
0.60784316
0.70196080
0.66666669
0.75686276
0.76078433
0.74901962
0.75294119
0.72941178
0.73333335
0.76078433
0.78823531
0.76470590
0.76470590
0.81176472
0.77647060
0.74509805
0.79607844
0.76078433
0.69411767
0.72941178
0.74901962
0.75686276
0.77647060
0.76470590
0.76470590
0.44313726
0.16470589
0.26274511
0.26666668
0.25098041
0.26666668
0.28627452
0.54117650
0.75686276
0.68235296
0.83529413
0.76862746
0.77254903
0.72549021
0.68627453
0.74509805
0.78039217
0.76862746
0.74509805
0.78039217
0.78039217
0.52941179
0.47843137
0.59607846
0.76470590
0.77254903
0.75686276
0.74509805
0.76862746
0.77647060
0.77647060
0.76470590
0.47058824
0.18039216
0.26666668
0.27058825
0.24705882
0.25490198
0.27058825
0.52156866
0.74509805
0.77647060
0.90588236
0.76862746
0.76862746
0.73725492
0.72156864
0.75686276
0.77254903
0.75686276
0.78431374
0.78431374
0.63529414
0.33333334
0.34901962
0.52156866
0.74117649
0.81176472
0.78823531
0.78431374
0.75686276
0.75294119
0.74901962
0.76470590
0.49019608
0.17254902
0.25882354
0.28235295
0.25098041
0.25882354
0.26274511
0.36078432
0.67450982
0.83137256
0.82352942
0.75294119
0.74901962
0.70588237
0.73333335
0.74901962
0.73333335
0.75294119
0.77647060
0.76470590
0.54509807
0.30196080
0.32156864
0.51372552
0.74901962
0.81568629
0.80000001
0.78431374
0.75686276
0.74117649
0.75686276
0.76078433
0.55686277
0.20000000
0.24313726
0.28627452
0.25098041
0.25882354
0.25098041
0.31764707
0.77254903
0.78431374
0.66666669
0.74117649
0.72941178
0.71764708
0.72941178
0.72549021
0.70588237
0.71764708
0.74117649
0.76862746
0.46274510
0.28235295
0.32156864
0.44313726
0.70196080
0.78431374
0.78431374
0.79215688
0.77254903
0.76862746
0.77647060
0.75294119
0.63921571
0.27058825
0.23137255
0.29411766
0.25882354
0.25882354
0.22745098
0.38039216
0.84705883
0.62745100
0.64705884
0.72941178
0.70588237
0.71764708
0.67058825
0.67058825
0.69019610
0.69803923
0.75294119
0.77254903
0.44313726
0.26274511
0.30980393
0.38431373
0.67058825
0.80392158
0.81176472
0.78823531
0.75294119
0.77647060
0.77647060
0.77254903
0.67058825
0.27450982
0.24705882
0.36078432
0.26274511
0.24313726
0.21960784
0.52941179
0.76862746
0.46274510
0.67058825
0.75294119
0.72156864
0.74117649
0.74117649
0.74901962
0.74901962
0.76078433
0.77254903
0.78431374
0.42745098
0.24313726
0.25882354
0.34901962
0.73333335
0.82352942
0.81568629
0.79607844
0.78039217
0.77254903
0.77647060
0.78431374
0.66666669
0.24313726
0.26274511
0.34901962
0.22745098
0.21176471
0.25882354
0.67450982
0.60784316
0.37647060
0.67450982
0.70588237
0.70588237
0.72549021
0.75294119
0.74509805
0.76470590
0.78823531
0.78431374
0.77647060
0.40784314
0.20392157
0.19215687
0.20784314
0.62352943
0.78431374
0.74901962
0.75686276
0.76862746
0.76078433
0.75686276
0.78431374
0.65490198
0.22352941
0.21568628
0.24313726
0.21960784
0.18431373
0.40392157
0.69803923
0.42352942
0.36078432
0.67450982
0.71372551
0.75686276
0.73333335
0.70196080
0.72549021
0.74901962
0.75294119
0.77647060
0.79215688
0.38823530
0.18823530
0.17647059
0.12549020
0.39215687
0.76862746
0.80000001
0.76862746
0.68627453
0.74509805
0.74509805
0.72941178
0.63921571
0.24705882
0.21960784
0.20392157
0.25490198
0.21960784
0.38431373
0.49803922
0.27843139
0.26666668
0.67058825
0.73725492
0.75294119
0.74509805
0.72156864
0.74509805
0.76862746
0.78823531
0.79215688
0.78039217
0.36862746
0.14901961
0.14901961
0.16470589
0.24313726
0.61568630
0.78039217
0.80392158
0.77254903
0.75686276
0.73725492
0.74509805
0.63137257
0.27843139
0.30588236
0.32156864
0.25882354
0.23921569
0.32156864
0.26666668
0.23921569
0.27058825
0.68235296
0.72156864
0.71372551
0.70196080
0.71372551
0.76862746
0.76470590
0.76862746
0.77647060
0.77647060
0.32156864
0.11372549
0.14117648
0.17254902
0.18823530
0.38823530
0.70196080
0.75294119
0.76078433
0.69411767
0.69411767
0.63137257
0.41568628
0.25882354
0.29019609
0.38039216
0.24313726
0.22352941
0.41960785
0.32156864
0.25098041
0.28627452
0.69411767
0.74117649
0.75294119
0.75686276
0.76862746
0.76862746
0.73725492
0.76078433
0.72156864
0.72941178
0.30588236
0.11764706
0.12549020
0.15294118
0.20392157
0.26666668
0.54901963
0.70980394
0.61176473
0.47450981
0.44705883
0.31372550
0.19607843
0.18431373
0.17254902
0.15294118
0.10196079
0.19215687
0.43921569
0.38039216
0.26274511
0.29411766
0.70588237
0.74509805
0.74901962
0.76078433
0.77647060
0.73725492
0.72549021
0.78039217
0.76078433
0.71764708
0.29411766
0.11372549
0.11372549
0.14509805
0.20392157
0.25490198
0.36078432
0.46274510
0.45098040
0.36862746
0.31764707
0.27058825
0.20000000
0.17254902
0.14117648
0.10980392
0.09411765
0.21176471
0.43921569
0.36078432
0.19607843
0.31372550
0.72549021
0.71372551
0.74117649
0.75686276
0.74117649
0.74509805
0.76862746
0.77647060
0.75686276
0.70196080
0.29411766
0.12941177
0.11764706
0.14509805
0.19607843
0.25098041
0.32156864
0.30588236
0.35686275
0.38039216
0.32156864
0.26666668
0.26274511
0.22352941
0.16078432
0.10980392
0.09411765
0.23529412
0.40784314
0.34901962
0.18823530
0.36078432
0.73333335
0.71372551
0.71372551
0.72549021
0.73333335
0.71372551
0.75294119
0.76078433
0.75686276
0.69411767
0.30196080
0.13725491
0.12156863
0.15294118
0.18823530
0.23137255
0.26666668
0.27058825
0.29019609
0.26274511
0.22745098
0.27843139
0.31372550
0.20784314
0.18431373
0.16078432
0.09803922
0.21176471
0.34509805
0.30196080
0.32156864
0.54901963
0.72549021
0.69803923
0.72549021
0.70980394
0.69803923
0.70588237
0.70588237
0.69411767
0.72549021
0.67450982
0.25098041
0.11764706
0.12549020
0.14509805
0.18823530
0.23137255
0.25490198
0.22352941
0.16862746
0.14509805
0.16470589
0.33725491
0.32941177
0.16470589
0.17254902
0.20000000
0.16470589
0.20784314
0.34901962
0.47058824
0.60784316
0.66666669
0.70588237
0.67450982
0.68235296
0.69019610
0.70588237
0.67843139
0.68627453
0.65490198
0.67843139
0.63529414
0.22352941
0.12156863
0.13725491
0.16078432
0.20000000
0.23921569
0.26666668
0.18039216
0.09803922
0.08627451
0.15686275
0.36470589
0.28627452
0.15294118
0.14901961
0.12549020
0.13333334
0.26666668
0.58431375
0.66274512
0.67843139
0.64313728
0.69019610
0.70588237
0.65490198
0.62352943
0.60784316
0.57647061
0.67843139
0.64313728
0.67450982
0.55294120
0.23529412
0.15686275
0.14117648
0.19607843
0.21568628
0.20000000
0.16078432
0.12156863
0.06666667
0.07843138
0.24313726
0.26666668
0.17647059
0.15294118
0.14901961
0.07843138
0.08235294
0.22745098
0.56078434
0.74117649
0.66666669
0.63137257
0.66666669
0.70980394
0.67843139
0.58431375
0.55294120
0.63137257
0.67843139
0.65490198
0.71764708
0.55294120
0.21568628
0.19607843
0.14901961
0.20000000
0.20392157
0.12941177
0.10196079
0.07450981
0.03921569
0.10588235
0.47058824
0.34117648
0.12549020
0.08627451
0.09803922
0.07450981
0.07058824
0.10196079
0.43529412
0.64313728
0.61960787
0.63529414
0.65882355
0.63529414
0.67450982
0.61176473
0.64705884
0.70588237
0.67058825
0.66274512
0.77254903
0.55294120
0.16078432
0.16470589
0.15294118
0.20784314
0.17647059
0.12156863
0.09411765
0.06666667
0.04705882
0.08235294
0.28235295
0.43137255
0.32156864
0.20784314
0.18431373
0.15294118
0.21176471
0.30980393
0.52549022
0.68235296
0.67058825
0.62352943
0.66274512
0.60000002
0.59215689
0.61960787
0.65882355
0.68627453
0.66666669
0.63921571
0.68627453
0.54509807
0.16862746
0.10588235
0.11764706
0.17254902
0.15686275
0.10196079
0.07450981
0.07450981
0.05882353
0.06274510
0.09019608
0.21568628
0.38823530
0.48627451
0.47843137
0.46274510
0.47450981
0.52156866
0.65882355
0.65490198
0.63529414
0.61960787
0.67843139
0.62352943
0.56470591
0.58039218
0.59215689
0.64313728
0.69019610
0.62352943
0.63529414
0.63529414
0.28235295
0.09803922
0.09803922
0.12156863
0.12549020
0.08235294
0.07450981
0.07450981
0.06666667
0.06666667
0.05882353
0.10196079
0.32549021
0.39215687
0.43137255
0.50980395
0.48235294
0.51764709
0.68235296
0.59215689
0.58823532
0.60784316
0.69019610
0.59215689
0.60000002
0.61960787
0.61568630
0.67450982
0.73725492
0.68235296
0.69803923
0.72549021
0.47450981
0.14117648
0.07450981
0.09803922
0.10588235
0.07058824
0.08235294
0.10588235
0.10196079
0.07058824
0.04705882
0.18823530
0.40784314
0.38431373
0.35686275
0.38431373
0.45882353
0.57254905
0.57254905
0.49803922
0.51372552
0.54117650
0.67058825
0.61176473
0.60000002
0.62745100
0.64313728
0.69803923
0.70588237
0.67843139
0.65882355
0.62745100
0.64705884
0.30196080
0.06666667
0.08235294
0.09411765
0.08627451
0.08235294
0.09803922
0.09411765
0.06274510
0.18431373
0.41960785
0.47058824
0.38823530
0.31372550
0.32549021
0.37647060
0.38823530
0.40784314
0.43529412
0.49019608
0.55686277
0.62352943
0.54901963
0.62745100
0.58823532
0.58823532
0.56470591
0.52941179
0.56470591
0.59607846
0.63137257
0.69803923
0.57647061
0.27058825
0.14901961
0.09411765
0.12549020
0.12941177
0.12156863
0.15686275
0.27058825
0.41960785
0.46274510
0.34117648
0.26274511
0.25098041
0.24313726
0.26274511
0.27058825
0.27450982
0.30196080
0.35686275
0.44705883
0.47450981
0.29019609
0.25490198
0.42745098
0.49019608
0.49803922
0.52549022
0.48235294
0.47450981
0.47058824
0.49803922
0.44705883
0.47450981
0.48235294
0.48627451
0.50196081
0.44313726
0.44313726
0.45882353
0.48627451
0.52156866
0.45098040
0.41176471
0.25490198
0.27058825
0.42352942
0.45098040
0.40392157
0.36862746
0.36470589
0.38823530
0.41568628
0.42352942
0.30980393
0.39215687
0.44313726
0.47058824
0.49411765
0.48627451
0.47058824
0.50196081
0.47843137
0.47058824
0.47058824
0.47450981
0.48235294
0.44705883
0.45490196
0.47058824
0.49019608
0.51372552
0.49803922
0.49803922
0.45490196
0.40392157
0.24313726
0.32941177
0.38823530
0.34117648
0.38039216
0.43921569
0.41960785
0.43137255
0.44705883
0.45098040
0.42352942
0.43921569
0.43529412
0.47058824
0.45882353
0.46666667
0.49019608
0.50196081
0.46274510
0.45882353
0.49019608
0.46274510
0.43529412
0.40784314
0.46274510
0.49803922
0.49411765
0.47843137
0.45098040
0.44313726
0.44705883
0.35686275
0.21960784
0.32156864
0.32549021
0.32549021
0.44705883
0.47058824
0.44313726
0.45098040
0.44313726
0.45098040
0.46666667
0.43529412
0.42352942
0.43529412
0.43137255
0.45098040
0.44705883
0.45882353
0.49803922
0.51372552
0.49019608
0.45098040
0.42745098
0.47450981
0.52156866
0.53333336
0.48627451
0.49019608
0.47058824
0.43921569
0.45882353
0.33725491
0.19215687
0.30980393
0.31764707
0.33333334
0.43137255
0.44313726
0.40392157
0.41568628
0.42352942
0.45098040
0.43529412
0.46274510
0.45098040
0.43529412
0.42352942
0.42745098
0.44705883
0.47843137
0.49803922
0.50980395
0.49411765
0.48235294
0.50588238
0.47450981
0.51372552
0.53333336
0.46274510
0.47450981
0.49411765
0.49019608
0.49803922
0.31372550
0.18823530
0.30980393
0.30196080
0.32549021
0.38823530
0.38431373
0.37254903
0.43137255
0.40784314
0.43137255
0.38823530
0.49411765
0.49019608
0.45882353
0.47450981
0.48627451
0.46274510
0.51372552
0.50588238
0.49803922
0.53725493
0.49803922
0.49803922
0.43921569
0.46274510
0.49019608
0.48627451
0.49803922
0.50196081
0.48627451
0.53333336
0.30980393
0.19607843
0.31372550
0.29803923
0.32941177
0.37647060
0.38431373
0.42352942
0.43921569
0.40784314
0.52156866
0.49019608
0.51372552
0.46274510
0.47843137
0.45882353
0.43529412
0.48235294
0.52156866
0.49803922
0.48235294
0.48627451
0.47450981
0.50980395
0.53333336
0.49019608
0.46666667
0.52941179
0.47450981
0.53725493
0.49411765
0.56470591
0.34117648
0.19215687
0.32549021
0.32941177
0.32156864
0.35686275
0.37647060
0.45882353
0.53725493
0.46666667
0.68627453
0.51764709
0.49411765
0.43921569
0.45098040
0.44313726
0.44313726
0.50588238
0.49019608
0.48235294
0.52156866
0.50588238
0.51372552
0.49019608
0.44313726
0.40000001
0.45882353
0.46274510
0.47450981
0.54117650
0.56078434
0.56862748
0.35294119
0.20392157
0.32156864
0.34117648
0.31372550
0.34117648
0.35294119
0.45098040
0.57254905
0.45882353
0.79215688
0.47843137
0.49019608
0.43529412
0.36862746
0.41960785
0.50196081
0.47450981
0.44705883
0.52156866
0.55686277
0.45098040
0.50196081
0.45490196
0.42745098
0.48627451
0.45882353
0.44313726
0.52941179
0.58431375
0.56862748
0.53725493
0.37254903
0.20000000
0.30980393
0.33725491
0.30980393
0.32549021
0.33725491
0.47058824
0.47843137
0.54117650
0.91764706
0.45882353
0.47843137
0.45098040
0.43529412
0.42745098
0.45490196
0.44705883
0.55686277
0.50980395
0.48627451
0.33333334
0.38823530
0.49411765
0.49019608
0.54509807
0.47450981
0.45882353
0.44313726
0.51764709
0.50980395
0.50980395
0.35294119
0.19607843
0.30588236
0.34117648
0.31372550
0.32941177
0.34901962
0.38823530
0.50980395
0.75294119
0.94117647
0.46666667
0.47058824
0.43529412
0.49019608
0.50196081
0.46274510
0.51372552
0.59607846
0.49019608
0.43921569
0.32156864
0.36470589
0.54117650
0.50980395
0.50588238
0.47450981
0.46666667
0.47058824
0.49803922
0.52941179
0.51764709
0.40000001
0.20784314
0.29019609
0.34901962
0.30980393
0.33333334
0.33333334
0.37254903
0.72549021
0.88235295
0.87843138
0.48235294
0.45098040
0.47058824
0.54509807
0.51764709
0.47450981
0.47843137
0.47843137
0.50980395
0.38823530
0.32941177
0.37647060
0.49019608
0.50588238
0.46274510
0.47450981
0.49803922
0.47058824
0.49019608
0.52156866
0.50196081
0.47450981
0.24705882
0.27843139
0.35686275
0.31764707
0.32549021
0.30980393
0.46274510
0.87450981
0.80784315
0.87058824
0.42745098
0.40392157
0.46666667
0.48627451
0.45882353
0.43529412
0.41960785
0.42745098
0.49411765
0.36862746
0.30588236
0.34509805
0.38431373
0.48627451
0.49019608
0.50980395
0.47450981
0.43529412
0.45882353
0.47843137
0.53333336
0.48627451
0.25098041
0.29019609
0.40784314
0.32549021
0.30980393
0.29411766
0.60000002
0.89019608
0.71764708
0.88627452
0.43137255
0.41960785
0.47058824
0.51764709
0.50980395
0.48627451
0.50196081
0.47843137
0.48235294
0.34509805
0.29411766
0.29411766
0.29411766
0.44705883
0.48235294
0.50980395
0.49019608
0.51372552
0.47058824
0.47843137
0.52549022
0.44705883
0.22352941
0.29411766
0.38431373
0.29803923
0.27843139
0.32941177
0.76078433
0.83529413
0.65882355
0.90196079
0.37647060
0.40000001
0.44705883
0.50588238
0.48235294
0.52156866
0.51372552
0.47450981
0.49019608
0.32549021
0.22745098
0.20000000
0.20392157
0.38039216
0.47843137
0.42745098
0.45098040
0.52156866
0.47843137
0.41960785
0.47843137
0.43529412
0.21960784
0.25490198
0.29019609
0.29019609
0.25490198
0.47843137
0.85882354
0.70588237
0.62745100
0.91372550
0.43529412
0.50196081
0.52156866
0.49803922
0.47450981
0.47843137
0.41568628
0.46274510
0.47450981
0.30196080
0.20392157
0.18039216
0.16470589
0.33725491
0.50196081
0.45882353
0.44705883
0.36862746
0.45882353
0.43529412
0.41176471
0.44705883
0.27058825
0.25490198
0.23921569
0.32941177
0.31764707
0.52156866
0.73725492
0.56470591
0.52549022
0.90196079
0.45098040
0.50980395
0.49803922
0.45882353
0.43921569
0.40392157
0.48627451
0.51372552
0.47843137
0.31764707
0.17254902
0.17254902
0.20784314
0.27843139
0.40000001
0.42745098
0.55294120
0.51372552
0.43921569
0.42352942
0.41176471
0.47450981
0.31764707
0.34117648
0.38431373
0.32156864
0.33725491
0.55294120
0.53333336
0.50196081
0.52549022
0.90588236
0.42352942
0.47450981
0.43529412
0.41960785
0.50196081
0.47450981
0.43529412
0.48235294
0.52549022
0.28235295
0.14117648
0.17254902
0.20392157
0.22352941
0.32549021
0.41568628
0.51764709
0.56470591
0.45098040
0.44313726
0.41960785
0.37647060
0.31372550
0.32941177
0.43529412
0.29411766
0.30980393
0.56862748
0.61176473
0.52941179
0.52156866
0.89411765
0.43921569
0.47843137
0.50980395
0.48627451
0.51764709
0.48627451
0.40784314
0.38823530
0.42745098
0.25882354
0.14901961
0.14901961
0.17254902
0.21960784
0.31764707
0.44705883
0.55294120
0.50588238
0.37647060
0.40000001
0.33333334
0.23137255
0.20784314
0.19607843
0.18823530
0.14117648
0.26274511
0.46666667
0.58823532
0.56470591
0.52941179
0.90196079
0.40784314
0.45098040
0.50196081
0.52156866
0.47450981
0.43137255
0.45882353
0.45882353
0.41960785
0.24313726
0.14901961
0.13725491
0.17254902
0.22745098
0.33333334
0.42352942
0.50588238
0.49803922
0.40784314
0.36078432
0.29803923
0.21960784
0.19607843
0.14509805
0.13333334
0.12941177
0.23137255
0.41176471
0.43137255
0.43529412
0.54509807
0.94509804
0.39215687
0.46666667
0.49411765
0.50196081
0.47450981
0.45098040
0.49019608
0.46274510
0.40784314
0.24705882
0.16862746
0.14117648
0.18039216
0.24313726
0.33333334
0.40000001
0.36470589
0.42352942
0.43137255
0.36862746
0.30588236
0.29803923
0.27843139
0.22352941
0.14509805
0.11764706
0.25098041
0.38823530
0.34117648
0.30588236
0.54901963
0.95686275
0.47058824
0.48235294
0.47058824
0.52549022
0.44313726
0.40392157
0.50196081
0.50980395
0.44313726
0.27843139
0.17254902
0.14509805
0.17647059
0.24313726
0.30588236
0.32549021
0.31372550
0.33333334
0.29803923
0.25490198
0.31372550
0.34901962
0.24313726
0.25882354
0.27843139
0.16470589
0.22352941
0.34509805
0.27843139
0.24705882
0.63921571
0.96470588
0.41960785
0.45098040
0.41960785
0.44705883
0.44313726
0.38431373
0.42745098
0.46666667
0.45490196
0.22745098
0.14509805
0.14117648
0.17647059
0.23921569
0.31372550
0.32941177
0.27450982
0.21176471
0.16862746
0.18823530
0.38039216
0.36862746
0.20000000
0.23529412
0.31764707
0.27058825
0.21176471
0.26274511
0.29019609
0.35686275
0.68235296
0.95294118
0.37647060
0.36470589
0.41176471
0.45098040
0.42352942
0.39607844
0.36862746
0.40784314
0.44705883
0.21176471
0.13725491
0.15686275
0.21176471
0.27058825
0.33725491
0.37647060
0.23137255
0.11372549
0.10196079
0.18039216
0.41568628
0.34117648
0.23137255
0.23529412
0.18039216
0.21960784
0.29803923
0.40392157
0.39215687
0.40392157
0.69411767
0.93333334
0.44705883
0.40392157
0.34509805
0.32156864
0.31372550
0.42745098
0.37647060
0.33333334
0.32941177
0.23921569
0.17254902
0.17647059
0.25882354
0.27843139
0.25882354
0.21568628
0.14901961
0.06666667
0.08235294
0.26666668
0.29803923
0.22745098
0.24313726
0.23921569
0.10588235
0.13333334
0.32156864
0.46274510
0.54901963
0.47450981
0.71764708
0.91372550
0.39215687
0.40784314
0.31764707
0.32941177
0.40000001
0.39607844
0.37647060
0.41176471
0.40392157
0.23921569
0.22745098
0.18039216
0.23921569
0.25098041
0.16862746
0.12156863
0.09019608
0.04313726
0.10980392
0.45882353
0.33725491
0.15294118
0.13333334
0.17254902
0.09411765
0.10196079
0.18431373
0.36470589
0.40392157
0.43529412
0.76470590
0.88627452
0.33725491
0.39607844
0.35686275
0.41176471
0.40392157
0.32156864
0.35686275
0.52941179
0.41176471
0.17254902
0.17254902
0.17254902
0.24313726
0.21568628
0.14901961
0.10980392
0.07843138
0.05490196
0.08627451
0.26274511
0.40000001
0.29411766
0.20000000
0.20784314
0.18823530
0.21176471
0.29803923
0.37647060
0.47843137
0.52941179
0.79607844
0.87843138
0.32941177
0.29411766
0.35294119
0.37647060
0.43921569
0.40784314
0.42352942
0.46666667
0.35294119
0.14509805
0.10588235
0.12549020
0.20000000
0.18823530
0.12156863
0.09019608
0.07450981
0.05882353
0.06666667
0.09019608
0.16470589
0.31372550
0.43137255
0.45098040
0.45490196
0.42745098
0.42352942
0.47058824
0.42352942
0.51764709
0.81960785
0.88235295
0.38823530
0.31372550
0.32156864
0.32549021
0.44313726
0.48627451
0.40784314
0.41960785
0.47058824
0.20784314
0.09411765
0.08627451
0.12156863
0.13725491
0.09411765
0.08235294
0.07058824
0.05098039
0.05882353
0.05882353
0.07450981
0.23921569
0.29019609
0.35294119
0.44313726
0.44313726
0.45098040
0.54901963
0.39215687
0.53333336
0.79607844
0.87843138
0.38039216
0.39607844
0.40784314
0.36078432
0.42352942
0.48627451
0.43529412
0.45882353
0.54509807
0.30588236
0.11764706
0.06274510
0.09411765
0.11764706
0.07843138
0.08627451
0.10980392
0.09411765
0.06274510
0.04313726
0.17254902
0.34509805
0.28235295
0.25098041
0.29803923
0.39215687
0.50588238
0.49803922
0.41176471
0.47450981
0.57254905
0.72941178
0.36862746
0.38039216
0.42352942
0.41176471
0.41960785
0.45882353
0.40000001
0.37254903
0.39607844
0.42745098
0.22745098
0.06666667
0.07843138
0.10196079
0.09411765
0.08235294
0.10588235
0.09803922
0.06274510
0.16862746
0.39215687
0.40392157
0.27843139
0.19215687
0.21568628
0.28627452
0.30196080
0.31764707
0.35294119
0.42745098
0.49803922
0.57254905
0.29411766
0.42352942
0.40784314
0.41568628
0.36078432
0.33333334
0.34901962
0.36078432
0.39607844
0.44313726
0.36470589
0.19607843
0.11372549
0.07843138
0.10196079
0.10588235
0.10980392
0.14901961
0.24705882
0.37254903
0.40000001
0.25098041
0.13725491
0.13725491
0.14509805
0.15686275
0.16078432
0.16470589
0.20000000
0.26666668
0.36862746
0.39215687
1 0 -1 0 0 0 0 0 0 0 0
0 1 -1 0 0 0 0 0 0 0 0
0 0 -1 1 0 0 0 0 0 0 0
0 0 -1 0 1 0 0 0 0 0 0
0 0 -1 0 0 1 0 0 0 0 0
0 0 -1 0 0 0 1 0 0 0 0
0 0 -1 0 0 0 0 1 0 0 0
0 0 -1 0 0 0 0 0 1 0 0
0 0 -1 0 0 0 0 0 0 1 0
