0.28235295
0.21568628
0.23921569
0.23529412
0.30196080
0.29411766
0.19607843
0.13333334
0.13725491
0.18431373
0.21176471
0.20000000
0.16078432
0.12549020
0.25882354
0.37254903
0.35294119
0.22745098
0.16862746
0.20392157
0.21960784
0.21960784
0.22745098
0.23137255
0.23921569
0.25490198
0.24313726
0.16862746
0.13333334
0.13333334
0.15294118
0.16470589
0.28235295
0.16078432
0.17647059
0.19607843
0.25882354
0.36470589
0.35686275
0.18431373
0.15294118
0.18039216
0.20784314
0.20000000
0.15686275
0.11372549
0.17647059
0.27058825
0.39607844
0.39607844
0.23921569
0.21960784
0.23921569
0.23529412
0.24313726
0.25098041
0.25098041
0.25882354
0.24705882
0.18823530
0.14509805
0.17254902
0.26274511
0.23529412
0.21176471
0.14901961
0.16078432
0.20392157
0.25882354
0.31372550
0.35294119
0.21960784
0.16862746
0.19215687
0.21960784
0.19607843
0.17647059
0.15686275
0.17647059
0.23921569
0.31764707
0.39607844
0.40000001
0.30196080
0.23137255
0.23529412
0.24313726
0.25490198
0.25882354
0.26274511
0.25882354
0.19607843
0.16078432
0.21960784
0.41176471
0.40000001
0.19215687
0.17254902
0.18431373
0.21568628
0.25882354
0.30588236
0.30980393
0.22352941
0.18039216
0.22745098
0.24313726
0.21568628
0.21960784
0.21960784
0.23921569
0.31764707
0.32156864
0.33725491
0.45882353
0.41568628
0.20784314
0.21176471
0.23529412
0.25490198
0.26274511
0.27450982
0.18431373
0.06666667
0.16470589
0.25490198
0.32941177
0.35294119
0.24705882
0.21176471
0.20000000
0.23137255
0.27058825
0.31764707
0.32549021
0.27058825
0.23921569
0.27450982
0.26274511
0.26274511
0.27058825
0.26274511
0.26666668
0.31372550
0.31764707
0.35294119
0.40000001
0.40392157
0.23137255
0.21568628
0.23529412
0.24705882
0.27450982
0.26666668
0.08627451
0.11372549
0.31372550
0.33725491
0.30588236
0.25882354
0.33333334
0.28235295
0.21176471
0.22745098
0.27843139
0.32549021
0.32549021
0.34117648
0.36862746
0.36862746
0.35294119
0.35686275
0.33725491
0.32549021
0.32156864
0.28235295
0.32156864
0.42352942
0.43921569
0.46666667
0.33725491
0.27058825
0.25098041
0.25490198
0.28627452
0.24313726
0.05490196
0.08627451
0.18039216
0.29803923
0.38431373
0.40000001
0.33333334
0.34117648
0.27843139
0.28627452
0.33725491
0.40392157
0.41960785
0.43529412
0.43529412
0.41176471
0.43529412
0.41568628
0.37254903
0.34901962
0.36862746
0.43137255
0.54509807
0.60392159
0.64313728
0.67843139
0.60784316
0.53725493
0.47058824
0.37647060
0.33725491
0.29411766
0.09411765
0.05490196
0.07058824
0.17647059
0.38431373
0.39607844
0.27058825
0.40000001
0.43137255
0.49803922
0.52941179
0.49411765
0.50588238
0.50196081
0.47058824
0.46274510
0.47058824
0.43529412
0.45882353
0.52549022
0.56470591
0.66274512
0.70196080
0.69411767
0.75294119
0.80784315
0.81568629
0.80392158
0.74901962
0.61960787
0.45882353
0.36078432
0.30196080
0.23529412
0.21568628
0.23921569
0.36862746
0.34117648
0.28235295
0.46274510
0.56862748
0.66274512
0.60392159
0.56470591
0.52941179
0.55686277
0.55686277
0.51372552
0.45882353
0.45098040
0.53725493
0.65882355
0.70196080
0.73333335
0.78039217
0.82352942
0.80784315
0.83137256
0.87058824
0.86666667
0.82352942
0.76078433
0.62352943
0.47843137
0.41176471
0.31764707
0.29019609
0.32549021
0.34901962
0.29803923
0.33333334
0.49803922
0.62352943
0.65882355
0.61568630
0.65098041
0.66274512
0.65490198
0.61960787
0.51372552
0.48235294
0.55294120
0.63921571
0.70588237
0.73725492
0.76078433
0.80784315
0.83137256
0.82352942
0.84313726
0.82352942
0.84313726
0.86274511
0.79607844
0.70980394
0.64313728
0.51764709
0.27450982
0.27450982
0.34509805
0.34901962
0.34509805
0.46666667
0.51764709
0.54509807
0.62352943
0.63529414
0.71764708
0.80392158
0.78039217
0.64705884
0.50588238
0.52156866
0.67058825
0.68627453
0.70196080
0.78431374
0.84705883
0.80784315
0.79607844
0.81568629
0.80784315
0.78039217
0.76078433
0.81960785
0.83529413
0.75294119
0.71764708
0.64705884
0.31764707
0.14901961
0.24313726
0.31372550
0.36470589
0.59607846
0.61960787
0.63921571
0.64705884
0.64705884
0.72941178
0.80000001
0.81568629
0.67843139
0.51764709
0.60000002
0.71764708
0.69803923
0.74117649
0.85490197
0.80784315
0.63137257
0.64705884
0.70588237
0.70196080
0.66666669
0.53333336
0.55686277
0.76862746
0.76862746
0.72156864
0.69411767
0.41960785
0.14901961
0.12156863
0.14509805
0.21568628
0.63529414
0.69411767
0.71372551
0.66666669
0.68235296
0.71764708
0.79607844
0.83529413
0.71372551
0.56470591
0.66274512
0.72941178
0.72549021
0.78823531
0.86666667
0.62745100
0.34901962
0.43529412
0.60392159
0.70196080
0.67843139
0.54117650
0.45490196
0.70588237
0.80000001
0.73725492
0.70196080
0.45098040
0.20784314
0.18431373
0.12156863
0.01176471
0.66666669
0.66274512
0.68627453
0.72156864
0.74509805
0.75294119
0.76862746
0.81568629
0.73333335
0.63137257
0.68235296
0.73333335
0.73333335
0.80000001
0.81568629
0.58039218
0.47058824
0.60392159
0.50980395
0.40784314
0.58431375
0.74117649
0.68235296
0.71764708
0.77647060
0.72549021
0.67843139
0.44705883
0.20784314
0.16470589
0.15294118
0.09803922
0.67843139
0.66274512
0.69803923
0.77647060
0.80000001
0.80000001
0.78823531
0.79215688
0.74117649
0.64313728
0.67058825
0.72156864
0.70588237
0.77254903
0.79215688
0.62352943
0.72156864
0.74901962
0.38431373
0.20784314
0.39607844
0.73333335
0.78823531
0.69411767
0.72549021
0.68627453
0.63921571
0.40784314
0.18823530
0.17254902
0.19607843
0.22352941
0.58431375
0.69411767
0.71372551
0.78431374
0.83137256
0.83529413
0.80784315
0.78039217
0.70980394
0.62352943
0.65490198
0.68235296
0.64705884
0.71764708
0.72549021
0.65098041
0.82745099
0.81176472
0.50588238
0.30588236
0.45882353
0.76078433
0.83137256
0.67450982
0.61568630
0.61568630
0.58823532
0.47450981
0.29411766
0.23137255
0.25098041
0.22352941
0.57254905
0.73725492
0.74901962
0.76862746
0.82745099
0.86274511
0.79607844
0.75294119
0.67450982
0.60784316
0.61960787
0.61960787
0.58431375
0.63921571
0.64705884
0.67058825
0.78431374
0.77647060
0.55294120
0.36470589
0.51764709
0.76470590
0.76078433
0.65098041
0.56470591
0.53725493
0.54901963
0.66274512
0.57254905
0.31764707
0.23921569
0.21960784
0.62745100
0.74117649
0.74901962
0.74509805
0.73725492
0.72941178
0.72549021
0.70588237
0.60392159
0.54117650
0.54901963
0.53725493
0.52156866
0.55686277
0.60784316
0.65490198
0.63921571
0.55294120
0.55294120
0.55686277
0.58039218
0.63529414
0.66666669
0.63529414
0.51372552
0.44705883
0.60000002
0.76862746
0.70588237
0.50588238
0.32941177
0.22352941
0.67058825
0.72549021
0.71764708
0.71764708
0.62352943
0.46666667
0.43921569
0.42352942
0.36078432
0.39215687
0.47450981
0.43529412
0.40000001
0.52156866
0.61960787
0.61960787
0.55686277
0.49019608
0.62745100
0.62352943
0.57254905
0.58823532
0.61960787
0.63137257
0.52156866
0.52549022
0.80392158
0.83529413
0.78823531
0.70980394
0.53333336
0.27450982
0.64313728
0.67843139
0.65882355
0.64705884
0.51764709
0.33725491
0.28235295
0.23921569
0.22745098
0.43529412
0.59215689
0.54117650
0.40392157
0.57647061
0.68235296
0.71372551
0.64313728
0.59215689
0.65098041
0.59215689
0.60392159
0.63137257
0.66666669
0.73333335
0.76470590
0.81176472
0.88627452
0.86274511
0.82352942
0.76862746
0.68235296
0.43921569
0.56470591
0.62745100
0.58431375
0.50588238
0.43137255
0.34509805
0.32549021
0.27450982
0.26666668
0.52941179
0.70980394
0.74509805
0.76078433
0.82745099
0.83137256
0.77647060
0.76078433
0.73333335
0.74509805
0.76862746
0.75294119
0.71372551
0.74901962
0.84705883
0.89019608
0.87450981
0.86666667
0.85490197
0.84313726
0.82352942
0.77254903
0.61960787
0.47450981
0.55686277
0.43921569
0.40392157
0.40000001
0.36470589
0.36862746
0.34509805
0.38823530
0.63921571
0.73725492
0.77254903
0.87058824
0.90588236
0.92156863
0.85490197
0.80392158
0.78039217
0.81568629
0.82352942
0.78039217
0.76862746
0.80784315
0.87450981
0.88627452
0.85490197
0.85490197
0.87058824
0.84313726
0.82745099
0.79215688
0.69411767
0.41176471
0.47058824
0.32941177
0.33333334
0.31764707
0.28627452
0.27843139
0.31372550
0.52941179
0.75686276
0.75686276
0.80000001
0.88627452
0.92549020
0.93725491
0.93333334
0.89803922
0.85098040
0.83137256
0.80784315
0.79607844
0.81568629
0.84705883
0.87058824
0.87843138
0.85882354
0.83529413
0.87058824
0.84705883
0.83529413
0.81176472
0.72549021
0.37254903
0.38431373
0.29019609
0.28235295
0.24705882
0.20784314
0.19215687
0.25098041
0.47058824
0.68627453
0.74509805
0.80784315
0.88235295
0.90980393
0.88627452
0.90196079
0.90588236
0.87843138
0.85882354
0.83137256
0.81176472
0.81960785
0.83137256
0.85098040
0.85098040
0.84313726
0.83921570
0.85882354
0.85490197
0.85098040
0.83529413
0.74901962
0.31764707
0.27450982
0.27450982
0.25098041
0.20784314
0.17254902
0.15294118
0.19607843
0.28235295
0.45490196
0.55294120
0.67450982
0.77647060
0.83921570
0.86274511
0.87843138
0.87843138
0.87058824
0.87450981
0.83921570
0.80392158
0.78823531
0.76078433
0.76470590
0.80784315
0.83137256
0.82352942
0.78431374
0.80784315
0.82745099
0.83921570
0.77254903
0.26666668
0.22745098
0.30196080
0.27058825
0.20000000
0.19215687
0.18431373
0.19215687
0.22352941
0.31372550
0.44705883
0.61176473
0.70588237
0.75294119
0.74901962
0.82745099
0.85098040
0.83529413
0.82745099
0.76470590
0.68235296
0.63921571
0.64313728
0.68627453
0.76862746
0.78039217
0.76078433
0.74901962
0.76470590
0.76078433
0.76078433
0.67058825
0.25882354
0.23921569
0.30980393
0.27450982
0.21176471
0.22352941
0.23137255
0.21176471
0.22745098
0.34509805
0.55294120
0.63137257
0.69411767
0.62745100
0.64313728
0.77647060
0.80000001
0.74509805
0.60392159
0.47843137
0.40000001
0.37254903
0.41568628
0.52156866
0.72156864
0.75294119
0.74117649
0.75686276
0.76470590
0.73333335
0.69019610
0.47058824
0.25490198
0.25490198
0.29803923
0.28235295
0.22745098
0.22352941
0.23137255
0.24313726
0.28235295
0.35294119
0.53333336
0.58823532
0.59215689
0.59215689
0.70980394
0.77254903
0.76078433
0.64705884
0.44313726
0.32941177
0.29019609
0.28627452
0.29019609
0.35294119
0.64313728
0.77254903
0.74117649
0.74117649
0.74901962
0.76078433
0.67843139
0.42352942
0.23137255
0.26274511
0.29803923
0.29803923
0.24313726
0.21176471
0.21568628
0.23529412
0.28235295
0.34901962
0.45882353
0.54117650
0.62352943
0.65098041
0.75294119
0.78823531
0.69411767
0.51764709
0.37254903
0.28627452
0.25490198
0.25882354
0.29803923
0.32941177
0.53333336
0.70196080
0.70588237
0.70588237
0.72941178
0.72156864
0.53725493
0.39607844
0.23921569
0.29411766
0.29411766
0.31372550
0.24313726
0.21960784
0.21960784
0.21960784
0.25098041
0.30196080
0.31372550
0.37254903
0.41960785
0.47843137
0.61176473
0.58039218
0.46666667
0.37647060
0.34117648
0.28627452
0.24705882
0.28235295
0.33333334
0.33333334
0.38039216
0.46274510
0.52156866
0.54117650
0.64313728
0.55294120
0.37254903
0.35294119
0.23137255
0.32941177
0.31372550
0.33725491
0.28235295
0.27450982
0.25882354
0.25882354
0.25490198
0.25882354
0.25098041
0.25098041
0.25882354
0.30980393
0.36470589
0.33725491
0.34509805
0.33725491
0.32156864
0.29803923
0.24313726
0.29803923
0.33725491
0.34509805
0.33333334
0.34901962
0.37254903
0.37254903
0.42745098
0.36078432
0.31372550
0.34117648
0.20784314
0.29019609
0.32549021
0.37254903
0.31764707
0.31764707
0.30980393
0.29803923
0.25882354
0.25098041
0.25882354
0.25098041
0.26274511
0.27058825
0.27843139
0.30196080
0.31372550
0.30980393
0.29803923
0.30196080
0.24705882
0.27843139
0.32941177
0.33725491
0.32156864
0.31372550
0.33725491
0.33725491
0.31372550
0.28235295
0.28235295
0.32549021
0.34509805
0.27450982
0.28627452
0.26666668
0.33725491
0.33333334
0.25098041
0.19607843
0.20000000
0.24705882
0.27843139
0.26666668
0.22745098
0.18823530
0.30588236
0.38823530
0.36078432
0.26666668
0.22745098
0.27058825
0.29019609
0.29019609
0.30196080
0.30588236
0.30196080
0.30588236
0.29411766
0.23921569
0.21568628
0.20000000
0.20784314
0.22745098
0.35294119
0.23137255
0.23529412
0.23137255
0.28627452
0.38823530
0.38823530
0.23529412
0.21960784
0.25490198
0.28627452
0.27058825
0.21960784
0.18823530
0.26274511
0.32156864
0.41960785
0.41568628
0.27058825
0.27058825
0.30196080
0.30980393
0.31764707
0.32156864
0.31764707
0.32941177
0.32156864
0.27058825
0.22745098
0.23921569
0.31764707
0.29411766
0.29019609
0.23137255
0.23529412
0.25490198
0.29803923
0.33725491
0.37647060
0.26666668
0.24705882
0.29019609
0.30980393
0.27450982
0.24313726
0.22352941
0.25098041
0.29411766
0.35294119
0.41960785
0.41960785
0.33333334
0.29411766
0.31764707
0.31764707
0.32156864
0.33333334
0.34117648
0.33333334
0.25882354
0.22352941
0.27058825
0.44705883
0.44313726
0.28627452
0.27058825
0.26666668
0.27843139
0.30980393
0.33725491
0.33333334
0.28627452
0.27843139
0.29411766
0.29411766
0.25098041
0.23921569
0.23529412
0.26274511
0.35294119
0.36078432
0.38039216
0.47843137
0.43137255
0.27450982
0.29803923
0.30588236
0.32156864
0.34509805
0.36078432
0.23921569
0.09411765
0.19215687
0.27450982
0.33333334
0.36470589
0.33725491
0.30588236
0.29019609
0.31372550
0.34117648
0.36470589
0.36470589
0.31764707
0.28235295
0.26274511
0.22745098
0.20784314
0.20392157
0.19607843
0.21176471
0.28627452
0.32156864
0.38431373
0.41568628
0.41568628
0.29019609
0.30196080
0.32156864
0.33333334
0.36078432
0.34117648
0.12549020
0.11372549
0.30980393
0.33333334
0.29019609
0.24705882
0.41176471
0.35686275
0.30196080
0.33333334
0.35686275
0.38431373
0.35294119
0.32549021
0.32549021
0.30196080
0.25490198
0.23529412
0.21960784
0.20784314
0.20392157
0.19607843
0.27450982
0.41568628
0.43529412
0.46666667
0.36078432
0.31764707
0.31764707
0.33333334
0.36862746
0.30980393
0.08627451
0.08627451
0.16078432
0.27843139
0.36470589
0.38039216
0.40784314
0.40000001
0.34901962
0.37254903
0.40000001
0.40784314
0.36862746
0.36862746
0.36862746
0.33333334
0.33725491
0.30196080
0.26274511
0.24705882
0.27450982
0.34901962
0.48627451
0.56862748
0.61176473
0.64705884
0.58431375
0.52156866
0.45882353
0.37647060
0.36862746
0.36078432
0.14509805
0.05098039
0.04705882
0.15686275
0.36470589
0.37647060
0.34901962
0.44705883
0.47450981
0.55294120
0.56078434
0.45098040
0.39215687
0.39215687
0.38431373
0.36470589
0.37254903
0.34117648
0.37254903
0.44705883
0.49411765
0.59215689
0.63921571
0.63529414
0.70980394
0.78431374
0.78823531
0.77254903
0.70980394
0.56078434
0.43137255
0.40392157
0.35294119
0.24313726
0.19607843
0.21960784
0.34901962
0.32156864
0.36078432
0.50196081
0.58823532
0.68235296
0.61176473
0.51764709
0.42745098
0.44313726
0.44313726
0.39215687
0.36078432
0.38039216
0.46666667
0.58823532
0.64313728
0.66666669
0.71372551
0.75294119
0.76470590
0.81176472
0.85098040
0.83921570
0.79215688
0.69803923
0.56470591
0.46666667
0.42745098
0.33333334
0.28235295
0.30588236
0.32941177
0.27843139
0.41176471
0.52549022
0.62745100
0.65882355
0.60784316
0.62745100
0.61176473
0.55686277
0.49019608
0.37647060
0.38431373
0.49019608
0.58431375
0.64313728
0.67058825
0.69019610
0.74117649
0.76862746
0.76470590
0.78431374
0.76862746
0.79215688
0.81568629
0.74509805
0.64705884
0.58039218
0.48627451
0.29019609
0.27450982
0.32941177
0.33333334
0.32941177
0.49803922
0.51372552
0.52156866
0.60000002
0.61960787
0.71372551
0.78431374
0.71372551
0.52941179
0.38823530
0.43921569
0.61176473
0.61960787
0.64313728
0.72941178
0.75686276
0.72941178
0.71764708
0.70588237
0.69019610
0.69019610
0.68627453
0.74901962
0.76862746
0.69803923
0.65098041
0.58039218
0.29803923
0.14901961
0.23529412
0.29803923
0.33725491
0.60392159
0.59607846
0.60784316
0.61960787
0.63529414
0.72941178
0.79215688
0.76078433
0.58431375
0.41960785
0.52549022
0.65490198
0.62745100
0.67843139
0.79215688
0.69411767
0.52941179
0.54509807
0.57647061
0.58431375
0.58039218
0.45490196
0.47058824
0.68235296
0.71372551
0.66274512
0.61568630
0.38431373
0.15686275
0.13333334
0.14509805
0.20000000
0.63529414
0.67450982
0.68627453
0.65098041
0.67450982
0.71764708
0.78431374
0.78431374
0.63529414
0.47450981
0.58431375
0.65882355
0.65490198
0.72156864
0.77254903
0.49019608
0.23529412
0.32549021
0.49411765
0.62352943
0.61176473
0.46274510
0.35294119
0.60392159
0.73333335
0.67058825
0.62745100
0.42352942
0.23529412
0.21960784
0.14117648
0.01960784
0.66274512
0.64313728
0.66666669
0.71764708
0.74117649
0.74901962
0.74901962
0.77647060
0.67843139
0.55294120
0.59607846
0.65098041
0.66274512
0.72941178
0.70588237
0.43137255
0.36078432
0.50980395
0.41960785
0.34901962
0.53333336
0.67843139
0.58823532
0.60784316
0.69411767
0.65098041
0.60000002
0.41960785
0.24313726
0.21568628
0.18823530
0.11764706
0.66666669
0.63921571
0.68627453
0.78431374
0.80000001
0.78823531
0.76470590
0.76470590
0.70196080
0.56862748
0.58039218
0.63137257
0.63529414
0.70980394
0.67450982
0.47843137
0.62352943
0.68235296
0.30980393
0.15686275
0.35686275
0.69019610
0.72156864
0.58823532
0.62745100
0.60784316
0.56078434
0.38431373
0.23137255
0.22352941
0.23137255
0.24313726
0.56470591
0.66666669
0.69803923
0.78823531
0.83529413
0.83137256
0.78823531
0.76078433
0.68235296
0.54901963
0.56078434
0.58431375
0.56862748
0.64705884
0.62352943
0.53333336
0.75294119
0.76862746
0.44705883
0.24313726
0.41568628
0.72549021
0.78431374
0.58431375
0.50980395
0.52156866
0.50588238
0.44705883
0.31764707
0.25882354
0.27058825
0.23921569
0.54901963
0.70588237
0.72549021
0.75686276
0.81568629
0.84705883
0.77647060
0.73333335
0.63921571
0.52549022
0.51764709
0.52156866
0.50196081
0.55686277
0.55686277
0.58823532
0.72156864
0.73333335
0.50196081
0.29803923
0.46274510
0.71764708
0.72156864
0.58431375
0.46274510
0.43137255
0.46666667
0.63529414
0.56470591
0.31764707
0.24705882
0.23921569
0.60784316
0.71372551
0.72941178
0.73725492
0.71764708
0.70588237
0.70196080
0.68235296
0.56862748
0.47058824
0.45882353
0.44313726
0.44313726
0.47058824
0.50196081
0.56078434
0.55686277
0.48235294
0.48235294
0.48235294
0.50980395
0.57647061
0.61176473
0.58039218
0.43921569
0.36078432
0.54509807
0.75294119
0.70588237
0.50588238
0.34509805
0.25490198
0.66274512
0.70980394
0.70980394
0.72156864
0.63529414
0.48627451
0.46274510
0.45882353
0.38039216
0.34509805
0.40000001
0.35294119
0.32941177
0.44313726
0.50980395
0.51764709
0.45882353
0.40000001
0.54509807
0.54509807
0.49803922
0.51372552
0.55294120
0.58431375
0.47450981
0.47843137
0.77647060
0.83529413
0.79215688
0.72156864
0.55686277
0.31372550
0.63921571
0.66666669
0.65490198
0.65882355
0.56078434
0.39607844
0.34901962
0.32156864
0.29803923
0.43137255
0.55294120
0.47843137
0.34901962
0.51764709
0.60000002
0.62745100
0.56078434
0.51372552
0.57254905
0.51764709
0.53333336
0.56862748
0.60784316
0.69803923
0.74117649
0.78823531
0.87450981
0.85882354
0.81960785
0.77254903
0.70196080
0.47450981
0.56470591
0.61960787
0.58431375
0.51764709
0.44313726
0.36470589
0.36078432
0.32941177
0.32156864
0.55686277
0.70980394
0.72156864
0.74117649
0.80392158
0.78431374
0.72941178
0.71372551
0.67843139
0.68627453
0.70588237
0.69803923
0.67058825
0.71372551
0.81568629
0.86666667
0.85882354
0.85098040
0.83921570
0.82745099
0.81568629
0.77254903
0.63921571
0.47450981
0.58431375
0.51372552
0.43921569
0.41568628
0.37647060
0.38039216
0.35686275
0.40000001
0.63529414
0.73725492
0.77647060
0.87843138
0.89803922
0.89411765
0.82745099
0.78039217
0.73725492
0.75686276
0.77254903
0.73333335
0.72941178
0.77254903
0.84705883
0.86666667
0.83921570
0.83921570
0.85490197
0.82352942
0.81568629
0.78431374
0.70980394
0.42352942
0.53333336
0.46666667
0.41176471
0.38431373
0.36470589
0.35294119
0.36470589
0.53725493
0.73333335
0.74509805
0.79215688
0.86274511
0.89019608
0.90980393
0.89803922
0.86666667
0.80784315
0.77254903
0.75294119
0.74509805
0.77254903
0.80784315
0.84313726
0.85882354
0.83921570
0.81960785
0.85490197
0.83137256
0.81960785
0.80000001
0.74117649
0.40784314
0.47058824
0.43529412
0.39607844
0.36470589
0.36078432
0.36470589
0.37254903
0.52156866
0.71372551
0.76470590
0.80784315
0.83529413
0.85098040
0.84705883
0.84705883
0.85098040
0.83529413
0.81176472
0.77647060
0.76470590
0.77647060
0.79215688
0.82745099
0.83529413
0.82352942
0.81960785
0.83921570
0.83529413
0.83529413
0.82352942
0.76862746
0.38823530
0.37254903
0.40392157
0.38039216
0.34901962
0.34901962
0.35686275
0.35686275
0.39215687
0.55294120
0.63529414
0.72549021
0.78039217
0.81960785
0.83921570
0.82745099
0.81568629
0.82352942
0.83529413
0.80000001
0.76862746
0.76470590
0.73725492
0.74509805
0.79215688
0.81568629
0.80392158
0.76470590
0.79215688
0.81176472
0.82745099
0.78823531
0.37254903
0.32549021
0.39607844
0.38039216
0.32156864
0.31372550
0.32549021
0.35294119
0.38039216
0.43921569
0.55294120
0.68627453
0.73333335
0.76470590
0.76470590
0.80392158
0.79607844
0.78431374
0.80000001
0.75294119
0.67843139
0.63921571
0.65098041
0.67450982
0.74509805
0.76078433
0.74509805
0.73333335
0.75294119
0.74509805
0.75294119
0.68627453
0.37647060
0.32941177
0.38039216
0.36470589
0.30588236
0.29411766
0.30980393
0.33333334
0.37254903
0.45098040
0.63921571
0.69803923
0.72549021
0.65098041
0.68235296
0.77254903
0.75294119
0.69411767
0.59607846
0.49803922
0.42745098
0.40392157
0.45490196
0.53333336
0.70588237
0.72941178
0.72156864
0.74509805
0.74901962
0.72156864
0.68627453
0.49019608
0.36078432
0.34901962
0.37647060
0.36470589
0.31764707
0.30588236
0.30196080
0.31372550
0.36078432
0.43921569
0.61568630
0.67058825
0.67058825
0.65882355
0.72549021
0.74509805
0.71372551
0.61960787
0.46666667
0.38823530
0.34901962
0.34901962
0.35294119
0.40784314
0.66666669
0.74901962
0.70588237
0.72156864
0.74509805
0.76078433
0.68627453
0.44313726
0.33725491
0.35294119
0.38039216
0.38039216
0.33725491
0.30980393
0.30588236
0.31372550
0.34901962
0.41568628
0.52156866
0.60000002
0.69803923
0.70588237
0.75686276
0.76470590
0.66666669
0.52156866
0.41960785
0.35294119
0.32156864
0.32549021
0.36470589
0.39215687
0.56862748
0.69019610
0.68235296
0.69411767
0.73333335
0.72941178
0.55294120
0.41960785
0.34117648
0.38431373
0.37647060
0.39215687
0.33333334
0.31372550
0.31372550
0.31372550
0.33725491
0.36862746
0.37647060
0.43529412
0.49411765
0.52941179
0.62352943
0.58039218
0.47450981
0.41176471
0.40000001
0.35294119
0.31372550
0.34901962
0.40000001
0.39607844
0.41960785
0.47450981
0.52156866
0.54509807
0.66666669
0.58039218
0.40392157
0.38431373
0.33333334
0.42352942
0.39607844
0.41568628
0.35294119
0.34509805
0.34117648
0.34509805
0.34901962
0.34901962
0.34509805
0.35294119
0.35686275
0.39607844
0.40392157
0.37254903
0.38823530
0.38823530
0.38431373
0.36470589
0.30980393
0.36470589
0.40392157
0.40392157
0.38431373
0.38431373
0.40392157
0.40000001
0.47450981
0.40784314
0.35686275
0.38039216
0.30980393
0.38431373
0.40784314
0.44705883
0.36470589
0.36470589
0.36862746
0.36862746
0.33333334
0.32156864
0.32941177
0.33333334
0.34901962
0.35294119
0.34509805
0.36862746
0.37647060
0.36078432
0.35294119
0.36862746
0.31372550
0.34509805
0.39607844
0.40000001
0.37647060
0.37254903
0.38823530
0.38431373
0.37254903
0.34117648
0.33725491
0.36862746
0.38039216
0.32941177
0.31764707
0.26274511
0.31372550
0.32941177
0.27058825
0.24313726
0.25490198
0.27843139
0.30980393
0.30980393
0.28235295
0.23529412
0.32549021
0.38823530
0.36862746
0.30588236
0.28235295
0.32156864
0.34117648
0.34509805
0.36078432
0.36078432
0.34509805
0.34117648
0.34509805
0.30588236
0.28235295
0.25490198
0.25490198
0.27843139
0.39215687
0.27843139
0.26274511
0.23921569
0.27058825
0.37254903
0.39215687
0.26666668
0.26666668
0.29803923
0.32549021
0.31764707
0.27058825
0.24313726
0.30588236
0.33333334
0.41568628
0.41568628
0.29019609
0.30588236
0.35686275
0.36862746
0.37647060
0.37254903
0.36078432
0.38039216
0.38823530
0.35294119
0.29803923
0.29019609
0.36078432
0.34117648
0.33333334
0.26666668
0.26274511
0.27450982
0.29803923
0.32941177
0.37254903
0.29019609
0.29411766
0.34509805
0.36470589
0.32941177
0.29803923
0.27843139
0.29019609
0.30980393
0.34901962
0.40392157
0.41176471
0.35686275
0.34509805
0.38431373
0.37647060
0.36862746
0.38039216
0.40000001
0.40000001
0.32549021
0.27450982
0.30588236
0.47450981
0.47843137
0.32941177
0.29803923
0.29411766
0.30980393
0.33333334
0.34117648
0.32941177
0.31372550
0.32549021
0.32549021
0.31764707
0.27450982
0.25490198
0.25098041
0.28235295
0.36470589
0.36862746
0.37647060
0.47058824
0.44313726
0.32549021
0.36862746
0.36470589
0.36862746
0.39215687
0.41960785
0.29019609
0.12549020
0.21568628
0.29019609
0.34117648
0.37647060
0.37254903
0.32941177
0.31372550
0.34509805
0.38039216
0.39215687
0.37254903
0.32549021
0.28235295
0.23529412
0.18823530
0.16078432
0.16470589
0.16078432
0.18431373
0.27058825
0.32156864
0.39215687
0.41960785
0.42745098
0.33725491
0.36862746
0.38431373
0.40000001
0.43137255
0.39215687
0.15686275
0.12941177
0.31372550
0.32941177
0.28235295
0.24313726
0.44705883
0.39607844
0.34117648
0.36862746
0.40000001
0.41176471
0.35294119
0.28235295
0.25490198
0.22745098
0.17254902
0.15294118
0.16078432
0.15294118
0.12941177
0.14509805
0.24705882
0.40392157
0.43529412
0.47058824
0.38039216
0.35686275
0.36862746
0.41176471
0.44705883
0.35686275
0.10980392
0.10196079
0.16078432
0.26666668
0.35294119
0.36862746
0.45882353
0.45882353
0.40392157
0.41960785
0.43921569
0.40000001
0.30588236
0.28627452
0.28627452
0.25098041
0.25098041
0.22745098
0.20784314
0.19607843
0.21960784
0.30196080
0.45098040
0.53725493
0.59215689
0.64313728
0.58039218
0.52549022
0.47058824
0.39607844
0.40392157
0.41176471
0.18431373
0.07450981
0.04313726
0.14509805
0.34901962
0.36078432
0.40784314
0.50588238
0.52941179
0.60000002
0.59215689
0.41568628
0.29019609
0.28235295
0.29411766
0.27843139
0.29803923
0.27843139
0.32156864
0.40784314
0.46274510
0.56078434
0.60000002
0.58431375
0.69019610
0.79215688
0.79215688
0.77254903
0.70588237
0.54117650
0.42745098
0.43921569
0.39607844
0.26666668
0.18823530
0.20000000
0.32941177
0.30196080
0.41176471
0.54901963
0.62745100
0.71764708
0.62745100
0.48235294
0.34117648
0.33725491
0.34117648
0.30196080
0.29019609
0.32941177
0.42352942
0.55294120
0.61568630
0.63921571
0.67450982
0.69803923
0.73333335
0.81568629
0.84705883
0.83529413
0.78431374
0.67450982
0.53725493
0.45882353
0.43921569
0.36078432
0.27450982
0.27843139
0.30588236
0.25098041
0.44705883
0.56078434
0.65098041
0.67058825
0.61176473
0.61960787
0.57254905
0.47450981
0.37647060
0.28627452
0.31764707
0.44705883
0.54509807
0.60392159
0.63921571
0.65882355
0.69803923
0.71372551
0.70980394
0.73725492
0.72549021
0.75294119
0.78039217
0.71764708
0.61176473
0.52549022
0.46274510
0.31764707
0.27450982
0.29803923
0.30196080
0.29411766
0.50588238
0.52941179
0.53725493
0.60784316
0.62352943
0.73333335
0.79215688
0.65882355
0.42745098
0.30196080
0.38039216
0.56862748
0.57254905
0.58823532
0.69019610
0.71764708
0.66666669
0.63529414
0.61960787
0.60000002
0.60392159
0.61568630
0.69411767
0.72156864
0.65490198
0.60392159
0.53725493
0.30980393
0.16862746
0.22745098
0.28627452
0.32156864
0.60000002
0.60000002
0.61960787
0.62745100
0.63921571
0.75686276
0.81176472
0.72156864
0.49411765
0.34117648
0.46274510
0.60784316
0.57254905
0.61960787
0.74901962
0.65490198
0.46666667
0.46666667
0.49411765
0.49803922
0.49803922
0.39215687
0.42352942
0.62745100
0.66274512
0.62745100
0.57254905
0.38039216
0.18431373
0.15294118
0.15686275
0.20000000
0.63529414
0.68235296
0.69803923
0.65490198
0.68235296
0.74117649
0.80000001
0.75294119
0.56078434
0.40392157
0.52156866
0.60392159
0.60000002
0.66666669
0.73725492
0.46274510
0.19607843
0.27450982
0.44313726
0.56862748
0.55686277
0.42352942
0.32549021
0.55686277
0.68235296
0.62745100
0.57647061
0.41176471
0.26666668
0.25490198
0.16470589
0.03137255
0.66274512
0.65098041
0.67450982
0.71764708
0.75294119
0.76862746
0.76470590
0.75294119
0.61960787
0.48627451
0.52941179
0.58823532
0.60784316
0.68235296
0.67058825
0.41176471
0.33333334
0.48627451
0.41176471
0.34117648
0.51372552
0.65882355
0.57647061
0.56470591
0.64313728
0.60784316
0.54117650
0.40392157
0.27450982
0.25098041
0.21568628
0.12941177
0.67058825
0.64705884
0.69019610
0.78431374
0.81176472
0.81176472
0.77647060
0.74509805
0.65882355
0.50588238
0.50980395
0.56078434
0.58039218
0.66274512
0.63529414
0.46274510
0.61176473
0.67058825
0.33333334
0.19215687
0.37254903
0.68627453
0.70980394
0.54509807
0.57647061
0.56078434
0.49803922
0.36078432
0.25490198
0.25098041
0.25098041
0.25098041
0.57254905
0.67450982
0.70588237
0.79607844
0.84705883
0.84313726
0.79215688
0.74509805
0.64313728
0.49411765
0.48235294
0.50196081
0.50980395
0.60392159
0.58039218
0.51372552
0.74117649
0.76470590
0.47843137
0.29803923
0.44313726
0.72549021
0.77647060
0.53725493
0.44705883
0.45882353
0.43921569
0.42352942
0.32941177
0.27450982
0.27843139
0.23921569
0.55686277
0.70588237
0.72941178
0.77254903
0.82745099
0.85098040
0.76862746
0.71764708
0.60784316
0.45490196
0.41568628
0.40392157
0.41176471
0.50196081
0.50588238
0.55294120
0.69803923
0.71764708
0.50980395
0.32549021
0.47450981
0.71764708
0.70980394
0.54117650
0.38823530
0.34509805
0.40392157
0.60784316
0.56470591
0.31764707
0.25098041
0.24313726
0.60000002
0.69411767
0.71764708
0.74117649
0.72941178
0.71372551
0.70196080
0.67843139
0.54509807
0.38431373
0.33333334
0.30588236
0.32549021
0.38823530
0.43921569
0.50588238
0.51372552
0.44705883
0.45882353
0.47058824
0.49803922
0.56470591
0.60392159
0.54901963
0.38039216
0.29803923
0.50196081
0.74117649
0.71372551
0.52156866
0.36078432
0.27450982
0.63921571
0.67450982
0.68235296
0.71372551
0.63921571
0.48627451
0.46274510
0.45490196
0.36862746
0.30196080
0.33725491
0.27843139
0.25882354
0.38039216
0.44705883
0.45490196
0.40392157
0.34901962
0.49803922
0.50588238
0.46666667
0.49803922
0.54509807
0.56470591
0.43921569
0.44313726
0.74901962
0.83137256
0.81176472
0.74901962
0.58823532
0.34901962
0.61960787
0.63921571
0.63529414
0.65098041
0.55686277
0.39215687
0.34901962
0.32156864
0.30196080
0.45098040
0.56862748
0.49019608
0.35294119
0.49803922
0.55294120
0.58039218
0.51372552
0.46666667
0.52941179
0.48627451
0.50588238
0.54509807
0.58823532
0.67843139
0.72549021
0.77254903
0.86274511
0.85490197
0.83921570
0.80392158
0.73333335
0.50980395
0.56078434
0.61176473
0.58431375
0.52549022
0.45490196
0.38039216
0.38039216
0.34901962
0.34117648
0.59607846
0.74509805
0.74901962
0.74509805
0.79215688
0.77254903
0.71372551
0.69019610
0.65098041
0.67058825
0.69803923
0.68235296
0.64313728
0.67843139
0.78823531
0.85098040
0.84313726
0.83921570
0.82745099
0.83529413
0.83921570
0.80000001
0.66666669
0.47058824
0.61960787
0.59215689
0.47450981
0.41568628
0.40000001
0.39607844
0.35686275
0.41568628
0.70588237
0.77647060
0.79607844
0.85490197
0.88627452
0.92156863
0.83921570
0.72941178
0.69411767
0.74901962
0.74901962
0.70980394
0.69803923
0.74117649
0.81960785
0.84705883
0.81960785
0.81176472
0.82352942
0.81176472
0.81568629
0.78823531
0.72549021
0.41568628
0.60000002
0.59607846
0.47450981
0.40784314
0.43921569
0.42352942
0.40000001
0.57647061
0.77254903
0.75686276
0.79607844
0.85098040
0.87450981
0.90980393
0.90980393
0.81568629
0.76078433
0.75686276
0.70980394
0.70980394
0.73725492
0.77647060
0.81568629
0.83137256
0.81176472
0.78823531
0.82352942
0.81176472
0.80784315
0.79215688
0.75686276
0.41176471
0.54117650
0.56078434
0.48235294
0.45882353
0.54901963
0.55294120
0.49411765
0.61176473
0.73333335
0.78823531
0.80784315
0.84705883
0.81960785
0.79215688
0.84313726
0.83921570
0.81176472
0.78431374
0.73333335
0.72549021
0.74117649
0.76470590
0.79215688
0.79607844
0.79215688
0.79607844
0.81960785
0.82352942
0.82352942
0.81568629
0.78431374
0.40000001
0.43921569
0.50588238
0.46666667
0.46274510
0.55294120
0.56470591
0.52156866
0.55294120
0.69019610
0.76862746
0.78823531
0.78823531
0.78039217
0.79215688
0.80000001
0.80784315
0.81568629
0.81176472
0.76862746
0.74509805
0.74509805
0.72156864
0.72156864
0.75686276
0.78431374
0.77647060
0.74117649
0.77647060
0.80000001
0.82352942
0.80392158
0.39607844
0.37647060
0.45490196
0.43529412
0.38823530
0.44313726
0.46274510
0.47843137
0.54509807
0.63921571
0.74117649
0.81960785
0.76470590
0.78823531
0.80784315
0.74509805
0.75294119
0.78039217
0.78823531
0.74509805
0.67450982
0.63921571
0.65490198
0.67843139
0.73725492
0.73725492
0.70588237
0.68235296
0.72549021
0.73333335
0.74509805
0.70196080
0.40392157
0.36862746
0.40784314
0.39215687
0.32549021
0.33333334
0.34509805
0.40784314
0.49803922
0.61960787
0.81960785
0.86274511
0.83921570
0.77647060
0.78039217
0.70980394
0.68627453
0.68235296
0.59607846
0.50980395
0.43921569
0.42352942
0.47450981
0.56078434
0.71764708
0.71372551
0.67058825
0.67843139
0.71764708
0.70980394
0.67843139
0.50196081
0.39215687
0.38039216
0.40784314
0.39215687
0.33725491
0.32941177
0.32941177
0.34509805
0.40000001
0.52549022
0.72549021
0.80784315
0.82745099
0.76470590
0.77647060
0.72941178
0.67843139
0.60000002
0.47450981
0.41176471
0.37647060
0.37647060
0.38039216
0.44313726
0.67843139
0.72549021
0.66274512
0.68627453
0.72549021
0.74901962
0.68235296
0.45098040
0.36470589
0.38431373
0.41568628
0.41176471
0.35686275
0.32549021
0.32156864
0.33725491
0.37647060
0.39607844
0.53333336
0.69803923
0.75686276
0.78039217
0.78431374
0.76078433
0.65098041
0.51764709
0.43529412
0.38039216
0.34901962
0.35294119
0.39215687
0.42745098
0.58431375
0.67450982
0.65098041
0.67450982
0.72549021
0.72941178
0.55686277
0.43137255
0.37254903
0.41568628
0.41176471
0.42352942
0.35294119
0.32941177
0.32941177
0.32941177
0.35686275
0.40000001
0.45882353
0.56470591
0.62352943
0.63921571
0.63921571
0.58039218
0.48235294
0.43921569
0.43137255
0.38039216
0.34117648
0.37647060
0.42745098
0.42745098
0.44313726
0.47450981
0.51372552
0.54509807
0.67450982
0.59215689
0.41960785
0.40000001
0.36078432
0.45098040
0.43137255
0.45098040
0.38039216
0.36862746
0.36078432
0.36470589
0.35294119
0.37647060
0.38823530
0.40392157
0.48627451
0.43529412
0.41176471
0.39215687
0.41568628
0.43137255
0.42352942
0.39215687
0.33725491
0.39215687
0.43137255
0.43529412
0.41568628
0.40392157
0.41568628
0.41568628
0.49803922
0.43529412
0.38039216
0.40000001
0.33725491
0.41176471
0.44313726
0.47843137
0.40000001
0.39607844
0.39607844
0.39607844
0.34117648
0.32156864
0.36078432
0.34509805
0.35686275
0.37254903
0.37254903
0.40392157
0.41568628
0.40392157
0.38823530
0.39607844
0.34117648
0.37254903
0.42352942
0.42745098
0.41176471
0.40784314
0.41568628
0.40784314
0.40392157
0.38039216
0.36470589
0.39607844
1 0 0 0 0 -1 0 0 0 0 0
0 1 0 0 0 -1 0 0 0 0 0
0 0 1 0 0 -1 0 0 0 0 0
0 0 0 1 0 -1 0 0 0 0 0
0 0 0 0 1 -1 0 0 0 0 0
0 0 0 0 0 -1 1 0 0 0 0
0 0 0 0 0 -1 0 1 0 0 0
0 0 0 0 0 -1 0 0 1 0 0
0 0 0 0 0 -1 0 0 0 1 0
