0.48235294
0.47843137
0.47843137
0.47843137
0.48235294
0.48235294
0.48235294
0.48235294
0.48235294
0.48627451
0.48627451
0.48627451
0.48627451
0.48627451
0.47843137
0.49411765
0.43529412
0.40784314
0.46666667
0.46274510
0.46666667
0.46666667
0.46666667
0.46666667
0.45882353
0.45882353
0.45490196
0.45490196
0.45490196
0.45490196
0.45490196
0.44705883
0.47450981
0.46666667
0.47058824
0.47450981
0.47450981
0.48235294
0.47450981
0.46666667
0.46274510
0.47058824
0.47843137
0.47450981
0.47450981
0.47058824
0.47450981
0.49803922
0.41176471
0.26274511
0.43529412
0.47058824
0.45098040
0.45490196
0.45490196
0.45490196
0.45490196
0.45098040
0.44705883
0.43921569
0.43921569
0.44313726
0.44313726
0.43921569
0.46666667
0.45490196
0.46274510
0.43529412
0.33725491
0.42352942
0.47450981
0.45490196
0.44705883
0.45882353
0.46666667
0.46274510
0.45882353
0.46666667
0.46666667
0.45882353
0.35686275
0.18431373
0.34901962
0.48627451
0.44705883
0.45098040
0.45098040
0.45098040
0.45490196
0.45490196
0.44705883
0.43921569
0.43921569
0.44313726
0.44705883
0.44705883
0.45882353
0.44705883
0.46666667
0.36078432
0.26666668
0.46274510
0.47058824
0.44313726
0.43921569
0.45098040
0.45882353
0.45882353
0.46274510
0.46666667
0.45098040
0.45098040
0.46274510
0.29803923
0.34901962
0.49411765
0.45490196
0.45490196
0.45098040
0.45098040
0.45490196
0.45098040
0.44705883
0.43921569
0.43921569
0.44313726
0.44705883
0.44705883
0.44705883
0.44313726
0.47058824
0.34509805
0.27843139
0.47843137
0.45882353
0.44705883
0.45098040
0.44313726
0.44313726
0.44705883
0.45490196
0.45882353
0.45098040
0.43921569
0.46274510
0.30588236
0.36862746
0.48235294
0.45490196
0.45490196
0.45098040
0.45098040
0.45098040
0.45098040
0.45098040
0.44705883
0.44705883
0.45098040
0.45490196
0.44705883
0.44313726
0.44313726
0.46274510
0.40392157
0.21960784
0.40784314
0.45490196
0.43137255
0.43529412
0.43529412
0.43921569
0.44313726
0.45098040
0.45490196
0.45882353
0.44705883
0.43137255
0.23921569
0.37647060
0.47843137
0.45882353
0.45882353
0.45098040
0.45098040
0.45490196
0.45882353
0.45490196
0.44705883
0.44705883
0.45490196
0.45490196
0.44705883
0.44313726
0.44313726
0.45098040
0.44313726
0.27843139
0.38431373
0.45882353
0.43529412
0.44705883
0.45098040
0.45490196
0.46274510
0.46666667
0.47058824
0.47843137
0.46274510
0.45490196
0.28235295
0.40000001
0.46666667
0.45882353
0.45490196
0.45098040
0.45098040
0.45098040
0.44705883
0.44705883
0.44313726
0.44313726
0.44705883
0.45098040
0.44705883
0.44705883
0.45098040
0.45490196
0.47450981
0.32549021
0.34117648
0.49411765
0.47058824
0.44313726
0.46666667
0.46666667
0.47058824
0.48235294
0.40000001
0.43921569
0.47450981
0.40784314
0.30980393
0.43529412
0.44705883
0.45098040
0.45098040
0.45098040
0.45098040
0.45098040
0.44705883
0.44313726
0.44313726
0.43921569
0.43921569
0.44313726
0.44313726
0.45490196
0.45882353
0.45882353
0.48235294
0.40784314
0.27843139
0.47843137
0.45490196
0.38039216
0.44313726
0.46274510
0.43137255
0.48627451
0.34509805
0.25490198
0.46666667
0.38431373
0.38039216
0.46274510
0.43921569
0.45098040
0.45098040
0.44705883
0.44705883
0.45098040
0.44705883
0.44313726
0.43921569
0.43137255
0.43529412
0.43529412
0.43921569
0.45098040
0.44705883
0.44705883
0.45490196
0.45490196
0.32156864
0.45490196
0.42745098
0.40392157
0.46666667
0.45098040
0.41568628
0.47843137
0.45490196
0.29803923
0.38431373
0.31372550
0.43529412
0.46666667
0.44313726
0.44313726
0.43921569
0.43921569
0.43921569
0.44705883
0.44705883
0.43529412
0.42745098
0.41568628
0.41176471
0.41960785
0.42745098
0.43529412
0.43137255
0.43529412
0.43529412
0.45882353
0.46666667
0.50588238
0.48235294
0.42745098
0.49803922
0.47058824
0.41568628
0.45098040
0.43529412
0.32156864
0.31764707
0.38431373
0.45882353
0.44313726
0.43529412
0.43529412
0.43921569
0.43921569
0.43921569
0.43921569
0.43529412
0.43137255
0.43529412
0.43137255
0.40784314
0.37647060
0.38823530
0.44313726
0.43921569
0.43921569
0.43529412
0.43529412
0.46274510
0.50588238
0.45490196
0.33725491
0.39607844
0.47058824
0.36862746
0.22352941
0.34509805
0.42352942
0.43921569
0.45098040
0.43921569
0.43137255
0.42745098
0.42352942
0.42745098
0.43921569
0.45490196
0.41568628
0.40392157
0.43529412
0.45882353
0.46274510
0.43529412
0.41960785
0.48235294
0.44313726
0.44313726
0.44313726
0.44313726
0.44705883
0.45490196
0.47058824
0.47058824
0.47450981
0.49803922
0.39215687
0.28627452
0.11764706
0.47450981
0.56862748
0.47058824
0.46666667
0.47843137
0.50980395
0.45490196
0.42352942
0.47843137
0.52156866
0.56078434
0.49411765
0.44313726
0.48627451
0.50196081
0.52156866
0.49803922
0.51372552
0.54901963
0.47058824
0.44313726
0.44705883
0.49411765
0.55294120
0.58431375
0.56078434
0.56862748
0.61960787
0.63529414
0.39607844
0.35686275
0.20784314
0.41568628
0.45882353
0.43529412
0.53725493
0.56862748
0.57647061
0.50196081
0.47058824
0.50196081
0.49411765
0.50588238
0.49411765
0.47450981
0.53333336
0.51372552
0.45882353
0.43921569
0.45490196
0.45098040
0.58039218
0.56862748
0.58039218
0.60784316
0.62745100
0.62352943
0.60392159
0.61568630
0.62745100
0.59215689
0.53725493
0.65882355
0.36470589
0.14901961
0.15686275
0.32156864
0.45882353
0.49803922
0.47058824
0.45098040
0.41568628
0.41176471
0.46274510
0.50588238
0.45882353
0.41960785
0.51764709
0.47843137
0.42745098
0.45098040
0.46666667
0.45490196
0.58039218
0.58039218
0.57647061
0.57647061
0.56078434
0.52941179
0.54901963
0.56470591
0.52549022
0.50196081
0.55686277
0.56470591
0.27843139
0.07058824
0.13333334
0.37254903
0.47058824
0.49803922
0.50980395
0.50980395
0.48235294
0.44705883
0.50588238
0.54509807
0.47450981
0.34509805
0.34509805
0.42745098
0.43137255
0.43529412
0.42745098
0.43529412
0.51372552
0.50196081
0.47450981
0.46666667
0.44705883
0.43921569
0.45882353
0.43529412
0.41176471
0.42352942
0.47843137
0.62745100
0.33725491
0.16470589
0.15686275
0.30980393
0.49411765
0.54901963
0.58039218
0.58431375
0.56470591
0.51764709
0.48627451
0.49019608
0.43921569
0.37254903
0.35294119
0.41960785
0.43137255
0.41960785
0.41176471
0.40784314
0.45098040
0.43137255
0.42352942
0.41960785
0.41176471
0.41176471
0.41960785
0.41568628
0.41960785
0.42352942
0.44705883
0.65098041
0.41960785
0.42352942
0.46274510
0.44313726
0.51372552
0.55686277
0.58431375
0.58039218
0.56078434
0.55294120
0.51764709
0.46666667
0.41176471
0.36078432
0.34901962
0.43529412
0.43921569
0.43921569
0.43137255
0.43137255
0.41960785
0.41568628
0.41176471
0.40784314
0.41568628
0.40000001
0.40784314
0.43529412
0.43529412
0.42352942
0.43137255
0.64705884
0.58823532
0.57647061
0.65490198
0.54901963
0.51764709
0.55686277
0.58823532
0.55294120
0.48627451
0.44705883
0.43921569
0.43529412
0.42745098
0.36470589
0.39607844
0.43921569
0.43137255
0.43921569
0.45490196
0.45882353
0.41176471
0.41960785
0.40784314
0.40784314
0.42745098
0.40392157
0.40784314
0.44313726
0.44705883
0.44705883
0.45098040
0.58039218
0.60784316
0.50980395
0.52549022
0.43921569
0.40392157
0.40784314
0.42745098
0.40000001
0.35686275
0.32941177
0.30980393
0.39215687
0.44705883
0.40392157
0.47450981
0.49019608
0.47058824
0.45882353
0.47450981
0.48235294
0.44705883
0.45098040
0.44705883
0.44705883
0.45882353
0.46274510
0.46274510
0.48235294
0.48235294
0.47843137
0.48627451
0.49803922
0.49411765
0.35686275
0.31372550
0.23921569
0.20784314
0.16470589
0.14901961
0.21960784
0.26274511
0.25098041
0.32549021
0.31372550
0.37254903
0.40392157
0.47450981
0.49803922
0.46666667
0.44313726
0.44313726
0.44705883
0.49803922
0.50196081
0.49803922
0.49019608
0.49019608
0.50588238
0.50980395
0.51764709
0.50980395
0.52156866
0.51372552
0.50196081
0.44705883
0.22745098
0.20784314
0.24705882
0.18039216
0.15686275
0.13333334
0.16078432
0.18823530
0.23137255
0.34901962
0.30196080
0.30196080
0.32156864
0.40392157
0.42352942
0.38431373
0.37647060
0.38431373
0.38039216
0.48235294
0.47450981
0.47450981
0.47843137
0.49019608
0.48627451
0.49019608
0.49411765
0.50196081
0.51372552
0.50588238
0.49019608
0.46274510
0.36470589
0.31764707
0.38039216
0.21960784
0.28627452
0.32156864
0.28235295
0.32156864
0.35294119
0.38431373
0.37647060
0.36862746
0.33333334
0.38823530
0.39607844
0.33333334
0.33725491
0.37254903
0.37647060
0.45098040
0.43921569
0.43921569
0.44313726
0.44313726
0.44313726
0.43529412
0.43137255
0.42352942
0.41176471
0.42352942
0.40392157
0.40784314
0.41568628
0.36862746
0.39215687
0.30980393
0.33333334
0.36862746
0.36078432
0.39215687
0.36470589
0.33333334
0.35686275
0.41176471
0.43529412
0.43921569
0.41960785
0.38431373
0.40392157
0.43137255
0.42745098
0.39607844
0.38823530
0.38431373
0.37254903
0.36470589
0.36862746
0.36862746
0.37647060
0.39215687
0.38823530
0.38823530
0.38823530
0.40784314
0.42352942
0.39215687
0.41960785
0.39607844
0.39215687
0.42745098
0.41960785
0.43529412
0.44313726
0.43529412
0.43529412
0.44313726
0.49019608
0.49803922
0.43529412
0.41176471
0.40392157
0.40000001
0.41176471
0.39215687
0.38823530
0.40000001
0.40392157
0.40392157
0.40000001
0.40784314
0.43137255
0.43921569
0.42745098
0.40784314
0.43529412
0.45098040
0.44313726
0.43921569
0.45882353
0.41960785
0.41960785
0.46666667
0.45098040
0.46666667
0.45882353
0.43529412
0.44313726
0.42745098
0.47843137
0.50196081
0.45098040
0.38039216
0.36470589
0.38823530
0.38823530
0.40784314
0.40784314
0.42745098
0.43921569
0.43921569
0.42352942
0.41568628
0.38039216
0.37254903
0.37254903
0.34117648
0.34901962
0.38431373
0.36078432
0.39215687
0.41960785
0.39607844
0.41176471
0.47058824
0.44313726
0.47450981
0.46274510
0.42352942
0.44705883
0.43921569
0.48627451
0.49019608
0.45882353
0.42745098
0.46274510
0.48627451
0.47058824
0.40000001
0.40784314
0.40784314
0.37254903
0.34117648
0.34117648
0.34509805
0.31764707
0.31764707
0.31372550
0.32156864
0.36078432
0.45490196
0.42745098
0.45098040
0.47843137
0.50196081
0.47843137
0.54901963
0.54117650
0.55686277
0.54901963
0.54901963
0.59215689
0.61960787
0.55686277
0.49803922
0.50980395
0.53333336
0.51372552
0.47058824
0.43529412
0.38431373
0.37647060
0.37254903
0.37254903
0.32156864
0.33333334
0.42745098
0.50588238
0.51764709
0.51372552
0.54509807
0.60392159
0.61960787
0.52156866
0.55294120
0.63137257
0.62745100
0.47843137
0.55294120
0.58823532
0.58823532
0.57647061
0.59215689
0.59215689
0.58431375
0.54901963
0.52941179
0.48235294
0.43529412
0.43137255
0.41176471
0.40392157
0.46274510
0.49411765
0.50980395
0.56862748
0.54509807
0.56862748
0.60784316
0.63137257
0.63921571
0.60392159
0.60000002
0.60000002
0.60784316
0.52549022
0.58823532
0.64705884
0.58823532
0.48627451
0.56470591
0.54509807
0.55294120
0.56862748
0.53333336
0.50588238
0.52156866
0.54509807
0.50588238
0.50196081
0.53333336
0.56470591
0.55686277
0.56470591
0.58431375
0.57647061
0.57647061
0.58431375
0.59215689
0.58823532
0.57647061
0.56862748
0.58039218
0.55294120
0.58431375
0.59607846
0.56470591
0.54901963
0.54901963
0.58823532
0.55686277
0.56470591
0.56470591
0.53333336
0.54901963
0.58823532
0.57647061
0.56470591
0.58823532
0.58823532
0.58039218
0.56470591
0.58823532
0.59607846
0.58431375
0.58431375
0.58431375
0.56470591
0.56862748
0.58039218
0.56470591
0.58431375
0.57254905
0.54509807
0.56470591
0.58039218
0.56078434
0.57254905
0.58039218
0.59215689
0.56078434
0.54901963
0.58823532
0.56470591
0.55686277
0.57647061
0.58431375
0.60392159
0.59607846
0.56862748
0.53333336
0.56078434
0.57647061
0.56078434
0.58039218
0.61568630
0.58823532
0.56862748
0.58823532
0.58039218
0.58039218
0.58039218
0.58823532
0.59215689
0.59215689
0.59215689
0.59215689
0.58823532
0.58823532
0.58823532
0.58823532
0.59215689
0.58823532
0.58431375
0.50588238
0.49411765
0.57254905
0.56862748
0.56862748
0.56862748
0.56862748
0.56862748
0.56470591
0.56078434
0.56078434
0.55686277
0.55686277
0.54901963
0.54509807
0.53725493
0.57647061
0.56862748
0.57254905
0.57254905
0.56862748
0.58039218
0.58431375
0.58039218
0.58431375
0.58039218
0.58039218
0.57647061
0.57254905
0.57647061
0.57647061
0.57254905
0.45490196
0.31372550
0.49803922
0.56078434
0.55294120
0.55686277
0.55686277
0.55686277
0.55686277
0.55294120
0.54901963
0.54117650
0.54117650
0.53725493
0.53333336
0.52941179
0.56862748
0.55686277
0.56470591
0.53725493
0.41960785
0.50588238
0.57647061
0.57647061
0.58039218
0.57254905
0.56862748
0.56470591
0.56078434
0.57254905
0.58039218
0.54117650
0.40392157
0.23137255
0.40000001
0.57254905
0.54901963
0.55294120
0.55294120
0.55294120
0.55686277
0.55686277
0.54901963
0.54117650
0.54117650
0.53725493
0.53725493
0.53725493
0.56470591
0.55294120
0.56862748
0.45882353
0.34509805
0.54509807
0.57254905
0.56862748
0.57254905
0.56470591
0.56470591
0.56470591
0.56470591
0.57254905
0.58039218
0.56078434
0.53333336
0.34901962
0.40784314
0.57647061
0.55686277
0.55686277
0.55294120
0.55294120
0.55686277
0.55294120
0.54901963
0.54117650
0.54117650
0.54117650
0.53725493
0.53725493
0.57254905
0.56470591
0.58039218
0.44705883
0.35294119
0.56078434
0.56470591
0.56470591
0.56862748
0.57254905
0.57254905
0.56862748
0.56470591
0.56078434
0.57254905
0.57647061
0.55294120
0.33333334
0.42352942
0.57647061
0.55686277
0.55686277
0.55294120
0.55294120
0.55294120
0.55294120
0.55294120
0.54901963
0.54901963
0.54901963
0.54509807
0.53725493
0.57647061
0.56470591
0.57647061
0.50196081
0.29019609
0.49019608
0.57647061
0.56470591
0.56862748
0.57254905
0.57254905
0.56470591
0.55686277
0.55686277
0.55686277
0.58039218
0.52549022
0.26666668
0.44313726
0.58431375
0.56078434
0.56078434
0.55294120
0.55294120
0.55686277
0.56078434
0.55686277
0.54901963
0.54901963
0.54901963
0.54509807
0.53725493
0.57254905
0.56862748
0.56470591
0.54509807
0.34117648
0.45490196
0.57254905
0.56862748
0.58431375
0.57647061
0.57254905
0.57254905
0.56862748
0.56470591
0.56470591
0.57647061
0.54509807
0.31764707
0.47843137
0.57647061
0.55686277
0.56078434
0.55294120
0.55294120
0.55294120
0.54901963
0.54901963
0.54901963
0.54509807
0.54509807
0.54117650
0.53725493
0.57647061
0.57647061
0.56862748
0.57647061
0.38823530
0.40000001
0.58039218
0.55686277
0.51764709
0.56470591
0.57647061
0.56862748
0.57647061
0.48627451
0.51764709
0.58431375
0.49803922
0.35294119
0.52941179
0.56470591
0.55294120
0.55294120
0.55294120
0.55294120
0.55294120
0.54901963
0.54117650
0.54509807
0.53725493
0.53333336
0.53333336
0.53333336
0.58431375
0.58039218
0.57254905
0.58431375
0.48235294
0.34117648
0.52941179
0.49019608
0.40392157
0.52156866
0.57254905
0.52941179
0.57647061
0.42352942
0.32549021
0.56078434
0.46274510
0.42745098
0.55686277
0.55686277
0.55294120
0.55294120
0.55294120
0.55294120
0.55686277
0.54901963
0.54509807
0.54901963
0.54117650
0.53333336
0.52549022
0.52549022
0.57254905
0.56470591
0.56862748
0.56862748
0.55686277
0.37647060
0.46666667
0.44705883
0.45882353
0.57647061
0.57254905
0.52156866
0.56862748
0.52941179
0.34901962
0.43529412
0.37647060
0.50588238
0.56078434
0.55294120
0.55686277
0.55686277
0.56078434
0.56078434
0.56078434
0.55294120
0.54901963
0.55294120
0.54901963
0.53725493
0.53333336
0.52941179
0.57647061
0.56862748
0.57254905
0.57254905
0.56862748
0.51764709
0.49803922
0.46274510
0.43921569
0.56470591
0.55294120
0.49019608
0.51372552
0.49411765
0.38039216
0.38431373
0.46274510
0.55686277
0.55294120
0.54901963
0.55294120
0.55294120
0.55294120
0.55294120
0.54509807
0.53333336
0.52549022
0.52549022
0.51764709
0.52156866
0.50588238
0.50588238
0.56862748
0.56470591
0.56470591
0.56078434
0.56862748
0.56470591
0.54901963
0.46666667
0.34901962
0.41568628
0.49411765
0.39607844
0.25490198
0.38039216
0.48627451
0.51372552
0.52941179
0.52549022
0.52941179
0.52549022
0.51372552
0.50588238
0.50980395
0.51764709
0.49411765
0.48627451
0.49803922
0.50588238
0.49803922
0.47843137
0.46666667
0.51764709
0.53725493
0.53333336
0.53333336
0.53333336
0.54509807
0.54509807
0.53725493
0.50980395
0.49803922
0.48235294
0.36862746
0.27450982
0.11764706
0.48235294
0.59607846
0.50196081
0.49803922
0.50980395
0.54509807
0.50196081
0.47058824
0.50980395
0.52941179
0.55686277
0.51764709
0.48627451
0.52156866
0.53333336
0.54901963
0.50980395
0.51372552
0.53725493
0.52941179
0.50196081
0.50588238
0.54509807
0.56078434
0.57254905
0.55294120
0.55294120
0.58823532
0.58431375
0.33725491
0.30196080
0.16862746
0.39607844
0.44313726
0.41176471
0.49803922
0.52549022
0.54117650
0.49411765
0.47058824
0.47843137
0.44705883
0.44313726
0.45098040
0.45882353
0.53333336
0.52941179
0.48627451
0.47843137
0.49411765
0.47843137
0.58431375
0.56862748
0.58431375
0.60784316
0.60784316
0.59607846
0.57254905
0.58431375
0.59607846
0.56862748
0.49019608
0.58823532
0.32156864
0.15294118
0.14117648
0.25882354
0.36078432
0.38431373
0.36862746
0.37254903
0.34509805
0.32549021
0.36078432
0.39215687
0.35294119
0.35294119
0.50588238
0.49019608
0.44313726
0.47843137
0.49803922
0.48235294
0.58039218
0.58039218
0.57647061
0.57647061
0.56470591
0.53725493
0.55294120
0.56470591
0.52549022
0.50588238
0.52941179
0.50588238
0.23529412
0.06666667
0.12156863
0.30980393
0.35294119
0.35294119
0.36470589
0.38431373
0.36470589
0.32156864
0.36862746
0.40392157
0.34901962
0.27058825
0.33333334
0.44705883
0.45490196
0.47450981
0.47843137
0.48627451
0.52941179
0.51764709
0.49019608
0.48627451
0.48627451
0.48627451
0.50588238
0.48235294
0.45882353
0.45098040
0.47450981
0.59215689
0.28627452
0.12156863
0.11372549
0.23137255
0.36862746
0.38431373
0.41568628
0.42745098
0.41176471
0.36470589
0.33725491
0.34117648
0.31372550
0.30196080
0.34509805
0.45490196
0.47058824
0.47843137
0.48235294
0.47843137
0.49803922
0.47843137
0.47450981
0.47058824
0.47058824
0.47450981
0.48235294
0.48235294
0.48627451
0.48627451
0.49019608
0.64313728
0.36862746
0.34901962
0.36862746
0.31764707
0.36078432
0.38823530
0.43137255
0.42352942
0.40392157
0.40392157
0.37647060
0.33333334
0.29019609
0.29019609
0.34901962
0.47843137
0.49411765
0.49019608
0.48235294
0.48235294
0.50588238
0.50196081
0.49803922
0.49019608
0.48627451
0.46274510
0.47450981
0.50588238
0.50588238
0.50588238
0.49803922
0.66274512
0.53333336
0.47058824
0.51764709
0.39607844
0.36470589
0.41568628
0.46666667
0.41960785
0.34901962
0.31764707
0.32549021
0.32941177
0.32156864
0.29411766
0.39607844
0.49019608
0.49019608
0.47843137
0.47450981
0.47843137
0.49019608
0.49411765
0.48627451
0.48627451
0.49411765
0.46666667
0.47058824
0.50980395
0.51372552
0.50980395
0.50588238
0.60000002
0.55294120
0.39215687
0.38431373
0.32941177
0.32156864
0.33333334
0.33333334
0.30196080
0.26666668
0.23921569
0.21568628
0.30196080
0.35294119
0.33725491
0.46274510
0.51764709
0.51764709
0.48627451
0.49019608
0.49411765
0.49803922
0.49803922
0.49803922
0.49411765
0.49411765
0.49803922
0.50196081
0.52156866
0.51372552
0.50196081
0.51764709
0.52156866
0.47058824
0.27843139
0.21960784
0.16470589
0.16078432
0.11764706
0.09803922
0.16078432
0.20392157
0.19607843
0.27058825
0.25882354
0.30196080
0.33725491
0.44313726
0.50980395
0.50980395
0.49411765
0.49411765
0.49803922
0.52549022
0.52941179
0.52549022
0.51372552
0.50588238
0.51372552
0.52156866
0.52549022
0.51764709
0.51764709
0.52549022
0.53333336
0.45882353
0.20392157
0.18039216
0.22745098
0.16078432
0.14901961
0.14117648
0.15686275
0.17647059
0.22352941
0.34509805
0.29411766
0.26274511
0.25490198
0.34901962
0.41176471
0.42745098
0.44313726
0.45098040
0.44313726
0.52156866
0.50980395
0.51372552
0.51372552
0.51372552
0.50588238
0.50980395
0.51372552
0.51764709
0.52156866
0.53725493
0.53725493
0.48627451
0.34509805
0.32156864
0.38823530
0.21176471
0.29803923
0.36862746
0.33333334
0.36470589
0.39607844
0.42745098
0.41960785
0.36078432
0.27450982
0.32156864
0.36862746
0.38431373
0.40784314
0.42745098
0.43137255
0.50588238
0.49411765
0.49411765
0.49411765
0.48627451
0.48235294
0.47450981
0.47058824
0.46274510
0.45490196
0.48235294
0.47058824
0.43529412
0.39215687
0.37254903
0.41176471
0.29411766
0.32156864
0.41568628
0.43137255
0.45882353
0.43137255
0.40000001
0.41568628
0.43137255
0.38039216
0.34901962
0.39215687
0.43921569
0.47058824
0.47843137
0.47843137
0.45882353
0.44705883
0.43921569
0.42745098
0.41960785
0.41960785
0.42352942
0.43137255
0.44705883
0.44705883
0.46274510
0.46666667
0.45098040
0.41568628
0.39215687
0.45882353
0.40000001
0.34901962
0.45490196
0.48235294
0.47450981
0.48235294
0.47058824
0.47843137
0.49411765
0.43529412
0.38431373
0.41568628
0.47058824
0.45882353
0.44313726
0.45882353
0.45098040
0.44313726
0.45490196
0.45882353
0.46666667
0.46666667
0.47843137
0.49803922
0.50588238
0.49411765
0.48627451
0.51372552
0.49803922
0.43921569
0.43921569
0.50588238
0.43137255
0.37254903
0.49019608
0.51372552
0.50588238
0.49803922
0.47450981
0.48627451
0.48627451
0.43137255
0.39215687
0.44313726
0.44313726
0.41960785
0.43529412
0.43921569
0.46666667
0.46274510
0.48235294
0.49803922
0.51372552
0.50980395
0.49803922
0.46274510
0.44705883
0.43921569
0.41176471
0.41960785
0.41960785
0.35294119
0.38823530
0.45882353
0.40392157
0.36470589
0.49019608
0.48627451
0.49411765
0.48627451
0.44705883
0.47450981
0.47843137
0.42745098
0.37254903
0.43921569
0.46666667
0.50196081
0.52941179
0.50980395
0.45882353
0.46274510
0.46274510
0.43137255
0.41960785
0.42745098
0.42745098
0.39215687
0.38823530
0.37254903
0.37647060
0.41568628
0.47450981
0.40392157
0.42745098
0.50588238
0.49803922
0.41960785
0.54901963
0.56470591
0.55294120
0.54509807
0.54901963
0.59215689
0.63921571
0.48235294
0.37254903
0.47843137
0.55294120
0.53725493
0.50196081
0.46666667
0.43921569
0.42745098
0.41960785
0.41960785
0.38039216
0.39607844
0.48235294
0.56078434
0.56862748
0.55686277
0.58431375
0.62745100
0.61176473
0.48235294
0.50980395
0.62352943
0.60392159
0.41568628
0.53725493
0.59607846
0.58431375
0.57254905
0.58823532
0.59215689
0.58823532
0.48627451
0.43529412
0.45882353
0.44705883
0.45490196
0.44313726
0.43137255
0.49411765
0.51764709
0.52941179
0.58039218
0.56078434
0.58431375
0.62352943
0.64705884
0.65490198
0.62745100
0.61176473
0.58431375
0.56470591
0.47450981
0.54117650
0.61176473
0.55294120
0.45098040
0.54117650
0.54509807
0.56470591
0.58039218
0.54509807
0.51372552
0.50196081
0.50980395
0.47843137
0.49019608
0.52941179
0.57254905
0.57254905
0.57647061
0.59215689
0.58431375
0.58431375
0.59215689
0.60000002
0.60000002
0.58823532
0.58039218
0.59215689
0.57254905
0.59215689
0.58039218
0.53333336
0.51372552
0.53333336
0.58431375
0.55294120
0.56862748
0.56862748
0.54117650
0.56078434
0.60000002
0.58823532
0.57647061
0.57254905
0.56470591
0.56470591
0.55686277
0.58431375
0.60392159
0.59607846
0.59607846
0.58823532
0.57647061
0.58039218
0.59215689
0.57647061
0.59607846
0.58431375
0.55686277
0.58039218
0.59215689
0.56470591
0.56862748
0.57254905
0.58431375
0.56862748
0.57254905
0.60784316
0.58431375
0.58039218
0.59215689
0.59607846
0.61568630
0.60784316
0.57647061
0.53725493
0.55686277
0.56862748
0.55294120
0.57254905
0.61960787
0.60000002
0.58039218
0.79607844
0.78431374
0.78431374
0.78431374
0.78039217
0.78039217
0.78039217
0.78039217
0.77647060
0.78823531
0.79215688
0.79215688
0.79215688
0.78823531
0.76078433
0.78039217
0.68627453
0.61960787
0.75294119
0.78431374
0.77254903
0.77254903
0.77254903
0.77254903
0.76862746
0.76470590
0.76078433
0.76078433
0.76078433
0.75686276
0.75294119
0.74509805
0.78039217
0.76862746
0.77254903
0.77254903
0.74901962
0.75294119
0.76470590
0.76862746
0.77647060
0.78039217
0.78039217
0.77647060
0.77647060
0.76862746
0.74117649
0.75294119
0.61568630
0.40784314
0.64313728
0.76078433
0.75294119
0.75686276
0.75686276
0.75686276
0.75686276
0.75294119
0.74901962
0.74117649
0.74117649
0.74117649
0.73725492
0.73333335
0.77254903
0.75686276
0.76470590
0.73333335
0.59215689
0.67450982
0.75686276
0.77254903
0.78431374
0.77254903
0.76862746
0.76470590
0.76078433
0.76862746
0.75294119
0.73333335
0.56470591
0.31764707
0.53725493
0.76862746
0.74901962
0.75294119
0.75294119
0.75294119
0.75686276
0.75686276
0.74901962
0.74117649
0.74117649
0.74117649
0.74117649
0.74117649
0.76862746
0.74901962
0.76862746
0.65490198
0.50588238
0.70196080
0.75294119
0.76862746
0.78039217
0.76862746
0.76078433
0.76078433
0.76470590
0.76862746
0.76470590
0.76862746
0.70196080
0.45098040
0.55686277
0.78039217
0.75686276
0.75686276
0.75294119
0.75294119
0.75686276
0.75294119
0.74901962
0.74117649
0.74117649
0.74117649
0.74117649
0.74117649
0.77647060
0.75686276
0.76862746
0.62745100
0.49803922
0.72549021
0.77254903
0.77254903
0.74901962
0.74901962
0.75686276
0.76470590
0.76862746
0.76862746
0.75686276
0.75686276
0.69019610
0.43137255
0.58823532
0.78431374
0.75686276
0.75686276
0.75294119
0.75294119
0.75294119
0.75294119
0.75294119
0.74901962
0.74901962
0.74901962
0.74901962
0.74117649
0.78039217
0.75686276
0.76078433
0.67843139
0.42352942
0.65098041
0.79215688
0.78823531
0.75686276
0.74901962
0.75294119
0.75294119
0.75294119
0.75294119
0.75686276
0.76862746
0.65490198
0.34901962
0.58431375
0.78039217
0.76078433
0.76078433
0.75294119
0.75294119
0.75686276
0.76078433
0.75686276
0.74901962
0.74901962
0.75294119
0.74901962
0.74117649
0.78039217
0.76078433
0.74901962
0.71764708
0.46666667
0.61176473
0.78823531
0.79215688
0.77647060
0.76470590
0.76470590
0.75686276
0.74901962
0.74117649
0.76470590
0.78039217
0.67843139
0.39607844
0.60784316
0.76862746
0.76078433
0.75686276
0.75294119
0.75294119
0.75294119
0.74901962
0.74901962
0.74509805
0.74509805
0.74509805
0.74509805
0.74117649
0.78039217
0.76470590
0.75294119
0.74901962
0.51764709
0.55294120
0.77254903
0.74117649
0.66274512
0.74509805
0.77647060
0.75294119
0.74117649
0.63529414
0.68235296
0.76470590
0.62745100
0.43921569
0.68627453
0.76862746
0.75294119
0.75294119
0.75294119
0.75294119
0.75294119
0.74901962
0.74509805
0.74509805
0.73725492
0.73725492
0.73725492
0.73725492
0.79607844
0.77647060
0.76470590
0.76862746
0.62352943
0.48235294
0.69411767
0.62745100
0.50588238
0.68627453
0.76470590
0.69803923
0.72549021
0.55686277
0.44313726
0.69411767
0.58431375
0.54509807
0.75294119
0.77254903
0.75294119
0.75294119
0.75294119
0.75294119
0.74901962
0.74117649
0.73725492
0.74117649
0.74117649
0.73333335
0.72941178
0.72941178
0.78431374
0.77647060
0.77254903
0.77254903
0.72549021
0.50588238
0.56862748
0.54901963
0.58431375
0.72941178
0.73333335
0.67843139
0.72156864
0.67843139
0.43137255
0.51764709
0.51372552
0.67843139
0.76078433
0.75686276
0.74901962
0.75686276
0.76078433
0.76470590
0.74509805
0.72941178
0.73725492
0.74901962
0.75294119
0.74117649
0.74117649
0.74117649
0.76078433
0.75294119
0.75686276
0.75294119
0.73333335
0.63529414
0.57254905
0.52941179
0.53725493
0.72941178
0.74509805
0.66666669
0.67450982
0.63921571
0.48235294
0.50588238
0.64705884
0.77647060
0.76862746
0.75686276
0.75686276
0.75686276
0.75686276
0.75686276
0.76470590
0.76470590
0.75294119
0.74901962
0.73725492
0.72156864
0.69803923
0.70196080
0.79607844
0.78823531
0.78823531
0.78431374
0.76470590
0.72156864
0.66666669
0.56078434
0.44313726
0.51764709
0.59607846
0.47843137
0.30980393
0.42745098
0.58039218
0.67058825
0.72156864
0.73333335
0.72156864
0.70980394
0.69411767
0.68235296
0.67450982
0.67450982
0.65882355
0.64313728
0.64705884
0.63921571
0.61960787
0.57647061
0.55686277
0.61176473
0.74509805
0.73725492
0.73725492
0.73725492
0.72156864
0.70196080
0.67058825
0.62352943
0.59215689
0.49411765
0.34117648
0.25490198
0.09411765
0.46274510
0.64705884
0.60784316
0.62352943
0.63137257
0.63921571
0.60000002
0.57254905
0.59607846
0.60392159
0.61568630
0.56078434
0.51764709
0.54901963
0.55294120
0.56470591
0.52156866
0.51764709
0.54509807
0.61568630
0.58823532
0.59215689
0.63137257
0.62745100
0.63921571
0.62352943
0.61960787
0.64313728
0.56862748
0.29411766
0.27843139
0.17254902
0.43137255
0.47058824
0.43529412
0.53333336
0.54509807
0.52941179
0.49803922
0.48235294
0.47058824
0.41960785
0.40392157
0.42352942
0.44313726
0.53333336
0.55294120
0.51764709
0.50588238
0.51764709
0.50588238
0.61568630
0.60392159
0.61568630
0.63921571
0.62352943
0.60784316
0.60392159
0.62745100
0.65098041
0.61176473
0.47843137
0.52549022
0.28235295
0.18431373
0.15686275
0.23137255
0.31372550
0.32156864
0.30588236
0.30980393
0.27843139
0.24705882
0.26666668
0.28627452
0.26274511
0.28627452
0.47058824
0.50588238
0.50196081
0.52549022
0.52941179
0.51764709
0.61176473
0.61568630
0.61176473
0.61176473
0.60784316
0.58431375
0.61176473
0.63921571
0.60784316
0.58039218
0.54509807
0.45490196
0.18039216
0.05882353
0.12156863
0.27450982
0.27843139
0.25098041
0.25882354
0.27843139
0.25490198
0.20392157
0.24705882
0.27450982
0.24313726
0.18823530
0.26666668
0.41568628
0.45490196
0.45098040
0.43137255
0.43921569
0.60784316
0.59607846
0.56862748
0.56078434
0.54509807
0.53725493
0.55686277
0.53333336
0.50588238
0.48627451
0.47843137
0.56078434
0.23529412
0.06666667
0.07450981
0.17647059
0.26666668
0.25490198
0.28235295
0.29411766
0.27843139
0.23137255
0.20000000
0.20392157
0.21568628
0.21960784
0.24705882
0.35294119
0.37254903
0.35686275
0.33333334
0.33333334
0.50588238
0.49019608
0.48235294
0.47843137
0.45098040
0.43921569
0.43921569
0.42352942
0.41568628
0.39607844
0.41176471
0.58823532
0.30196080
0.25490198
0.27450982
0.20784314
0.22352941
0.24705882
0.30196080
0.28627452
0.25882354
0.26666668
0.25098041
0.21568628
0.20784314
0.20000000
0.21568628
0.30980393
0.30196080
0.29411766
0.28235295
0.28627452
0.35686275
0.35294119
0.34901962
0.34509805
0.34901962
0.32549021
0.32156864
0.33725491
0.32549021
0.30980393
0.33725491
0.56078434
0.44705883
0.36078432
0.37254903
0.23921569
0.20392157
0.26666668
0.33725491
0.29019609
0.21568628
0.20000000
0.22352941
0.23921569
0.25098041
0.19607843
0.23137255
0.26666668
0.23921569
0.25098041
0.27058825
0.27450982
0.30196080
0.30980393
0.29803923
0.30196080
0.30588236
0.27450982
0.27843139
0.31372550
0.31372550
0.29411766
0.30588236
0.44313726
0.43921569
0.29411766
0.26666668
0.20784314
0.21960784
0.23529412
0.23137255
0.20784314
0.18039216
0.16470589
0.15686275
0.25098041
0.29019609
0.21568628
0.27058825
0.27450982
0.25882354
0.25490198
0.27450982
0.27843139
0.28627452
0.29019609
0.28627452
0.28627452
0.28235295
0.28235295
0.28235295
0.30196080
0.29803923
0.27058825
0.28627452
0.32941177
0.34117648
0.20392157
0.17647059
0.15294118
0.17254902
0.13333334
0.09411765
0.12549020
0.15686275
0.13725491
0.20392157
0.18823530
0.23529412
0.23529412
0.27843139
0.30196080
0.29019609
0.26274511
0.24705882
0.25098041
0.28627452
0.29019609
0.28627452
0.27843139
0.27058825
0.28235295
0.28627452
0.29411766
0.28627452
0.27843139
0.27450982
0.30588236
0.30196080
0.12549020
0.12156863
0.18431373
0.14901961
0.13725491
0.10980392
0.10980392
0.11764706
0.14509805
0.23921569
0.18039216
0.18039216
0.16862746
0.21568628
0.24705882
0.25098041
0.26274511
0.26666668
0.26274511
0.27058825
0.26666668
0.26666668
0.27058825
0.27843139
0.27843139
0.27843139
0.28627452
0.29019609
0.30588236
0.28627452
0.27843139
0.29019609
0.23529412
0.18431373
0.24705882
0.10588235
0.19215687
0.23529412
0.19215687
0.22352941
0.25098041
0.27843139
0.27058825
0.24705882
0.16470589
0.17647059
0.20392157
0.21568628
0.23921569
0.26274511
0.26666668
0.26274511
0.25882354
0.26274511
0.26666668
0.27450982
0.27450982
0.26274511
0.25882354
0.25490198
0.26274511
0.25882354
0.20392157
0.21176471
0.25098041
0.20784314
0.23921569
0.17254902
0.19607843
0.24705882
0.23137255
0.25490198
0.23529412
0.21960784
0.25098041
0.28235295
0.24313726
0.21176471
0.23137255
0.25882354
0.25882354
0.25098041
0.25098041
0.22745098
0.23137255
0.23529412
0.23137255
0.23137255
0.23529412
0.23137255
0.23529412
0.24705882
0.26274511
0.25490198
0.22745098
0.23529412
0.25098041
0.21568628
0.27843139
0.26274511
0.22352941
0.26666668
0.25490198
0.25098041
0.26274511
0.25490198
0.25882354
0.27058825
0.27058825
0.27058825
0.25882354
0.24705882
0.21568628
0.20784314
0.21960784
0.22352941
0.23137255
0.25490198
0.26666668
0.25098041
0.24313726
0.25490198
0.27843139
0.28627452
0.29019609
0.27058825
0.27843139
0.28235295
0.25882354
0.25098041
0.30980393
0.26274511
0.22352941
0.29019609
0.26666668
0.25490198
0.24705882
0.21960784
0.23137255
0.23137255
0.23137255
0.22352941
0.23921569
0.20392157
0.19607843
0.23137255
0.23137255
0.23921569
0.25098041
0.28235295
0.30196080
0.28627452
0.27058825
0.27450982
0.25098041
0.24705882
0.25098041
0.22745098
0.23529412
0.24705882
0.19607843
0.23921569
0.29803923
0.25098041
0.23137255
0.33333334
0.33333334
0.35294119
0.34509805
0.30588236
0.33333334
0.34117648
0.30980393
0.25490198
0.30588236
0.36078432
0.43137255
0.47058824
0.45098040
0.22745098
0.24705882
0.25882354
0.23137255
0.23137255
0.24705882
0.27058825
0.26666668
0.27843139
0.26666668
0.29019609
0.34901962
0.41568628
0.34117648
0.38823530
0.44705883
0.42745098
0.37254903
0.51372552
0.55686277
0.56862748
0.55686277
0.56078434
0.60392159
0.63137257
0.45098040
0.30588236
0.41960785
0.57254905
0.60392159
0.56078434
0.52549022
0.22745098
0.24313726
0.25490198
0.27843139
0.27843139
0.32156864
0.42745098
0.52549022
0.54901963
0.53333336
0.58823532
0.66274512
0.63529414
0.47843137
0.53725493
0.64705884
0.60000002
0.42745098
0.55294120
0.63529414
0.63137257
0.61960787
0.63529414
0.63921571
0.58823532
0.43921569
0.36470589
0.41176471
0.49019608
0.52549022
0.49803922
0.48627451
0.40392157
0.46666667
0.51764709
0.59607846
0.58431375
0.61176473
0.65098041
0.67843139
0.68627453
0.63529414
0.65098041
0.65882355
0.60392159
0.44313726
0.55686277
0.65490198
0.56862748
0.44313726
0.51372552
0.55686277
0.60000002
0.61568630
0.58039218
0.54509807
0.47843137
0.46666667
0.46274510
0.50980395
0.58431375
0.61960787
0.60784316
0.61176473
0.63529414
0.63529414
0.64705884
0.65882355
0.64705884
0.63529414
0.62352943
0.61568630
0.62745100
0.58823532
0.63137257
0.64705884
0.56862748
0.49803922
0.56078434
0.63921571
0.58823532
0.58039218
0.56470591
0.56078434
0.59607846
0.63137257
0.62352943
0.61176473
0.60000002
0.59215689
0.60000002
0.59607846
0.63137257
0.64313728
0.63137257
0.63137257
0.64313728
0.61568630
0.60784316
0.61568630
0.60784316
0.63137257
0.61960787
0.59215689
0.61176473
0.61960787
0.60392159
0.61568630
0.61176473
0.60000002
0.60784316
0.62745100
0.65882355
0.62352943
0.61176473
0.62745100
0.63137257
0.65098041
0.64313728
0.61568630
0.59607846
0.62745100
0.62745100
0.60000002
0.60784316
0.65490198
0.63529414
0.61568630
1 0 0 0 -1 0 0 0 0 0 0
0 1 0 0 -1 0 0 0 0 0 0
0 0 1 0 -1 0 0 0 0 0 0
0 0 0 1 -1 0 0 0 0 0 0
0 0 0 0 -1 1 0 0 0 0 0
0 0 0 0 -1 0 1 0 0 0 0
0 0 0 0 -1 0 0 1 0 0 0
0 0 0 0 -1 0 0 0 1 0 0
0 0 0 0 -1 0 0 0 0 1 0
