0.23529412
0.23529412
0.22745098
0.23921569
0.23529412
0.25098041
0.23921569
0.22745098
0.22352941
0.20000000
0.21568628
0.20784314
0.20000000
0.20392157
0.21568628
0.21568628
0.21176471
0.21568628
0.20000000
0.21176471
0.24705882
0.34117648
0.35686275
0.25882354
0.22352941
0.20784314
0.20784314
0.23137255
0.23921569
0.21960784
0.23921569
0.22745098
0.19607843
0.20392157
0.20784314
0.23921569
0.22745098
0.22745098
0.24705882
0.23529412
0.24313726
0.20784314
0.18431373
0.18823530
0.22352941
0.28627452
0.24705882
0.22352941
0.21568628
0.20000000
0.19607843
0.24705882
0.24313726
0.27450982
0.35294119
0.26274511
0.21960784
0.21960784
0.21960784
0.24313726
0.21176471
0.20000000
0.20392157
0.21568628
0.20392157
0.18823530
0.20784314
0.25490198
0.23921569
0.20000000
0.20784314
0.23137255
0.24705882
0.20000000
0.18823530
0.23921569
0.26666668
0.26666668
0.21568628
0.22745098
0.21960784
0.22745098
0.22352941
0.27450982
0.30980393
0.25490198
0.25882354
0.32549021
0.25490198
0.23529412
0.22745098
0.22745098
0.20784314
0.20784314
0.21960784
0.25882354
0.22745098
0.22352941
0.19607843
0.21176471
0.20392157
0.20392157
0.23529412
0.23921569
0.23137255
0.19607843
0.19215687
0.25490198
0.28627452
0.21176471
0.21960784
0.20784314
0.18823530
0.23529412
0.23529412
0.24705882
0.28627452
0.28627452
0.25490198
0.30196080
0.27843139
0.23529412
0.27450982
0.21960784
0.20392157
0.21568628
0.21176471
0.24705882
0.18039216
0.18431373
0.21960784
0.21568628
0.19215687
0.23137255
0.23529412
0.20784314
0.22745098
0.30196080
0.34509805
0.37647060
0.31372550
0.25882354
0.24313726
0.23529412
0.23137255
0.23137255
0.22352941
0.20000000
0.22352941
0.26274511
0.25490198
0.23137255
0.29411766
0.27058825
0.23921569
0.20000000
0.19607843
0.20784314
0.20000000
0.21176471
0.17647059
0.19215687
0.24313726
0.24705882
0.22352941
0.25098041
0.19607843
0.17647059
0.36078432
0.65490198
0.83921570
0.86274511
0.74509805
0.52941179
0.26666668
0.21960784
0.23921569
0.25490198
0.29019609
0.32549021
0.27058825
0.24313726
0.25490198
0.27058825
0.37254903
0.36470589
0.25882354
0.24313726
0.30196080
0.24313726
0.21176471
0.20784314
0.21960784
0.21960784
0.20000000
0.21176471
0.21960784
0.19607843
0.16862746
0.26274511
0.55686277
0.60784316
0.65490198
0.65490198
0.64313728
0.72549021
0.49803922
0.40000001
0.47058824
0.51764709
0.50980395
0.53725493
0.35294119
0.28235295
0.29803923
0.34509805
0.43137255
0.42745098
0.34117648
0.32156864
0.36078432
0.27843139
0.28235295
0.24705882
0.22352941
0.21176471
0.21568628
0.20000000
0.16470589
0.18431373
0.23921569
0.34117648
0.42352942
0.41568628
0.46274510
0.38823530
0.45490196
0.61960787
0.67843139
0.66666669
0.65490198
0.72156864
0.59215689
0.66666669
0.49019608
0.38039216
0.38431373
0.35686275
0.35294119
0.39607844
0.38039216
0.40784314
0.30588236
0.25882354
0.27058825
0.27450982
0.27843139
0.34117648
0.46274510
0.31372550
0.18823530
0.30588236
0.57647061
0.54509807
0.48627451
0.50980395
0.48235294
0.45490196
0.41176471
0.38823530
0.58823532
0.80000001
0.67450982
0.56862748
0.45882353
0.50196081
0.45098040
0.43921569
0.41960785
0.33333334
0.30196080
0.37254903
0.38431373
0.41960785
0.40784314
0.35686275
0.24705882
0.25490198
0.49803922
0.49019608
0.56470591
0.52549022
0.44705883
0.58823532
0.72941178
0.52941179
0.49803922
0.58823532
0.54509807
0.57647061
0.45882353
0.33725491
0.52549022
0.83137256
0.79215688
0.57647061
0.51372552
0.47058824
0.44705883
0.50196081
0.55294120
0.50588238
0.41176471
0.43921569
0.41176471
0.38823530
0.36470589
0.36470589
0.34117648
0.35686275
0.57254905
0.52549022
0.59607846
0.63921571
0.67843139
0.73333335
0.65098041
0.42745098
0.34509805
0.40784314
0.44313726
0.49411765
0.42352942
0.35686275
0.57647061
0.77647060
0.82352942
0.72156864
0.56470591
0.48627451
0.52156866
0.51764709
0.52156866
0.54509807
0.57254905
0.55294120
0.48627451
0.47450981
0.47450981
0.48235294
0.48235294
0.48627451
0.58823532
0.54117650
0.53725493
0.55686277
0.65490198
0.67843139
0.59607846
0.39607844
0.26666668
0.25882354
0.27450982
0.30196080
0.29411766
0.38431373
0.63921571
0.67843139
0.69803923
0.79215688
0.67450982
0.55294120
0.58039218
0.56470591
0.55686277
0.58431375
0.60392159
0.55294120
0.50588238
0.50196081
0.50196081
0.52156866
0.50196081
0.49803922
0.50588238
0.46274510
0.41960785
0.45490196
0.58431375
0.63921571
0.56470591
0.33725491
0.25490198
0.27058825
0.27058825
0.25098041
0.24705882
0.35294119
0.57254905
0.66274512
0.74509805
0.84705883
0.72156864
0.62745100
0.63137257
0.63529414
0.65098041
0.67450982
0.74509805
0.65882355
0.57254905
0.56862748
0.59607846
0.60784316
0.58039218
0.53333336
0.51372552
0.42745098
0.45490196
0.52156866
0.63529414
0.65098041
0.45490196
0.32156864
0.34901962
0.34901962
0.32549021
0.29411766
0.27450982
0.30196080
0.48627451
0.69803923
0.77647060
0.80392158
0.71372551
0.57647061
0.61568630
0.59607846
0.63529414
0.64313728
0.64313728
0.63529414
0.60784316
0.61176473
0.68627453
0.67843139
0.57254905
0.50588238
0.71372551
0.69803923
0.76078433
0.79215688
0.83137256
0.73725492
0.47450981
0.46666667
0.58823532
0.57647061
0.56862748
0.46274510
0.29019609
0.26666668
0.45098040
0.65098041
0.69803923
0.72941178
0.68235296
0.51372552
0.52549022
0.52941179
0.58431375
0.70196080
0.66666669
0.63137257
0.61960787
0.65490198
0.69019610
0.72941178
0.58431375
0.55686277
0.85490197
0.83529413
0.86274511
0.87450981
0.84705883
0.82352942
0.77254903
0.62352943
0.69803923
0.64313728
0.58431375
0.49803922
0.36470589
0.41960785
0.55294120
0.61176473
0.57647061
0.60784316
0.56078434
0.41568628
0.43921569
0.48235294
0.52549022
0.64313728
0.73725492
0.67058825
0.64705884
0.71764708
0.68235296
0.72156864
0.75294119
0.80784315
0.81176472
0.80784315
0.81176472
0.79215688
0.77647060
0.78823531
0.75294119
0.60392159
0.61960787
0.56470591
0.52156866
0.54509807
0.56078434
0.65490198
0.69411767
0.60784316
0.58823532
0.53725493
0.44705883
0.42745098
0.45098040
0.47450981
0.49411765
0.49411765
0.63921571
0.81176472
0.81176472
0.81176472
0.79215688
0.78039217
0.77647060
0.78823531
0.88235295
0.90588236
0.82745099
0.78431374
0.78431374
0.80392158
0.73333335
0.62745100
0.61176473
0.60000002
0.58823532
0.66666669
0.70196080
0.72941178
0.70196080
0.61960787
0.60784316
0.45098040
0.43137255
0.52156866
0.50980395
0.47450981
0.45098040
0.45490196
0.51372552
0.70196080
0.83921570
0.81176472
0.74117649
0.71372551
0.76862746
0.81568629
0.86666667
0.89411765
0.89803922
0.83529413
0.78431374
0.83529413
0.78431374
0.66666669
0.69019610
0.61960787
0.52941179
0.55686277
0.60392159
0.65098041
0.65882355
0.59215689
0.49019608
0.41568628
0.53725493
0.61568630
0.56470591
0.47843137
0.51764709
0.54509807
0.49019608
0.48627451
0.66274512
0.74117649
0.67450982
0.69803923
0.80000001
0.89019608
0.89803922
0.87450981
0.85882354
0.84313726
0.80784315
0.86666667
0.80784315
0.68627453
0.68627453
0.64705884
0.52156866
0.49803922
0.56078434
0.60392159
0.61568630
0.49411765
0.40392157
0.50196081
0.60784316
0.65882355
0.62352943
0.52549022
0.57647061
0.60000002
0.51764709
0.48235294
0.54901963
0.77647060
0.82745099
0.84705883
0.91372550
0.94117647
0.84705883
0.79215688
0.81960785
0.85098040
0.83529413
0.89411765
0.82352942
0.74901962
0.68235296
0.66666669
0.61960787
0.56078434
0.56862748
0.60392159
0.63529414
0.48235294
0.46274510
0.59607846
0.61176473
0.65882355
0.65882355
0.56862748
0.58039218
0.59215689
0.56470591
0.55686277
0.49411765
0.66274512
0.87450981
0.85098040
0.89411765
0.87450981
0.80000001
0.86274511
0.94901961
0.90588236
0.85098040
0.85490197
0.85882354
0.78039217
0.68235296
0.65490198
0.60000002
0.44313726
0.44705883
0.61960787
0.67450982
0.53333336
0.56078434
0.58431375
0.58431375
0.59607846
0.63921571
0.59215689
0.56470591
0.58431375
0.60000002
0.56862748
0.54117650
0.58823532
0.75686276
0.87058824
0.92549020
0.93725491
0.86274511
0.83137256
0.83921570
0.81960785
0.82352942
0.82745099
0.84705883
0.81568629
0.68627453
0.67450982
0.62352943
0.45882353
0.48235294
0.69019610
0.72156864
0.66666669
0.55686277
0.49411765
0.51764709
0.52549022
0.58431375
0.61960787
0.61568630
0.61568630
0.58823532
0.57254905
0.63137257
0.67450982
0.70980394
0.84705883
0.88627452
0.84313726
0.84313726
0.89019608
0.88627452
0.86666667
0.85882354
0.82745099
0.82745099
0.69803923
0.57647061
0.64313728
0.68235296
0.56470591
0.53333336
0.69411767
0.68627453
0.71764708
0.54509807
0.47058824
0.48235294
0.48627451
0.52549022
0.59215689
0.65098041
0.67450982
0.66666669
0.65098041
0.68235296
0.65882355
0.65882355
0.80784315
0.81568629
0.72549021
0.87058824
0.89411765
0.91372550
0.89803922
0.89803922
0.87450981
0.84313726
0.60392159
0.49019608
0.55686277
0.66274512
0.63529414
0.63529414
0.72156864
0.61568630
0.58039218
0.50588238
0.48627451
0.50980395
0.49019608
0.50980395
0.58823532
0.72941178
0.85882354
0.82745099
0.73725492
0.64313728
0.60784316
0.59607846
0.77647060
0.81176472
0.80000001
0.84313726
0.83921570
0.89019608
0.91372550
0.90196079
0.89019608
0.84313726
0.59607846
0.49019608
0.43921569
0.48627451
0.50980395
0.67058825
0.75686276
0.73333335
0.63921571
0.52156866
0.49019608
0.51764709
0.51372552
0.60392159
0.74117649
0.77647060
0.75686276
0.74901962
0.67843139
0.60784316
0.60784316
0.63529414
0.81176472
0.85882354
0.89803922
0.83529413
0.83529413
0.81960785
0.87450981
0.82352942
0.80000001
0.73725492
0.56862748
0.50196081
0.45098040
0.43137255
0.49803922
0.67058825
0.77647060
0.80392158
0.76078433
0.54117650
0.46274510
0.53725493
0.59215689
0.69803923
0.69019610
0.55686277
0.48627451
0.56078434
0.56470591
0.59215689
0.63529414
0.70588237
0.84705883
0.89803922
0.90980393
0.82745099
0.78039217
0.89019608
0.87058824
0.76862746
0.72156864
0.60784316
0.52156866
0.48235294
0.49019608
0.49019608
0.52941179
0.67843139
0.78431374
0.79607844
0.77254903
0.67058825
0.49803922
0.49019608
0.47843137
0.48235294
0.41176471
0.35686275
0.37254903
0.41960785
0.54901963
0.53725493
0.65098041
0.80392158
0.85882354
0.88235295
0.87450981
0.82352942
0.83529413
0.92156863
0.87058824
0.76078433
0.73333335
0.71372551
0.65098041
0.58823532
0.48235294
0.48235294
0.53333336
0.70980394
0.76470590
0.79215688
0.75686276
0.69411767
0.58431375
0.54509807
0.50196081
0.49803922
0.39607844
0.41568628
0.49803922
0.49411765
0.61960787
0.62352943
0.67058825
0.84313726
0.87450981
0.86274511
0.85098040
0.80784315
0.83529413
0.86666667
0.79607844
0.75294119
0.83529413
0.84705883
0.71764708
0.67058825
0.63921571
0.55686277
0.56470591
0.69803923
0.79215688
0.75686276
0.70588237
0.61960787
0.56862748
0.59215689
0.62352943
0.69019610
0.67058825
0.67843139
0.72549021
0.72156864
0.73725492
0.85098040
0.85490197
0.85490197
0.85882354
0.87450981
0.83529413
0.89411765
0.86666667
0.81176472
0.75294119
0.72156864
0.78039217
0.81960785
0.82745099
0.78039217
0.75294119
0.69019610
0.70196080
0.78823531
0.74901962
0.69803923
0.73725492
0.75686276
0.69411767
0.78823531
0.81960785
0.78431374
0.72549021
0.78039217
0.83137256
0.86666667
0.87843138
0.90588236
0.89803922
0.81960785
0.79215688
0.76470590
0.79607844
0.92941177
0.90196079
0.87450981
0.87450981
0.81176472
0.76470590
0.75294119
0.78431374
0.81960785
0.73725492
0.67058825
0.76078433
0.86274511
0.70196080
0.67058825
0.75686276
0.74117649
0.70980394
0.75686276
0.87058824
0.84705883
0.87058824
0.86666667
0.84705883
0.82745099
0.88627452
0.86666667
0.76078433
0.67843139
0.80000001
0.78823531
0.82745099
0.30196080
0.29803923
0.29019609
0.30196080
0.30196080
0.31764707
0.30980393
0.29411766
0.29019609
0.26666668
0.27450982
0.26666668
0.26274511
0.26666668
0.27058825
0.25490198
0.25098041
0.27058825
0.26666668
0.28627452
0.31372550
0.40784314
0.42352942
0.32941177
0.29019609
0.27843139
0.27843139
0.30196080
0.30588236
0.29019609
0.30196080
0.28235295
0.25882354
0.26666668
0.27058825
0.29803923
0.29411766
0.29411766
0.31372550
0.30196080
0.30980393
0.27450982
0.24705882
0.25098041
0.28627452
0.34901962
0.30196080
0.26274511
0.25882354
0.25490198
0.26274511
0.32156864
0.31372550
0.34509805
0.41960785
0.32941177
0.28627452
0.27843139
0.27450982
0.29803923
0.26274511
0.25490198
0.25490198
0.25882354
0.26666668
0.25098041
0.27058825
0.31764707
0.30588236
0.26666668
0.27450982
0.29803923
0.31372550
0.26274511
0.25098041
0.30196080
0.32941177
0.33333334
0.27450982
0.27058825
0.26666668
0.28235295
0.29411766
0.34901962
0.38431373
0.32549021
0.32941177
0.39607844
0.32156864
0.28627452
0.27058825
0.27058825
0.25098041
0.25490198
0.25882354
0.29411766
0.28627452
0.28627452
0.26274511
0.27450982
0.27843139
0.27450982
0.29411766
0.30196080
0.30588236
0.27058825
0.25490198
0.31372550
0.34117648
0.26666668
0.26666668
0.24705882
0.23529412
0.29411766
0.30980393
0.32549021
0.35294119
0.34901962
0.32156864
0.37254903
0.34901962
0.29411766
0.31764707
0.26274511
0.24313726
0.25490198
0.24705882
0.27843139
0.22352941
0.25882354
0.29803923
0.27843139
0.26666668
0.30980393
0.29019609
0.25882354
0.29019609
0.36862746
0.39607844
0.42352942
0.35294119
0.29411766
0.27450982
0.27450982
0.27843139
0.28627452
0.29019609
0.27058825
0.27058825
0.30588236
0.30588236
0.29411766
0.36470589
0.34509805
0.31372550
0.26666668
0.25098041
0.25490198
0.23529412
0.23921569
0.21960784
0.26666668
0.32156864
0.30980393
0.26666668
0.32156864
0.30980393
0.25490198
0.33725491
0.60392159
0.82745099
0.85490197
0.74509805
0.53333336
0.28235295
0.26274511
0.28235295
0.28627452
0.30980393
0.34509805
0.31764707
0.29411766
0.29411766
0.29803923
0.39607844
0.42352942
0.32941177
0.30588236
0.35294119
0.28235295
0.23529412
0.21568628
0.26274511
0.29411766
0.27843139
0.27058825
0.24705882
0.25098041
0.27843139
0.30980393
0.47058824
0.45882353
0.53333336
0.53333336
0.52549022
0.60392159
0.41568628
0.41176471
0.48627451
0.51764709
0.49803922
0.52549022
0.38039216
0.31764707
0.31764707
0.34901962
0.42745098
0.46666667
0.40392157
0.36862746
0.40000001
0.30588236
0.30196080
0.26274511
0.26274511
0.28235295
0.29411766
0.25882354
0.20784314
0.21176471
0.24705882
0.30196080
0.33333334
0.32549021
0.38431373
0.29411766
0.33333334
0.46666667
0.54901963
0.62745100
0.63137257
0.69411767
0.56862748
0.64705884
0.47450981
0.36862746
0.37647060
0.35294119
0.35686275
0.43529412
0.43137255
0.44313726
0.33333334
0.27843139
0.30196080
0.32941177
0.35686275
0.44313726
0.56470591
0.39607844
0.28235295
0.32549021
0.48235294
0.43137255
0.37254903
0.43921569
0.44313726
0.37647060
0.33333334
0.30196080
0.46666667
0.68235296
0.60392159
0.54901963
0.46274510
0.51372552
0.47450981
0.47450981
0.46666667
0.36862746
0.32549021
0.41176471
0.43137255
0.46274510
0.44705883
0.38823530
0.29803923
0.33333334
0.61960787
0.63529414
0.70196080
0.63529414
0.56862748
0.60000002
0.59607846
0.39215687
0.36470589
0.47450981
0.44313726
0.43137255
0.35686275
0.24313726
0.36470589
0.64313728
0.69019610
0.58431375
0.59215689
0.57254905
0.56470591
0.63529414
0.69019610
0.61960787
0.48627451
0.52549022
0.50980395
0.48627451
0.46274510
0.45882353
0.44313726
0.47058824
0.70980394
0.68627453
0.74901962
0.76862746
0.78823531
0.72156864
0.50980395
0.30588236
0.24313726
0.30588236
0.32941177
0.34901962
0.32156864
0.23529412
0.37254903
0.56078434
0.69803923
0.73333335
0.69803923
0.68235296
0.69019610
0.69019610
0.70980394
0.71764708
0.71764708
0.71372551
0.66274512
0.64705884
0.64705884
0.65490198
0.65098041
0.65098041
0.74509805
0.71372551
0.70588237
0.69803923
0.74901962
0.63921571
0.44313726
0.29019609
0.20000000
0.18823530
0.18431373
0.20000000
0.23137255
0.26666668
0.41568628
0.45882353
0.54117650
0.73333335
0.73333335
0.69019610
0.70980394
0.70588237
0.72549021
0.74509805
0.74509805
0.72156864
0.70588237
0.69803923
0.69411767
0.71372551
0.69019610
0.68627453
0.67058825
0.64313728
0.59607846
0.60392159
0.66274512
0.57647061
0.40784314
0.23921569
0.20784314
0.23529412
0.22745098
0.20392157
0.23137255
0.25882354
0.36470589
0.45882353
0.55294120
0.69411767
0.63137257
0.60000002
0.64313728
0.68627453
0.74509805
0.78039217
0.84313726
0.78823531
0.72549021
0.72549021
0.74901962
0.76078433
0.74901962
0.71764708
0.65098041
0.59215689
0.61568630
0.64313728
0.67843139
0.59607846
0.34509805
0.21568628
0.26274511
0.29019609
0.26274511
0.21568628
0.23921569
0.23137255
0.30588236
0.48627451
0.58823532
0.64313728
0.56862748
0.43137255
0.45490196
0.50588238
0.65882355
0.75294119
0.78431374
0.76862746
0.73725492
0.74117649
0.81176472
0.80392158
0.73333335
0.70196080
0.74901962
0.74901962
0.80392158
0.81176472
0.84313726
0.72156864
0.39607844
0.34117648
0.44313726
0.41960785
0.37254903
0.29411766
0.23529412
0.24705882
0.34117648
0.44313726
0.51764709
0.58431375
0.53725493
0.35294119
0.33333334
0.34901962
0.48235294
0.71764708
0.79607844
0.78431374
0.75294119
0.77254903
0.79215688
0.81568629
0.69019610
0.69019610
0.85882354
0.83921570
0.87058824
0.87843138
0.88235295
0.83529413
0.69411767
0.47450981
0.50196081
0.46274510
0.41176471
0.32156864
0.25098041
0.30196080
0.34901962
0.39215687
0.39607844
0.45882353
0.41568628
0.26666668
0.28235295
0.27450982
0.29803923
0.50588238
0.74509805
0.76862746
0.75294119
0.80392158
0.74509805
0.76470590
0.79215688
0.85098040
0.83529413
0.80784315
0.81568629
0.82352942
0.81960785
0.78823531
0.66274512
0.44313726
0.41960785
0.40000001
0.37647060
0.35686275
0.38823530
0.42745098
0.39215687
0.37254903
0.41176471
0.38823530
0.30588236
0.27450982
0.28627452
0.27843139
0.27058825
0.30196080
0.50980395
0.79215688
0.84705883
0.84705883
0.83137256
0.82745099
0.81568629
0.81568629
0.85490197
0.85098040
0.78039217
0.76470590
0.79215688
0.76862746
0.61960787
0.45098040
0.41960785
0.39607844
0.35294119
0.42352942
0.51372552
0.53333336
0.45882353
0.40392157
0.43529412
0.30588236
0.28627452
0.36078432
0.32941177
0.30196080
0.29019609
0.27450982
0.30588236
0.58039218
0.80784315
0.82352942
0.79607844
0.79215688
0.83529413
0.87058824
0.83529413
0.84705883
0.84313726
0.77647060
0.76078433
0.78431374
0.63921571
0.45490196
0.45098040
0.40784314
0.33725491
0.35294119
0.40000001
0.44313726
0.45490196
0.41176471
0.34117648
0.27843139
0.38823530
0.43921569
0.37647060
0.29411766
0.33725491
0.36078432
0.29411766
0.31764707
0.58431375
0.77254903
0.76862746
0.78823531
0.85882354
0.92549020
0.86666667
0.83137256
0.80784315
0.78431374
0.76862746
0.80784315
0.67843139
0.49411765
0.45098040
0.43137255
0.34117648
0.31764707
0.36470589
0.39215687
0.40000001
0.30980393
0.25098041
0.36470589
0.45098040
0.47450981
0.43137255
0.33725491
0.38823530
0.41176471
0.32941177
0.28235295
0.40784314
0.73725492
0.85490197
0.89019608
0.92941177
0.93333334
0.81568629
0.74901962
0.76470590
0.79215688
0.77647060
0.81960785
0.71764708
0.59215689
0.47058824
0.44705883
0.42745098
0.39215687
0.40000001
0.39607844
0.40392157
0.28627452
0.29803923
0.44705883
0.44705883
0.46666667
0.46666667
0.38039216
0.39215687
0.40392157
0.37254903
0.32941177
0.29411766
0.54117650
0.81960785
0.83529413
0.87058824
0.82745099
0.77254903
0.81960785
0.89411765
0.84313726
0.77254903
0.77254903
0.77254903
0.65490198
0.49411765
0.43137255
0.39215687
0.29019609
0.29803923
0.41176471
0.42352942
0.32549021
0.38823530
0.42352942
0.40784314
0.39607844
0.44313726
0.40392157
0.37647060
0.40000001
0.40784314
0.34509805
0.32549021
0.42745098
0.67058825
0.84705883
0.90588236
0.89019608
0.82745099
0.78823531
0.79215688
0.76470590
0.75294119
0.75294119
0.77647060
0.70196080
0.49803922
0.45490196
0.42745098
0.29411766
0.32156864
0.49019608
0.49019608
0.45490196
0.37254903
0.32941177
0.34117648
0.32941177
0.39607844
0.43529412
0.42352942
0.42352942
0.39215687
0.36470589
0.41568628
0.47843137
0.57254905
0.79607844
0.86274511
0.80000001
0.79607844
0.84705883
0.84313726
0.81960785
0.80784315
0.78039217
0.77254903
0.59215689
0.39215687
0.44705883
0.50980395
0.38823530
0.34901962
0.50196081
0.48627451
0.50196081
0.35686275
0.30588236
0.31372550
0.29803923
0.33333334
0.39607844
0.44313726
0.45882353
0.44705883
0.44705883
0.46666667
0.42352942
0.47450981
0.71764708
0.79215688
0.72549021
0.81176472
0.83529413
0.85490197
0.84313726
0.85882354
0.83529413
0.78039217
0.50196081
0.34901962
0.39607844
0.50196081
0.46274510
0.44313726
0.52156866
0.40392157
0.37647060
0.32941177
0.32941177
0.34901962
0.31372550
0.30588236
0.37254903
0.50196081
0.62352943
0.58823532
0.52156866
0.43137255
0.39607844
0.43529412
0.68627453
0.79215688
0.81176472
0.77647060
0.77254903
0.82745099
0.85490197
0.85098040
0.82352942
0.73725492
0.46666667
0.35686275
0.30196080
0.34117648
0.34509805
0.48235294
0.53725493
0.50980395
0.44705883
0.36078432
0.34901962
0.37254903
0.34901962
0.41568628
0.54509807
0.56862748
0.53725493
0.52549022
0.45882353
0.40392157
0.42745098
0.50196081
0.72549021
0.79607844
0.83137256
0.76078433
0.76078433
0.74117649
0.80000001
0.74509805
0.68235296
0.57254905
0.39607844
0.35294119
0.32156864
0.30588236
0.34117648
0.47843137
0.55294120
0.57647061
0.57254905
0.38823530
0.33333334
0.40392157
0.44313726
0.54117650
0.52941179
0.38823530
0.30980393
0.37647060
0.35686275
0.39607844
0.48627451
0.60000002
0.76862746
0.83921570
0.85882354
0.76078433
0.69803923
0.78431374
0.75294119
0.61960787
0.55686277
0.45098040
0.38039216
0.37254903
0.41176471
0.40784314
0.39215687
0.48627451
0.55686277
0.56470591
0.56862748
0.50980395
0.37647060
0.38431373
0.36470589
0.36862746
0.29803923
0.24313726
0.25882354
0.30196080
0.40784314
0.39607844
0.52941179
0.70980394
0.78039217
0.82352942
0.82745099
0.76470590
0.75294119
0.81568629
0.74901962
0.63921571
0.61568630
0.60784316
0.56078434
0.50588238
0.40392157
0.37647060
0.36862746
0.49019608
0.52549022
0.56078434
0.56078434
0.54509807
0.48235294
0.45882353
0.41176471
0.40784314
0.30980393
0.32941177
0.40784314
0.40392157
0.52549022
0.52156866
0.57254905
0.76470590
0.80392158
0.80784315
0.80784315
0.74509805
0.76078433
0.78431374
0.70196080
0.69411767
0.79607844
0.78823531
0.64313728
0.58039218
0.52941179
0.40784314
0.36862746
0.46666667
0.56078434
0.54901963
0.54901963
0.50980395
0.49019608
0.52156866
0.54117650
0.61176473
0.59607846
0.60392159
0.64705884
0.64705884
0.65882355
0.77254903
0.78823531
0.79607844
0.80784315
0.84313726
0.82745099
0.83137256
0.80392158
0.75294119
0.69019610
0.67843139
0.74117649
0.76470590
0.74901962
0.68627453
0.64313728
0.55686277
0.53725493
0.61568630
0.59607846
0.56470591
0.62745100
0.67450982
0.64313728
0.72941178
0.74901962
0.71764708
0.65882355
0.71764708
0.76470590
0.80392158
0.81960785
0.85490197
0.85882354
0.78823531
0.76862746
0.74901962
0.78431374
0.85490197
0.83529413
0.83137256
0.82745099
0.74117649
0.68235296
0.66666669
0.69803923
0.72941178
0.65098041
0.58039218
0.65882355
0.76078433
0.63137257
0.60784316
0.67058825
0.67843139
0.66666669
0.70196080
0.79607844
0.78039217
0.81960785
0.81960785
0.78823531
0.77254903
0.83529413
0.82352942
0.73333335
0.66274512
0.78431374
0.76078433
0.79607844
0.36470589
0.36078432
0.35294119
0.36470589
0.37254903
0.38823530
0.38039216
0.36470589
0.36470589
0.34117648
0.35294119
0.34509805
0.33725491
0.34117648
0.35294119
0.35294119
0.34901962
0.36470589
0.35294119
0.37254903
0.39215687
0.48235294
0.49803922
0.40000001
0.36470589
0.34901962
0.34901962
0.37254903
0.37647060
0.36078432
0.37647060
0.36078432
0.32156864
0.32941177
0.33333334
0.36078432
0.36078432
0.36470589
0.38431373
0.37254903
0.38039216
0.34117648
0.30980393
0.31372550
0.34901962
0.40784314
0.36862746
0.34509805
0.34117648
0.33333334
0.33725491
0.39215687
0.37254903
0.40392157
0.47843137
0.38823530
0.34509805
0.34509805
0.34901962
0.37254903
0.33725491
0.32941177
0.32549021
0.32549021
0.33333334
0.31372550
0.33333334
0.38039216
0.37254903
0.34117648
0.34509805
0.36862746
0.38431373
0.32549021
0.29803923
0.34901962
0.37647060
0.38039216
0.32549021
0.33725491
0.33333334
0.34509805
0.35294119
0.40392157
0.43137255
0.37254903
0.37647060
0.44313726
0.36862746
0.35294119
0.34901962
0.34901962
0.32941177
0.33333334
0.32549021
0.34901962
0.35294119
0.34901962
0.32156864
0.33725491
0.33725491
0.33725491
0.36470589
0.37254903
0.37647060
0.33333334
0.30980393
0.36862746
0.39215687
0.31372550
0.31372550
0.30588236
0.29803923
0.35686275
0.37254903
0.38431373
0.39607844
0.38431373
0.36470589
0.41960785
0.40000001
0.36078432
0.39215687
0.33725491
0.31764707
0.32941177
0.30980393
0.32941177
0.29411766
0.31764707
0.35686275
0.34117648
0.32549021
0.36862746
0.35686275
0.32549021
0.35294119
0.42745098
0.45882353
0.48235294
0.41176471
0.34509805
0.32549021
0.32156864
0.33333334
0.34509805
0.35686275
0.34117648
0.31764707
0.34901962
0.36078432
0.35294119
0.43137255
0.39607844
0.36078432
0.31764707
0.30588236
0.30980393
0.29411766
0.29803923
0.29019609
0.32549021
0.38039216
0.37254903
0.35686275
0.40392157
0.36078432
0.29411766
0.39215687
0.63921571
0.82745099
0.85882354
0.75686276
0.54901963
0.30980393
0.30980393
0.32549021
0.32156864
0.33725491
0.36862746
0.36862746
0.34901962
0.34117648
0.33725491
0.42745098
0.45490196
0.36470589
0.34509805
0.39607844
0.32549021
0.29019609
0.28627452
0.33333334
0.35294119
0.33725491
0.33725491
0.33725491
0.33333334
0.32156864
0.34509805
0.52549022
0.50980395
0.55294120
0.55294120
0.54901963
0.63137257
0.44313726
0.43137255
0.49803922
0.51764709
0.48235294
0.50588238
0.41176471
0.36078432
0.34901962
0.36470589
0.43921569
0.48627451
0.43529412
0.40392157
0.43529412
0.34901962
0.35686275
0.32549021
0.33725491
0.34117648
0.35294119
0.32549021
0.26274511
0.26666668
0.30196080
0.36862746
0.40784314
0.41176471
0.48235294
0.37254903
0.38823530
0.50588238
0.56078434
0.58823532
0.58431375
0.65490198
0.53333336
0.61568630
0.47058824
0.37647060
0.38823530
0.36862746
0.37254903
0.45882353
0.45882353
0.47450981
0.36470589
0.31372550
0.34901962
0.38039216
0.40784314
0.48627451
0.60784316
0.44705883
0.30588236
0.35294119
0.54117650
0.49803922
0.44705883
0.52549022
0.53333336
0.45882353
0.38823530
0.32941177
0.47843137
0.66274512
0.57647061
0.52549022
0.45490196
0.51764709
0.47843137
0.48235294
0.48627451
0.40784314
0.37647060
0.43921569
0.44313726
0.48235294
0.47450981
0.41960785
0.33725491
0.37254903
0.63137257
0.63529414
0.70588237
0.64705884
0.57647061
0.61960787
0.63529414
0.43137255
0.42745098
0.54509807
0.50588238
0.50196081
0.40000001
0.27450982
0.40392157
0.67058825
0.70196080
0.58431375
0.59215689
0.57647061
0.56078434
0.62745100
0.69019610
0.63921571
0.52549022
0.52941179
0.49411765
0.47450981
0.46666667
0.47450981
0.46274510
0.49019608
0.67843139
0.64313728
0.71372551
0.74117649
0.76470590
0.72549021
0.53725493
0.33333334
0.29803923
0.37647060
0.39607844
0.41960785
0.36470589
0.27843139
0.42745098
0.60392159
0.71764708
0.72156864
0.65882355
0.62745100
0.62745100
0.61960787
0.64705884
0.67058825
0.69019610
0.66666669
0.60784316
0.60392159
0.61568630
0.63137257
0.63137257
0.63137257
0.69803923
0.65882355
0.65490198
0.65490198
0.70980394
0.62352943
0.45882353
0.30588236
0.24705882
0.25098041
0.24705882
0.25490198
0.26274511
0.30588236
0.47843137
0.50980395
0.56862748
0.73333335
0.69411767
0.62745100
0.63529414
0.62745100
0.64705884
0.68235296
0.69803923
0.65490198
0.62745100
0.63137257
0.64313728
0.67058825
0.64313728
0.63921571
0.63921571
0.60392159
0.55686277
0.57254905
0.62352943
0.55294120
0.41568628
0.25098041
0.24705882
0.28627452
0.27058825
0.23921569
0.24705882
0.29411766
0.42745098
0.50588238
0.59607846
0.71372551
0.62745100
0.57647061
0.60784316
0.64705884
0.70196080
0.74509805
0.81568629
0.73333335
0.65882355
0.66666669
0.70196080
0.72156864
0.69803923
0.65098041
0.61568630
0.54509807
0.56862748
0.61176473
0.66274512
0.60392159
0.36470589
0.23529412
0.28235295
0.30980393
0.29019609
0.25490198
0.27058825
0.28627452
0.38431373
0.53725493
0.62745100
0.67843139
0.60392159
0.46666667
0.46666667
0.49411765
0.62745100
0.71372551
0.74901962
0.73725492
0.69803923
0.70588237
0.78431374
0.77647060
0.67843139
0.62352943
0.73725492
0.73333335
0.78823531
0.80392158
0.84313726
0.72549021
0.41176471
0.36078432
0.46274510
0.44705883
0.42745098
0.35294119
0.26666668
0.27843139
0.39607844
0.48627451
0.55686277
0.61960787
0.58823532
0.40784314
0.34901962
0.35294119
0.48235294
0.70196080
0.76078433
0.74509805
0.71764708
0.74509805
0.76862746
0.80000001
0.65490198
0.63137257
0.85882354
0.83921570
0.86666667
0.87843138
0.86274511
0.81960785
0.69803923
0.49019608
0.52549022
0.49019608
0.45490196
0.36862746
0.27450982
0.32941177
0.40392157
0.43529412
0.43529412
0.49803922
0.46274510
0.31372550
0.30196080
0.30196080
0.34509805
0.53333336
0.73333335
0.73333335
0.71764708
0.77254903
0.72549021
0.74901962
0.77254903
0.81960785
0.82745099
0.80784315
0.81568629
0.81176472
0.79215688
0.76470590
0.66274512
0.45490196
0.43137255
0.41568628
0.40392157
0.39215687
0.40784314
0.45490196
0.44313726
0.41960785
0.44705883
0.42745098
0.35294119
0.32549021
0.32156864
0.31372550
0.31764707
0.34117648
0.52941179
0.78431374
0.82352942
0.82745099
0.80784315
0.80000001
0.78823531
0.78823531
0.86274511
0.87058824
0.79607844
0.76862746
0.77254903
0.75294119
0.61960787
0.45882353
0.41960785
0.41568628
0.40392157
0.47058824
0.52549022
0.53333336
0.48235294
0.44705883
0.47843137
0.34509805
0.33725491
0.41960785
0.38039216
0.33725491
0.32156864
0.30588236
0.34509805
0.60000002
0.80000001
0.80392158
0.75686276
0.74901962
0.80000001
0.84313726
0.84705883
0.86666667
0.85882354
0.79607844
0.76078433
0.78431374
0.65490198
0.47450981
0.45882353
0.41960785
0.36470589
0.38039216
0.42745098
0.47058824
0.49019608
0.46666667
0.39215687
0.32549021
0.44313726
0.50196081
0.42745098
0.34117648
0.38039216
0.40392157
0.34117648
0.35686275
0.59215689
0.74509805
0.71764708
0.74117649
0.83529413
0.92941177
0.87450981
0.84705883
0.82745099
0.80392158
0.78039217
0.81960785
0.69411767
0.50980395
0.46274510
0.44705883
0.36470589
0.33725491
0.39215687
0.42352942
0.44313726
0.36862746
0.30196080
0.40784314
0.49803922
0.53333336
0.48235294
0.38431373
0.43529412
0.45882353
0.37647060
0.32941177
0.43921569
0.73333335
0.82745099
0.85490197
0.92156863
0.95294118
0.82352942
0.76470590
0.78431374
0.81176472
0.80392158
0.85098040
0.74117649
0.60784316
0.48627451
0.47058824
0.45098040
0.40784314
0.41568628
0.42745098
0.45098040
0.33333334
0.33725491
0.48235294
0.48627451
0.51372552
0.51372552
0.42745098
0.43921569
0.45098040
0.41960785
0.38823530
0.34509805
0.56470591
0.81960785
0.82352942
0.87843138
0.86274511
0.78039217
0.83529413
0.91372550
0.86666667
0.81568629
0.81568629
0.80000001
0.67450982
0.51372552
0.45882353
0.42352942
0.30196080
0.30588236
0.43921569
0.47058824
0.36470589
0.41960785
0.44705883
0.43921569
0.43529412
0.49019608
0.45098040
0.42352942
0.44705883
0.45882353
0.40392157
0.38431373
0.46666667
0.68235296
0.83921570
0.91372550
0.92549020
0.84705883
0.81176472
0.81568629
0.78823531
0.79215688
0.79215688
0.80000001
0.72156864
0.52941179
0.49019608
0.45490196
0.31372550
0.34117648
0.52941179
0.53333336
0.48235294
0.40392157
0.36470589
0.37647060
0.36862746
0.44313726
0.48235294
0.47058824
0.46274510
0.43137255
0.40000001
0.45490196
0.51372552
0.59215689
0.78823531
0.85490197
0.81176472
0.83137256
0.87843138
0.87450981
0.85098040
0.83529413
0.80000001
0.78431374
0.61176473
0.42745098
0.48235294
0.53725493
0.41568628
0.38431373
0.54117650
0.51764709
0.52156866
0.38823530
0.35686275
0.36078432
0.33725491
0.38431373
0.45098040
0.49019608
0.49411765
0.47450981
0.46274510
0.48235294
0.45490196
0.50196081
0.71764708
0.77254903
0.69803923
0.84705883
0.87450981
0.89411765
0.88235295
0.88235295
0.85098040
0.79607844
0.51764709
0.36862746
0.42745098
0.53725493
0.49803922
0.47843137
0.55294120
0.43137255
0.38823530
0.35686275
0.37647060
0.39215687
0.34901962
0.36078432
0.43137255
0.55294120
0.66666669
0.62352943
0.54509807
0.45490196
0.43137255
0.46666667
0.69803923
0.78039217
0.78823531
0.81568629
0.81176472
0.86666667
0.89411765
0.87843138
0.84705883
0.76862746
0.49411765
0.37254903
0.32941177
0.38823530
0.38431373
0.51372552
0.56470591
0.52549022
0.45098040
0.38431373
0.39215687
0.41176471
0.38039216
0.46274510
0.59607846
0.61568630
0.57254905
0.55294120
0.49019608
0.43921569
0.46274510
0.52941179
0.74901962
0.81176472
0.85098040
0.80392158
0.80392158
0.78431374
0.84313726
0.78039217
0.72156864
0.62352943
0.43529412
0.37254903
0.35686275
0.36078432
0.38823530
0.50980395
0.57254905
0.58431375
0.57647061
0.40784314
0.37254903
0.43921569
0.47058824
0.58039218
0.57254905
0.42352942
0.33333334
0.39607844
0.39215687
0.43921569
0.52156866
0.63137257
0.80000001
0.86274511
0.88235295
0.80392158
0.74509805
0.82745099
0.79607844
0.66666669
0.60392159
0.49803922
0.42352942
0.40784314
0.45490196
0.46666667
0.44705883
0.52941179
0.58823532
0.58039218
0.57647061
0.52549022
0.40784314
0.42745098
0.41568628
0.41960785
0.34509805
0.28627452
0.29411766
0.33725491
0.43921569
0.44313726
0.59607846
0.76862746
0.81176472
0.83921570
0.84313726
0.81176472
0.79607844
0.85490197
0.78431374
0.66666669
0.63921571
0.64313728
0.59607846
0.54901963
0.44705883
0.41960785
0.41176471
0.52941179
0.55294120
0.57647061
0.57254905
0.56078434
0.50196081
0.49803922
0.46666667
0.45882353
0.35686275
0.37647060
0.45882353
0.45098040
0.55686277
0.56862748
0.64313728
0.82352942
0.83137256
0.81960785
0.82352942
0.79607844
0.80392158
0.81568629
0.72941178
0.69803923
0.79607844
0.80392158
0.67058825
0.62745100
0.56470591
0.42745098
0.39215687
0.49411765
0.57647061
0.56078434
0.56470591
0.52156866
0.50588238
0.54117650
0.57647061
0.65490198
0.63529414
0.64705884
0.69019610
0.68627453
0.69803923
0.81176472
0.82745099
0.83137256
0.83921570
0.86274511
0.83137256
0.87843138
0.83921570
0.77647060
0.70980394
0.67843139
0.74117649
0.78039217
0.78039217
0.73333335
0.67450982
0.56470591
0.55686277
0.63921571
0.60784316
0.57647061
0.64705884
0.68627453
0.64313728
0.73333335
0.76078433
0.75294119
0.70196080
0.75686276
0.80784315
0.84313726
0.86666667
0.89019608
0.87058824
0.80000001
0.79607844
0.77254903
0.78823531
0.90588236
0.87450981
0.85490197
0.84313726
0.75294119
0.69803923
0.69411767
0.72941178
0.77254903
0.68235296
0.59607846
0.68235296
0.78431374
0.65098041
0.62745100
0.69411767
0.69411767
0.67450982
0.70196080
0.80000001
0.80392158
0.84705883
0.84705883
0.82352942
0.81176472
0.88627452
0.85098040
0.72156864
0.65098041
0.80784315
0.79607844
0.81176472
1 0 0 0 0 -1 0 0 0 0 0
0 1 0 0 0 -1 0 0 0 0 0
0 0 1 0 0 -1 0 0 0 0 0
0 0 0 1 0 -1 0 0 0 0 0
0 0 0 0 1 -1 0 0 0 0 0
0 0 0 0 0 -1 1 0 0 0 0
0 0 0 0 0 -1 0 1 0 0 0
0 0 0 0 0 -1 0 0 1 0 0
0 0 0 0 0 -1 0 0 0 1 0
