0.24705882
0.24705882
0.25490198
0.27843139
0.30196080
0.32549021
0.33333334
0.34117648
0.34901962
0.36862746
0.38039216
0.38431373
0.38431373
0.38823530
0.41568628
0.42745098
0.43529412
0.44313726
0.45882353
0.46666667
0.46666667
0.47450981
0.48627451
0.49019608
0.50196081
0.51372552
0.52549022
0.53725493
0.55294120
0.56470591
0.56470591
0.56862748
0.25882354
0.26274511
0.27450982
0.29411766
0.32156864
0.33725491
0.34509805
0.36078432
0.38039216
0.39215687
0.40000001
0.40392157
0.40392157
0.40784314
0.42745098
0.44705883
0.45098040
0.45098040
0.47058824
0.48235294
0.49019608
0.49803922
0.50980395
0.51372552
0.52549022
0.53333336
0.54117650
0.55686277
0.57254905
0.58039218
0.58039218
0.58039218
0.26666668
0.27058825
0.28627452
0.30588236
0.32941177
0.34117648
0.34901962
0.37647060
0.41568628
0.40784314
0.41568628
0.44705883
0.45490196
0.43921569
0.43529412
0.45490196
0.45882353
0.45490196
0.47450981
0.49019608
0.50196081
0.50980395
0.51764709
0.52156866
0.53725493
0.55294120
0.55294120
0.56078434
0.57647061
0.58823532
0.58823532
0.58431375
0.27450982
0.28235295
0.29803923
0.31372550
0.34117648
0.34901962
0.35294119
0.39607844
0.53725493
0.47843137
0.47450981
0.58823532
0.60392159
0.56862748
0.48627451
0.45882353
0.46666667
0.46666667
0.48627451
0.50588238
0.51764709
0.52549022
0.52941179
0.53333336
0.54509807
0.56862748
0.56862748
0.57254905
0.58431375
0.59607846
0.59607846
0.59607846
0.28627452
0.29411766
0.30588236
0.32156864
0.35294119
0.35294119
0.35294119
0.41568628
0.62745100
0.59215689
0.49411765
0.39607844
0.40000001
0.54901963
0.56470591
0.47450981
0.47058824
0.47843137
0.49411765
0.51372552
0.52549022
0.52941179
0.53333336
0.54117650
0.55294120
0.56862748
0.58039218
0.58431375
0.58823532
0.60000002
0.60000002
0.60000002
0.30196080
0.30588236
0.31372550
0.32941177
0.35294119
0.34901962
0.35294119
0.41960785
0.51372552
0.56862748
0.43921569
0.12941177
0.08235294
0.24313726
0.49803922
0.53333336
0.48235294
0.48627451
0.50196081
0.50980395
0.52156866
0.53333336
0.54117650
0.54901963
0.56078434
0.57254905
0.58431375
0.58823532
0.58823532
0.60392159
0.60392159
0.60392159
0.30196080
0.30980393
0.31764707
0.32941177
0.34509805
0.34901962
0.36078432
0.39607844
0.36470589
0.44705883
0.34117648
0.09411765
0.03529412
0.07058824
0.29803923
0.54901963
0.50980395
0.48235294
0.50196081
0.50196081
0.50980395
0.52549022
0.54117650
0.55294120
0.56078434
0.56862748
0.58039218
0.58431375
0.58431375
0.60392159
0.60784316
0.60392159
0.29411766
0.30588236
0.31764707
0.32156864
0.33725491
0.34901962
0.36078432
0.37254903
0.34901962
0.41176471
0.30196080
0.02745098
0.00784314
0.03529412
0.14117648
0.47843137
0.54509807
0.47843137
0.49803922
0.49411765
0.50588238
0.51764709
0.53333336
0.55294120
0.55294120
0.56470591
0.57254905
0.58431375
0.58823532
0.60000002
0.60392159
0.60392159
0.29411766
0.30588236
0.31764707
0.32156864
0.33333334
0.34509805
0.35686275
0.36470589
0.36078432
0.40000001
0.33333334
0.02352941
0.00000000
0.01960784
0.05490196
0.35686275
0.60000002
0.49411765
0.48627451
0.49411765
0.50196081
0.50980395
0.52941179
0.54117650
0.54901963
0.56078434
0.56862748
0.58431375
0.59215689
0.60000002
0.60392159
0.60392159
0.29411766
0.30588236
0.31764707
0.32156864
0.32941177
0.34117648
0.35294119
0.36862746
0.36862746
0.38823530
0.27843139
0.01176471
0.00784314
0.03137255
0.10588235
0.46274510
0.64313728
0.54901963
0.49803922
0.49411765
0.50196081
0.50588238
0.51764709
0.53333336
0.54117650
0.55686277
0.56078434
0.58039218
0.59607846
0.60000002
0.60392159
0.60784316
0.29803923
0.30196080
0.30588236
0.32156864
0.32941177
0.33725491
0.34901962
0.36862746
0.37254903
0.36862746
0.18823530
0.00784314
0.04313726
0.14117648
0.23529412
0.55294120
0.63529414
0.57647061
0.53725493
0.49019608
0.49803922
0.49803922
0.50196081
0.51764709
0.53725493
0.54901963
0.56470591
0.57647061
0.58823532
0.59607846
0.60392159
0.60784316
0.29411766
0.29803923
0.30196080
0.31764707
0.32941177
0.33333334
0.34509805
0.36078432
0.36470589
0.37254903
0.21176471
0.05882353
0.22352941
0.43529412
0.43529412
0.55686277
0.58039218
0.49803922
0.49019608
0.50588238
0.48235294
0.48627451
0.48627451
0.50196081
0.52941179
0.54509807
0.56078434
0.57254905
0.58039218
0.59215689
0.60000002
0.60392159
0.28235295
0.29019609
0.29803923
0.30980393
0.32549021
0.32941177
0.34117648
0.35686275
0.36862746
0.39215687
0.29803923
0.25490198
0.52156866
0.67843139
0.64313728
0.63921571
0.47843137
0.38823530
0.43529412
0.50196081
0.47843137
0.47843137
0.47843137
0.49411765
0.52549022
0.54117650
0.55686277
0.56470591
0.57647061
0.58823532
0.59607846
0.60392159
0.27058825
0.28235295
0.29411766
0.30588236
0.32156864
0.32549021
0.33725491
0.34509805
0.35686275
0.38823530
0.36862746
0.44705883
0.62745100
0.70196080
0.69803923
0.70588237
0.53725493
0.29803923
0.27058825
0.38823530
0.47450981
0.46666667
0.47450981
0.49411765
0.51764709
0.53333336
0.54901963
0.55686277
0.56862748
0.58039218
0.58823532
0.60000002
0.26666668
0.27843139
0.29411766
0.30588236
0.32156864
0.32941177
0.33333334
0.33333334
0.32941177
0.34509805
0.36470589
0.41568628
0.53333336
0.61960787
0.68627453
0.74117649
0.63137257
0.30196080
0.18431373
0.27450982
0.45882353
0.47058824
0.47450981
0.49803922
0.51764709
0.52549022
0.53333336
0.54901963
0.56078434
0.57647061
0.57647061
0.58431375
0.25882354
0.27450982
0.29019609
0.30196080
0.31764707
0.32941177
0.32941177
0.32549021
0.32156864
0.33333334
0.38039216
0.34901962
0.41568628
0.54901963
0.67058825
0.72156864
0.68627453
0.45490196
0.25490198
0.27450982
0.40392157
0.48627451
0.47058824
0.48627451
0.51372552
0.52549022
0.52941179
0.54509807
0.55686277
0.56862748
0.56862748
0.57647061
0.25490198
0.26666668
0.28627452
0.29803923
0.31372550
0.32156864
0.32549021
0.31764707
0.32156864
0.32549021
0.36470589
0.32941177
0.36078432
0.50196081
0.60000002
0.64705884
0.68627453
0.65490198
0.45882353
0.32156864
0.35294119
0.44313726
0.46666667
0.46274510
0.50588238
0.51764709
0.52549022
0.54117650
0.55294120
0.56470591
0.56470591
0.56862748
0.25098041
0.26274511
0.27843139
0.29411766
0.30980393
0.31764707
0.31372550
0.31372550
0.31372550
0.31764707
0.32549021
0.32941177
0.35686275
0.45098040
0.45882353
0.52941179
0.66666669
0.74901962
0.73725492
0.55294120
0.36862746
0.38823530
0.45882353
0.45882353
0.49803922
0.50980395
0.51372552
0.52549022
0.53725493
0.55294120
0.55294120
0.55686277
0.24705882
0.25882354
0.27843139
0.29019609
0.30588236
0.31372550
0.30980393
0.30980393
0.31764707
0.31372550
0.30196080
0.32549021
0.36862746
0.40784314
0.35686275
0.40784314
0.58823532
0.67843139
0.73725492
0.74901962
0.44705883
0.30980393
0.47450981
0.48627451
0.49411765
0.50980395
0.51764709
0.51764709
0.52941179
0.54509807
0.54901963
0.54117650
0.23921569
0.25490198
0.27843139
0.29019609
0.29803923
0.30196080
0.30196080
0.30980393
0.31764707
0.29803923
0.29803923
0.32156864
0.34901962
0.38431373
0.36862746
0.33725491
0.41960785
0.55686277
0.68235296
0.77254903
0.60000002
0.42352942
0.35294119
0.38039216
0.48235294
0.50588238
0.51372552
0.52156866
0.52941179
0.54117650
0.54117650
0.54117650
0.23529412
0.25098041
0.27843139
0.28627452
0.29411766
0.33333334
0.32941177
0.30588236
0.29803923
0.28627452
0.30196080
0.32549021
0.31764707
0.31764707
0.38823530
0.41960785
0.42745098
0.45882353
0.60000002
0.66274512
0.63921571
0.74509805
0.42352942
0.23137255
0.45490196
0.50588238
0.49803922
0.50588238
0.51372552
0.52549022
0.52549022
0.52941179
0.24705882
0.27058825
0.28235295
0.27450982
0.33725491
0.46666667
0.47058824
0.34901962
0.29019609
0.29411766
0.30588236
0.32156864
0.30980393
0.29803923
0.33333334
0.38431373
0.36862746
0.41176471
0.57254905
0.53333336
0.53725493
0.60392159
0.48627451
0.36078432
0.56078434
0.54117650
0.47058824
0.46274510
0.48235294
0.50588238
0.50980395
0.51372552
0.26274511
0.30196080
0.32156864
0.37254903
0.41960785
0.48235294
0.49411765
0.36470589
0.29019609
0.29411766
0.29803923
0.30980393
0.30980393
0.30196080
0.32549021
0.29411766
0.21960784
0.35686275
0.48235294
0.50196081
0.42745098
0.40392157
0.37647060
0.30980393
0.44705883
0.54509807
0.48627451
0.46666667
0.47450981
0.49411765
0.50196081
0.50588238
0.36470589
0.54509807
0.53725493
0.57647061
0.54509807
0.47450981
0.41568628
0.31764707
0.29019609
0.28627452
0.28235295
0.29803923
0.30588236
0.30980393
0.31372550
0.23529412
0.29411766
0.36078432
0.35294119
0.38823530
0.36470589
0.37647060
0.40000001
0.38823530
0.29803923
0.40392157
0.53333336
0.50588238
0.47843137
0.49019608
0.49803922
0.50196081
0.58039218
0.85882354
0.81960785
0.77254903
0.66274512
0.47450981
0.41568628
0.32156864
0.28627452
0.28235295
0.27450982
0.28627452
0.30588236
0.31764707
0.29411766
0.27843139
0.34509805
0.31764707
0.32941177
0.34901962
0.33725491
0.33333334
0.36862746
0.42745098
0.38823530
0.29803923
0.42745098
0.52156866
0.47450981
0.48235294
0.49019608
0.51372552
0.70196080
0.87843138
0.88627452
0.90980393
0.77647060
0.47450981
0.41568628
0.35686275
0.28627452
0.29411766
0.28235295
0.28627452
0.31372550
0.32549021
0.35294119
0.32549021
0.31372550
0.30980393
0.34117648
0.34509805
0.33725491
0.34117648
0.36470589
0.39215687
0.43529412
0.41960785
0.36470589
0.47843137
0.49019608
0.47058824
0.48235294
0.52549022
0.65098041
0.80784315
0.89411765
0.91372550
0.80392158
0.56078434
0.48235294
0.37647060
0.29411766
0.31372550
0.29803923
0.29411766
0.32941177
0.37647060
0.45490196
0.35294119
0.29803923
0.31764707
0.32941177
0.34901962
0.34901962
0.35294119
0.36862746
0.38039216
0.40392157
0.48627451
0.49019608
0.46274510
0.47058824
0.47450981
0.48627451
0.49803922
0.58823532
0.58823532
0.78823531
0.90196079
0.84313726
0.75294119
0.60000002
0.38823530
0.33333334
0.34901962
0.32941177
0.32549021
0.30196080
0.30980393
0.45490196
0.41960785
0.31372550
0.32156864
0.32549021
0.33725491
0.34117648
0.34509805
0.34901962
0.36470589
0.38039216
0.44313726
0.52941179
0.45490196
0.43529412
0.52549022
0.53725493
0.51372552
0.63529414
0.44313726
0.65490198
0.89411765
0.81960785
0.87450981
0.74117649
0.49803922
0.55686277
0.55686277
0.45882353
0.44313726
0.27843139
0.30980393
0.40784314
0.35294119
0.32941177
0.32549021
0.32549021
0.33333334
0.34117648
0.34117648
0.34509805
0.35686275
0.37647060
0.40784314
0.49411765
0.46274510
0.46666667
0.62745100
0.66274512
0.60392159
0.73725492
0.64313728
0.75686276
0.88235295
0.82352942
0.85882354
0.83529413
0.72156864
0.81960785
0.78823531
0.61176473
0.60000002
0.38431373
0.41176471
0.42352942
0.29019609
0.32156864
0.32156864
0.32941177
0.34117648
0.34901962
0.34901962
0.35294119
0.36078432
0.37647060
0.39607844
0.45882353
0.46274510
0.52941179
0.71764708
0.69019610
0.58431375
0.80000001
0.80784315
0.85098040
0.89019608
0.88235295
0.88627452
0.86666667
0.85098040
0.89803922
0.82352942
0.56078434
0.54509807
0.42352942
0.44313726
0.54901963
0.43137255
0.34117648
0.32549021
0.34117648
0.35686275
0.36470589
0.36470589
0.36078432
0.36470589
0.39215687
0.42745098
0.46666667
0.47058824
0.54901963
0.70980394
0.58039218
0.47450981
0.70588237
0.83529413
0.84705883
0.87058824
0.87450981
0.86666667
0.80784315
0.84705883
0.87450981
0.86274511
0.65098041
0.43921569
0.29803923
0.25882354
0.49019608
0.54509807
0.36470589
0.32156864
0.34509805
0.36078432
0.36862746
0.37254903
0.36078432
0.37254903
0.45882353
0.49411765
0.45882353
0.45098040
0.58039218
0.62745100
0.43529412
0.41960785
0.43529412
0.43137255
0.44313726
0.46274510
0.49019608
0.50980395
0.51372552
0.53725493
0.54901963
0.55686277
0.56470591
0.56862748
0.57647061
0.57647061
0.58039218
0.58823532
0.59607846
0.60000002
0.61568630
0.61960787
0.62352943
0.62745100
0.64313728
0.64313728
0.64313728
0.65490198
0.66274512
0.67843139
0.69019610
0.68627453
0.68627453
0.69019610
0.45098040
0.45098040
0.46274510
0.48627451
0.50588238
0.52549022
0.53333336
0.54901963
0.56078434
0.57254905
0.58039218
0.58431375
0.58431375
0.58431375
0.59607846
0.61176473
0.61568630
0.61568630
0.63137257
0.63921571
0.64705884
0.65490198
0.66666669
0.66666669
0.66666669
0.67843139
0.68235296
0.69803923
0.70980394
0.70588237
0.70588237
0.70196080
0.45490196
0.45882353
0.47450981
0.49019608
0.50980395
0.53333336
0.54117650
0.55294120
0.56862748
0.56470591
0.57254905
0.60392159
0.60784316
0.58823532
0.59215689
0.61568630
0.61960787
0.61568630
0.63137257
0.64705884
0.65882355
0.66666669
0.67450982
0.67450982
0.67843139
0.69411767
0.69411767
0.70196080
0.70980394
0.70980394
0.70980394
0.70588237
0.46274510
0.47058824
0.48627451
0.49803922
0.51372552
0.54509807
0.55686277
0.56078434
0.65882355
0.60000002
0.60000002
0.70588237
0.71372551
0.68235296
0.63137257
0.61568630
0.63137257
0.63137257
0.64313728
0.66274512
0.67450982
0.68235296
0.68627453
0.68627453
0.68627453
0.70980394
0.70980394
0.71372551
0.72156864
0.71764708
0.71764708
0.71764708
0.47450981
0.48235294
0.49411765
0.50588238
0.51764709
0.54901963
0.56078434
0.57254905
0.71764708
0.67058825
0.57254905
0.46274510
0.45882353
0.61568630
0.68627453
0.62745100
0.63137257
0.63921571
0.65490198
0.67058825
0.68235296
0.68627453
0.69019610
0.69411767
0.69411767
0.70980394
0.72156864
0.72549021
0.72549021
0.72156864
0.72156864
0.72156864
0.49411765
0.49411765
0.50588238
0.51372552
0.51764709
0.54901963
0.56862748
0.57647061
0.58823532
0.61568630
0.47450981
0.15294118
0.09803922
0.26666668
0.60000002
0.67450982
0.63921571
0.65098041
0.66274512
0.67058825
0.67843139
0.69019610
0.69803923
0.70196080
0.70588237
0.71372551
0.72549021
0.72941178
0.72549021
0.72549021
0.72549021
0.72549021
0.49803922
0.50588238
0.51372552
0.52156866
0.52549022
0.54509807
0.56862748
0.56862748
0.49019608
0.52941179
0.36470589
0.10196079
0.04313726
0.07058824
0.35294119
0.65490198
0.65490198
0.65098041
0.67058825
0.67843139
0.68235296
0.68627453
0.69019610
0.69803923
0.70980394
0.71764708
0.72549021
0.73333335
0.72941178
0.73333335
0.73725492
0.73333335
0.49803922
0.50588238
0.51764709
0.52156866
0.53333336
0.54901963
0.56078434
0.56862748
0.54117650
0.56078434
0.34901962
0.03529412
0.01960784
0.02745098
0.16078432
0.55686277
0.68627453
0.65490198
0.68235296
0.69019610
0.69019610
0.68235296
0.68235296
0.69019610
0.70588237
0.71764708
0.72549021
0.73725492
0.73725492
0.73725492
0.74509805
0.74117649
0.49803922
0.50588238
0.51764709
0.52156866
0.53333336
0.54509807
0.55686277
0.56470591
0.56470591
0.58431375
0.40392157
0.03921569
0.01176471
0.00784314
0.07843138
0.44705883
0.74901962
0.67058825
0.67058825
0.68627453
0.68627453
0.68235296
0.68235296
0.69411767
0.70196080
0.71372551
0.72156864
0.73725492
0.74117649
0.74117649
0.74509805
0.74509805
0.49803922
0.50588238
0.51764709
0.52156866
0.52941179
0.54117650
0.55294120
0.56862748
0.58039218
0.60000002
0.36862746
0.03137255
0.01176471
0.00000000
0.12156863
0.54509807
0.77647060
0.70588237
0.65882355
0.67058825
0.68235296
0.68235296
0.68627453
0.69411767
0.69803923
0.70980394
0.71372551
0.73725492
0.74509805
0.74117649
0.74509805
0.74901962
0.50196081
0.50196081
0.50588238
0.52156866
0.52941179
0.53725493
0.54901963
0.56470591
0.58431375
0.58823532
0.27450982
0.01176471
0.01176471
0.04313726
0.19215687
0.58431375
0.72156864
0.68627453
0.66274512
0.65098041
0.67058825
0.67843139
0.67843139
0.68627453
0.69019610
0.70196080
0.71764708
0.72941178
0.73725492
0.73725492
0.74509805
0.74901962
0.49411765
0.49411765
0.49803922
0.51372552
0.52941179
0.53333336
0.54509807
0.56078434
0.57647061
0.56862748
0.26274511
0.01176471
0.11764706
0.25098041
0.29803923
0.49411765
0.59607846
0.55686277
0.57647061
0.64705884
0.65098041
0.66666669
0.67450982
0.68235296
0.68627453
0.69803923
0.71372551
0.72549021
0.73333335
0.73333335
0.74117649
0.74509805
0.47843137
0.48627451
0.49411765
0.50980395
0.52156866
0.52941179
0.54117650
0.55686277
0.57254905
0.56078434
0.30588236
0.14901961
0.34509805
0.41176471
0.40784314
0.49803922
0.43529412
0.40784314
0.49803922
0.62745100
0.63529414
0.65882355
0.67058825
0.67843139
0.68235296
0.69411767
0.70980394
0.71764708
0.72549021
0.72941178
0.73725492
0.74509805
0.47058824
0.47843137
0.49019608
0.50588238
0.51764709
0.52941179
0.54117650
0.55294120
0.56862748
0.56470591
0.36862746
0.30196080
0.41568628
0.41960785
0.43137255
0.50196081
0.43137255
0.28627452
0.32941177
0.49019608
0.61960787
0.64705884
0.66666669
0.67450982
0.67843139
0.69019610
0.70588237
0.71764708
0.72549021
0.72549021
0.73333335
0.74117649
0.46274510
0.47450981
0.49019608
0.50196081
0.51764709
0.52941179
0.54509807
0.55294120
0.56862748
0.58039218
0.43137255
0.28627452
0.32549021
0.39607844
0.44313726
0.48627451
0.43529412
0.23921569
0.23137255
0.33725491
0.57647061
0.64705884
0.66274512
0.67450982
0.68235296
0.69019610
0.69803923
0.71372551
0.72156864
0.72549021
0.72941178
0.73725492
0.45882353
0.46666667
0.48627451
0.49803922
0.51372552
0.52941179
0.54117650
0.55294120
0.56470591
0.57647061
0.50588238
0.29803923
0.25098041
0.34117648
0.43529412
0.44705883
0.43529412
0.32156864
0.23529412
0.26666668
0.46666667
0.62745100
0.65882355
0.67450982
0.68627453
0.69411767
0.69803923
0.71764708
0.72156864
0.72156864
0.72156864
0.72941178
0.45490196
0.46274510
0.48235294
0.49411765
0.50980395
0.52549022
0.53725493
0.54509807
0.55686277
0.56078434
0.54509807
0.38823530
0.27058825
0.30196080
0.36862746
0.37647060
0.40784314
0.45098040
0.33725491
0.23921569
0.33725491
0.53333336
0.64705884
0.67450982
0.67843139
0.68627453
0.69411767
0.70980394
0.71764708
0.71764708
0.71764708
0.72156864
0.44705883
0.45882353
0.47450981
0.48627451
0.50588238
0.51764709
0.52549022
0.54117650
0.54901963
0.54901963
0.55686277
0.49019608
0.36078432
0.30980393
0.28235295
0.30196080
0.40784314
0.51764709
0.55686277
0.41176471
0.28627452
0.40784314
0.60392159
0.66666669
0.67058825
0.67843139
0.68235296
0.69411767
0.70196080
0.70588237
0.70588237
0.70980394
0.44313726
0.45490196
0.47450981
0.48627451
0.50196081
0.51372552
0.52549022
0.53725493
0.54901963
0.54901963
0.55686277
0.54901963
0.47058824
0.38431373
0.27450982
0.27058825
0.40000001
0.48627451
0.56862748
0.59607846
0.32941177
0.27450982
0.55294120
0.64705884
0.66274512
0.67450982
0.68627453
0.69019610
0.69803923
0.70196080
0.70196080
0.69411767
0.43921569
0.45098040
0.47450981
0.48627451
0.49411765
0.50588238
0.51764709
0.53725493
0.55294120
0.54901963
0.55294120
0.56078434
0.54117650
0.51372552
0.40392157
0.30980393
0.33725491
0.45490196
0.57647061
0.64313728
0.47450981
0.34117648
0.35294119
0.47058824
0.64313728
0.67450982
0.67843139
0.69019610
0.69411767
0.69411767
0.69411767
0.69019610
0.43529412
0.44705883
0.47450981
0.48627451
0.49019608
0.53333336
0.54509807
0.53333336
0.53725493
0.54901963
0.54901963
0.55686277
0.56078434
0.56078434
0.52156866
0.48235294
0.44313726
0.44705883
0.56470591
0.58039218
0.53725493
0.65490198
0.36862746
0.25098041
0.58823532
0.67058825
0.67058825
0.67843139
0.68235296
0.67843139
0.67843139
0.68627453
0.45882353
0.47058824
0.48627451
0.49019608
0.54509807
0.67450982
0.69411767
0.57254905
0.51372552
0.53725493
0.53725493
0.54117650
0.55686277
0.56470591
0.54509807
0.54509807
0.46666667
0.46274510
0.58431375
0.53333336
0.55686277
0.62745100
0.47058824
0.30588236
0.54901963
0.64313728
0.67450982
0.68235296
0.67843139
0.67058825
0.67450982
0.68627453
0.45490196
0.47450981
0.50196081
0.58039218
0.62352943
0.69019610
0.71372551
0.58431375
0.50980395
0.52941179
0.53333336
0.54117650
0.55294120
0.55294120
0.56078434
0.49411765
0.36470589
0.44705883
0.54509807
0.60784316
0.58431375
0.56470591
0.46666667
0.29803923
0.39607844
0.59215689
0.65098041
0.67058825
0.67058825
0.66666669
0.67058825
0.68235296
0.52156866
0.66274512
0.66274512
0.73725492
0.72941178
0.67450982
0.63137257
0.54117650
0.50980395
0.52941179
0.53333336
0.54509807
0.55294120
0.54901963
0.54117650
0.44313726
0.47058824
0.49411765
0.48235294
0.58823532
0.61568630
0.62745100
0.59215689
0.50196081
0.32941177
0.42745098
0.59607846
0.64313728
0.66274512
0.66274512
0.66666669
0.67058825
0.70980394
0.92941177
0.89019608
0.87843138
0.81960785
0.66274512
0.62352943
0.54509807
0.50980395
0.52549022
0.53725493
0.54901963
0.54901963
0.52941179
0.50588238
0.48627451
0.54117650
0.50196081
0.51764709
0.59215689
0.61568630
0.61568630
0.61176473
0.61568630
0.50196081
0.32549021
0.42352942
0.60784316
0.65098041
0.66274512
0.66274512
0.67450982
0.81568629
0.93333334
0.92549020
0.97254902
0.89803922
0.64313728
0.61176473
0.58039218
0.51764709
0.52549022
0.54117650
0.55294120
0.52941179
0.49019608
0.52549022
0.51372552
0.51764709
0.52941179
0.57254905
0.58431375
0.59215689
0.59607846
0.59607846
0.60784316
0.61568630
0.49019608
0.36862746
0.56470591
0.66666669
0.65490198
0.65098041
0.67843139
0.76862746
0.86274511
0.92156863
0.94901961
0.89803922
0.70196080
0.66666669
0.59607846
0.52549022
0.52156866
0.53333336
0.54509807
0.50980395
0.48627451
0.58039218
0.50980395
0.49411765
0.56078434
0.58823532
0.58039218
0.57647061
0.58431375
0.59607846
0.61176473
0.62745100
0.62745100
0.58039218
0.59215689
0.65490198
0.66274512
0.65490198
0.64313728
0.71764708
0.66274512
0.81960785
0.92549020
0.91372550
0.87058824
0.77254903
0.60392159
0.55686277
0.52941179
0.54117650
0.54901963
0.44705883
0.36862746
0.53333336
0.54509807
0.50196081
0.56862748
0.59607846
0.58823532
0.58039218
0.58823532
0.60392159
0.62352943
0.62745100
0.65882355
0.71764708
0.64313728
0.63529414
0.71372551
0.70588237
0.65098041
0.74901962
0.51764709
0.69803923
0.91764706
0.86666667
0.95686275
0.85882354
0.64313728
0.70588237
0.67843139
0.60784316
0.60392159
0.38823530
0.35294119
0.44705883
0.46666667
0.52941179
0.57647061
0.58823532
0.59215689
0.59215689
0.59215689
0.60392159
0.61568630
0.62352943
0.64705884
0.72156864
0.67843139
0.65882355
0.78431374
0.80784315
0.73333335
0.82745099
0.71372551
0.80392158
0.91372550
0.86274511
0.90980393
0.89411765
0.78431374
0.87843138
0.85490197
0.70196080
0.70588237
0.47058824
0.45490196
0.43921569
0.39607844
0.54117650
0.57647061
0.58039218
0.58823532
0.59607846
0.59607846
0.59607846
0.60392159
0.60784316
0.62352943
0.67843139
0.66666669
0.70588237
0.84313726
0.81568629
0.71372551
0.88235295
0.87450981
0.89803922
0.92549020
0.91764706
0.92941177
0.90980393
0.89411765
0.93333334
0.87450981
0.64705884
0.65098041
0.50588238
0.47450981
0.56078434
0.53725493
0.56470591
0.58431375
0.58823532
0.60000002
0.60784316
0.60784316
0.60784316
0.60392159
0.61960787
0.65098041
0.67843139
0.67058825
0.72156864
0.83921570
0.71764708
0.63137257
0.78431374
0.89803922
0.89411765
0.90196079
0.90980393
0.90588236
0.85098040
0.88627452
0.90980393
0.90588236
0.73725492
0.55686277
0.38431373
0.28235295
0.49803922
0.65490198
0.58431375
0.57647061
0.58823532
0.60392159
0.61176473
0.61176473
0.60392159
0.60784316
0.67843139
0.70196080
0.65882355
0.63529414
0.74901962
0.76862746
0.59215689
0.60000002
0.20784314
0.20784314
0.21568628
0.23921569
0.26274511
0.28235295
0.29019609
0.30588236
0.32156864
0.33725491
0.34117648
0.33725491
0.32941177
0.32941177
0.34901962
0.36470589
0.37647060
0.37647060
0.39215687
0.41568628
0.41960785
0.42745098
0.43921569
0.44705883
0.46274510
0.47450981
0.48627451
0.50196081
0.50980395
0.51372552
0.51372552
0.51764709
0.21960784
0.22352941
0.23529412
0.25490198
0.27843139
0.29803923
0.30588236
0.32156864
0.33725491
0.35294119
0.36470589
0.37254903
0.37647060
0.37254903
0.35294119
0.36470589
0.37647060
0.38431373
0.40784314
0.43529412
0.44313726
0.45098040
0.46274510
0.46666667
0.48627451
0.49411765
0.50196081
0.51764709
0.52941179
0.52941179
0.52941179
0.52941179
0.22352941
0.23137255
0.24705882
0.26666668
0.28627452
0.30588236
0.31372550
0.32941177
0.35686275
0.36078432
0.38039216
0.43137255
0.45490196
0.43137255
0.38039216
0.37254903
0.37254903
0.38431373
0.41960785
0.44313726
0.45490196
0.46274510
0.47058824
0.47450981
0.49411765
0.51764709
0.51372552
0.52156866
0.53333336
0.53725493
0.53725493
0.53333336
0.23137255
0.24313726
0.25882354
0.27058825
0.29019609
0.31372550
0.32156864
0.34117648
0.45490196
0.41176471
0.43137255
0.57254905
0.61568630
0.59607846
0.47843137
0.40392157
0.38431373
0.39215687
0.43137255
0.45882353
0.47058824
0.47843137
0.48235294
0.48627451
0.50588238
0.52941179
0.52941179
0.53333336
0.54117650
0.54509807
0.54509807
0.54509807
0.24705882
0.25490198
0.26666668
0.28235295
0.29803923
0.32156864
0.32549021
0.35686275
0.52549022
0.50196081
0.43921569
0.38039216
0.41960785
0.60000002
0.61960787
0.47058824
0.40000001
0.40000001
0.43921569
0.46666667
0.47843137
0.48235294
0.48627451
0.49411765
0.51372552
0.52941179
0.54117650
0.54509807
0.54901963
0.54901963
0.54901963
0.54901963
0.26274511
0.26666668
0.27843139
0.29019609
0.29803923
0.31764707
0.32941177
0.35686275
0.40000001
0.45882353
0.36470589
0.10588235
0.10196079
0.30588236
0.60000002
0.57254905
0.42745098
0.40784314
0.44313726
0.46274510
0.47450981
0.48627451
0.49411765
0.50196081
0.52156866
0.53333336
0.54509807
0.54901963
0.54509807
0.55294120
0.55294120
0.55294120
0.26274511
0.27058825
0.27843139
0.29019609
0.30196080
0.31764707
0.33333334
0.34901962
0.28235295
0.35294119
0.26274511
0.07450981
0.05882353
0.11372549
0.38823530
0.61176473
0.50196081
0.42745098
0.42745098
0.45490196
0.47843137
0.49803922
0.50980395
0.51764709
0.52549022
0.53333336
0.54509807
0.54901963
0.54901963
0.56078434
0.56470591
0.56078434
0.25882354
0.27058825
0.28235295
0.28627452
0.30196080
0.31764707
0.32941177
0.33725491
0.30980393
0.34901962
0.24705882
0.03137255
0.03529412
0.05490196
0.19215687
0.54117650
0.57647061
0.44313726
0.41176471
0.44705883
0.47843137
0.49803922
0.51372552
0.52156866
0.52156866
0.53333336
0.54117650
0.54901963
0.55686277
0.56470591
0.57254905
0.56862748
0.26274511
0.27450982
0.28627452
0.29019609
0.30196080
0.31372550
0.32549021
0.33333334
0.32941177
0.36078432
0.30196080
0.04705882
0.04705882
0.04313726
0.10196079
0.42745098
0.65098041
0.47058824
0.40784314
0.44313726
0.46274510
0.47450981
0.49411765
0.50980395
0.51764709
0.52941179
0.53725493
0.55294120
0.56078434
0.56470591
0.57254905
0.57254905
0.26666668
0.27843139
0.29019609
0.29411766
0.29803923
0.30980393
0.32156864
0.33725491
0.34509805
0.37647060
0.26274511
0.03529412
0.04313726
0.03137255
0.15686275
0.55294120
0.72156864
0.57254905
0.46666667
0.44705883
0.44313726
0.44313726
0.46274510
0.49019608
0.50980395
0.52549022
0.52941179
0.54901963
0.56470591
0.56862748
0.57254905
0.57647061
0.27843139
0.28235295
0.28627452
0.29803923
0.30196080
0.30588236
0.31764707
0.33333334
0.34509805
0.35686275
0.16470589
0.00392157
0.01568628
0.04705882
0.23529412
0.62745100
0.73725492
0.65882355
0.57254905
0.45882353
0.43137255
0.41568628
0.43921569
0.47843137
0.50588238
0.51764709
0.53333336
0.54509807
0.55686277
0.56470591
0.57254905
0.57647061
0.27843139
0.28627452
0.29019609
0.30196080
0.30196080
0.30196080
0.31372550
0.32941177
0.34117648
0.33725491
0.14509805
0.00000000
0.06666667
0.17254902
0.28235295
0.51372552
0.61960787
0.57647061
0.55686277
0.50196081
0.42352942
0.40000001
0.43137255
0.48235294
0.50196081
0.51372552
0.52941179
0.53725493
0.54901963
0.56078434
0.56862748
0.57254905
0.27450982
0.28235295
0.29019609
0.30196080
0.29803923
0.29803923
0.30980393
0.32549021
0.33725491
0.32941177
0.16470589
0.06666667
0.20784314
0.23529412
0.26666668
0.40392157
0.39215687
0.39607844
0.47843137
0.50980395
0.43137255
0.40392157
0.43921569
0.49019608
0.49803922
0.50980395
0.52549022
0.53333336
0.54509807
0.55686277
0.56470591
0.57254905
0.26666668
0.27843139
0.29019609
0.30196080
0.29411766
0.29411766
0.30588236
0.32156864
0.32941177
0.32156864
0.19607843
0.15294118
0.21960784
0.18039216
0.19607843
0.30980393
0.30588236
0.21960784
0.28627452
0.40784314
0.44313726
0.40392157
0.43921569
0.48627451
0.49019608
0.49803922
0.51372552
0.52549022
0.53725493
0.54901963
0.55686277
0.56862748
0.26274511
0.27450982
0.29019609
0.29803923
0.29411766
0.29803923
0.30980393
0.31764707
0.32156864
0.31764707
0.21176471
0.09411765
0.11372549
0.15686275
0.21176471
0.27058825
0.25882354
0.13725491
0.18823530
0.27843139
0.43529412
0.42352942
0.43137255
0.46666667
0.47843137
0.48627451
0.49411765
0.50980395
0.52549022
0.54117650
0.54509807
0.55294120
0.25490198
0.26666668
0.28627452
0.29411766
0.29019609
0.29803923
0.30588236
0.30980393
0.31764707
0.32549021
0.27450982
0.09019608
0.04705882
0.12941177
0.21568628
0.22352941
0.22745098
0.17647059
0.14117648
0.19607843
0.36470589
0.47450981
0.45098040
0.44705883
0.47450981
0.48627451
0.49019608
0.50588238
0.52156866
0.53725493
0.53725493
0.54509807
0.25098041
0.26274511
0.28235295
0.29019609
0.28627452
0.29019609
0.30196080
0.30588236
0.31372550
0.32941177
0.31764707
0.17254902
0.07450981
0.11764706
0.15294118
0.13725491
0.17254902
0.24313726
0.16862746
0.12941177
0.27058825
0.45490196
0.47058824
0.43137255
0.46666667
0.47843137
0.48627451
0.50196081
0.51764709
0.53333336
0.53333336
0.53725493
0.24705882
0.25882354
0.27450982
0.28627452
0.28235295
0.28627452
0.29019609
0.30196080
0.30980393
0.32941177
0.32941177
0.26666668
0.16470589
0.14117648
0.07058824
0.06274510
0.15686275
0.27058825
0.32941177
0.25882354
0.22352941
0.37254903
0.46274510
0.42745098
0.45882353
0.47058824
0.47450981
0.48627451
0.49803922
0.52156866
0.52156866
0.52549022
0.24313726
0.25490198
0.27450982
0.28235295
0.27843139
0.28235295
0.28627452
0.29411766
0.30980393
0.32549021
0.32549021
0.30980393
0.25882354
0.20000000
0.07058824
0.04705882
0.16470589
0.23529412
0.31764707
0.40392157
0.23137255
0.22352941
0.43921569
0.44705883
0.45098040
0.47058824
0.47843137
0.47843137
0.49411765
0.51372552
0.51764709
0.50980395
0.23529412
0.25098041
0.27450982
0.28235295
0.27058825
0.27450982
0.27843139
0.29411766
0.30980393
0.30980393
0.30980393
0.31372550
0.30196080
0.28627452
0.20000000
0.11764706
0.13333334
0.23137255
0.33333334
0.42745098
0.31372550
0.23137255
0.24705882
0.32941177
0.44313726
0.46666667
0.47450981
0.48235294
0.49411765
0.50980395
0.50980395
0.50588238
0.23137255
0.24313726
0.27058825
0.27843139
0.26666668
0.29803923
0.30196080
0.28627452
0.29411766
0.29411766
0.29411766
0.30588236
0.30196080
0.30196080
0.32549021
0.31764707
0.27450982
0.25882354
0.35686275
0.35294119
0.31764707
0.47450981
0.25882354
0.15686275
0.40000001
0.45882353
0.46274510
0.46666667
0.47843137
0.49019608
0.49411765
0.49803922
0.25098041
0.22745098
0.22745098
0.23921569
0.30196080
0.40392157
0.39607844
0.29803923
0.27450982
0.28235295
0.28627452
0.30196080
0.30196080
0.29803923
0.32549021
0.36078432
0.31372550
0.33333334
0.45490196
0.34509805
0.34509805
0.42745098
0.32156864
0.18823530
0.38823530
0.43921569
0.43921569
0.43921569
0.44705883
0.46274510
0.47058824
0.49019608
0.27058825
0.25882354
0.25490198
0.31372550
0.36078432
0.38823530
0.38431373
0.29019609
0.27058825
0.27450982
0.27843139
0.30588236
0.31372550
0.30588236
0.33333334
0.29803923
0.20392157
0.32941177
0.43529412
0.41960785
0.36862746
0.34509805
0.27058825
0.13333334
0.23137255
0.39607844
0.41568628
0.41960785
0.42745098
0.44313726
0.45882353
0.47843137
0.37647060
0.54117650
0.49411765
0.49803922
0.45490196
0.35686275
0.29019609
0.23921569
0.27058825
0.27450982
0.27058825
0.29803923
0.31764707
0.32941177
0.33333334
0.25098041
0.29803923
0.35294119
0.33333334
0.36470589
0.36470589
0.38039216
0.36470589
0.29411766
0.14117648
0.23921569
0.39215687
0.41568628
0.42352942
0.43529412
0.45098040
0.46274510
0.58431375
0.87450981
0.79607844
0.68627453
0.55294120
0.34117648
0.27843139
0.23921569
0.26274511
0.27450982
0.26666668
0.29019609
0.32549021
0.34509805
0.32941177
0.30980393
0.36470589
0.32549021
0.32941177
0.35294119
0.35686275
0.35686275
0.36862746
0.38431373
0.28627452
0.13725491
0.24313726
0.39607844
0.41176471
0.41960785
0.43529412
0.46274510
0.69019610
0.87843138
0.86274511
0.84313726
0.69019610
0.35294119
0.28235295
0.26274511
0.25490198
0.28235295
0.27058825
0.28235295
0.32941177
0.35686275
0.39215687
0.35686275
0.33725491
0.32941177
0.34901962
0.34117648
0.34117648
0.34509805
0.35686275
0.36862746
0.37647060
0.28627452
0.18823530
0.35294119
0.42352942
0.40784314
0.41568628
0.45882353
0.61960787
0.75294119
0.84705883
0.88627452
0.76470590
0.47450981
0.36470589
0.27450982
0.24705882
0.28627452
0.27058825
0.27450982
0.32941177
0.40000001
0.48627451
0.38039216
0.31764707
0.33333334
0.33725491
0.33725491
0.33725491
0.34117648
0.35686275
0.36470589
0.37254903
0.40000001
0.36862746
0.36862746
0.40784314
0.40784314
0.41176471
0.41960785
0.53725493
0.47843137
0.71764708
0.91764706
0.85490197
0.70196080
0.50196081
0.29019609
0.26666668
0.30588236
0.28627452
0.29019609
0.28627452
0.31764707
0.47058824
0.43529412
0.32549021
0.32941177
0.32549021
0.33725491
0.33725491
0.34117648
0.35294119
0.36470589
0.36470589
0.40000001
0.47058824
0.40000001
0.38039216
0.45490196
0.45882353
0.42352942
0.56862748
0.32549021
0.58039218
0.90196079
0.81960785
0.82352942
0.65098041
0.40784314
0.49411765
0.50980395
0.40784314
0.39215687
0.25098041
0.30980393
0.40392157
0.36078432
0.34117648
0.32941177
0.32549021
0.33725491
0.34117648
0.34509805
0.35294119
0.36470589
0.36078432
0.37254903
0.44313726
0.40784314
0.40784314
0.55294120
0.57254905
0.49803922
0.66274512
0.54901963
0.69411767
0.86274511
0.78823531
0.78823531
0.74509805
0.64313728
0.76470590
0.75294119
0.56078434
0.54509807
0.35686275
0.40784314
0.41176471
0.29019609
0.33333334
0.32941177
0.32941177
0.34117648
0.34901962
0.34901962
0.34901962
0.35686275
0.35294119
0.33725491
0.38039216
0.38431373
0.46666667
0.64705884
0.59215689
0.47450981
0.72941178
0.72941178
0.79607844
0.86666667
0.83921570
0.81176472
0.77647060
0.77254903
0.84705883
0.79215688
0.50980395
0.48627451
0.39215687
0.43921569
0.53725493
0.43137255
0.35294119
0.33725491
0.33725491
0.35294119
0.36078432
0.36078432
0.35686275
0.35686275
0.35686275
0.35686275
0.37647060
0.39215687
0.48627451
0.64705884
0.49019608
0.37647060
0.63921571
0.77647060
0.80392158
0.84313726
0.83137256
0.80000001
0.72549021
0.77647060
0.82745099
0.83137256
0.60000002
0.38039216
0.26666668
0.25490198
0.47450981
0.54509807
0.38039216
0.33333334
0.34117648
0.35686275
0.36470589
0.36862746
0.35686275
0.36078432
0.41176471
0.41568628
0.36470589
0.37254903
0.52549022
0.57254905
0.36078432
0.34117648
1 0 -1 0 0 0 0 0 0 0 0
0 1 -1 0 0 0 0 0 0 0 0
0 0 -1 1 0 0 0 0 0 0 0
0 0 -1 0 1 0 0 0 0 0 0
0 0 -1 0 0 1 0 0 0 0 0
0 0 -1 0 0 0 1 0 0 0 0
0 0 -1 0 0 0 0 1 0 0 0
0 0 -1 0 0 0 0 0 1 0 0
0 0 -1 0 0 0 0 0 0 1 0
